336
t_index	tf-idf
33	0.021240294303649702
43	0.02339300914450209
44	0.008611200499470575
81	0.02461747314516758
90	0.02734405510553584
95	0.030721233947053714
97	0.02536853212501896
127	0.02536853212501896
189	0.03562631262544103
190	0.017813156312720516
222	0.013329616935894864
231	0.013685412858879139
277	0.00949430656308261
278	0.009717989607914859
319	0.010420244448482718
320	0.020765241586111448
355	0.056965839378495656
393	0.04942146889215288
433	0.026803020834025654
434	0.017212518580982203
441	0.030721233947053714
464	0.02241529352243177
469	0.0209163217958929
614	0.03572623092426365
680	0.01903811468091389
726	0.06094798240186131
735	0.018415279921412564
738	0.008092650702081606
748	0.029326256961898913
875	0.025020827280194145
880	0.011962394003836913
950	0.03027306700352714
983	0.0069310551758433835
1023	0.008357380654950676
1077	0.03764307012456125
1110	0.040031660605968425
1116	0.008482637917429574
1235	0.02638853651122854
1301	0.0051436729123298846
1314	0.02734405510553584
1351	0.0173672058324071
1398	0.02734405510553584
1422	0.0202943197656104
1465	0.012748130988920567
1497	0.01898861312616522
1524	0.034425037161964406
1555	0.023128878204115536
1561	0.06463564805042216
1589	0.012934353879027756
1591	0.016125309830438445
1654	0.011196548247334376
1776	0.030721233947053714
1804	0.020015830302984212
1840	0.05554378889548035
1915	0.023966876264017962
2057	0.005260146327336593
2069	0.014913432004450783
2105	0.019502488671956326
2118	0.02461747314516758
2130	0.014941617943575647
2219	0.025020827280194145
2269	0.014485936620613949
2271	0.04664368895350723
2305	0.018821535062280625
2472	0.6261195173280272
2506	0.014010883903075692
2603	0.0202943197656104
2613	0.01926477132313283
2616	0.020015830302984212
2634	0.012174263869404695
2689	0.011377022182005415
2712	0.013990026990889224
2820	0.05073706425003792
2853	0.03355181342317613
2891	0.0050049969772099365
2892	0.014573727088852255
2899	0.018821535062280625
2917	0.013912069501098075
2918	0.008432147940557229
2928	0.013468833240245873
2941	0.03412518340079403
2984	0.030721233947053714
3040	0.030721233947053714
3093	0.012228702862201905
3144	0.02058969742250008
3167	0.004048797379453788
3193	0.007999843340487537
3241	0.010692073296036265
3245	0.02461747314516758
3250	0.021991353283501085
3253	0.030721233947053714
3320	0.016775906711588066
3356	0.016125309830438445
3432	0.04168097779393087
3438	0.011285949639431579
3439	0.012452753332030882
3442	0.015038101079894685
3462	0.02339300914450209
3467	0.02241529352243177
3583	0.02339300914450209
3658	0.022879667513474203
3671	0.015339572845354792
3707	0.02339300914450209
3735	0.04426260307056988
3806	0.023966876264017962
3808	0.00874324758323123
3812	0.018614174441983208
3917	0.017062591700397017
3981	0.04007578069343582
3987	0.019752401869868267
3989	0.02734405510553584
4063	0.021991353283501085
4078	0.030473991200930656
4126	0.02734405510553584
4130	0.006070503067518561
4138	0.036043512031117046
4144	0.012871485404600485
4193	0.018224187226635238
4260	0.01722240099894115
4276	0.010937784476295037
4283	0.0202943197656104
4298	0.007954094279788472
4301	0.02241529352243177
4304	0.00874324758323123
4334	0.017526965691439446
4337	0.020904144532957324
4358	0.010813380122206387
4366	0.016125309830438445
4413	0.06550089211340156
4415	0.02574297080920097
4426	0.02485123019057679
4436	0.028299573699843143
4457	0.017636333956025586
4466	0.01903811468091389
4467	0.03572623092426365
4474	0.030721233947053714
4480	0.028745710966536844
4518	0.030721233947053714
4521	0.023966876264017962
4528	0.02625684635499208
4572	0.022571899278863158
4581	0.030721233947053714
4587	0.005326077498040839
4596	0.1235381845350005
4640	0.007456716002225391
4644	0.01349982036012871
4645	0.028629926635625833
4695	0.013329616935894864
4696	0.04678601828900418
4708	0.023658798567009268
4709	0.03806281650129775
4711	0.04923494629033516
4798	0.057259853271251666
4927	0.02536853212501896
4941	0.028745710966536844
4949	0.02125127878483646
4952	0.030721233947053714
4970	0.00811613141821112
5083	0.5804590787865421
5089	0.021601366068153115
5101	0.02536853212501896
5185	0.019502488671956326
5196	0.02625684635499208
5216	0.009191585665666718
5314	0.024348394254633362
5369	0.006085995096999617
5448	0.011859816758947454
5450	0.021626760244412773
5544	0.0065071149369127
5725	0.01005647562375718
5762	0.01926477132313283
5896	0.01319426825561427
6102	0.014399700047833513
6203	0.030721233947053714
6251	0.03505393138287889
6298	0.020616468034722522
6315	0.013835339739464325
6388	0.014471338615706937
6554	0.007484034102657766
6577	0.04398270656700217
6625	0.00719653464631517
6660	0.011859816758947454
6666	0.030721233947053714
6696	0.010198740888887819
6708	0.01671330613342735
6726	0.02820449760446562
6763	0.012228702862201905
6786	0.028745710966536844
6798	0.007456716002225391
6805	0.007775276442742777
6824	0.025496261977841134
6909	0.025428752225310044
6958	0.016616331398914184
6959	0.013428951114420233
6986	0.012228702862201905
7001	0.011226329604254818
7109	0.19994425403842295
7165	0.011660922238376807
7254	0.02058969742250008
7379	0.02241529352243177
7426	0.017062591700397017
7591	0.014276831592281606
7735	0.015038101079894685
7797	0.02536853212501896
7803	0.05051129069890333
7832	0.007415772575008116
7862	0.058157159896199635
7881	0.01926477132313283
7906	0.015444356220762748
7975	0.009817089414096392
8060	0.014123973895795859
8103	0.026857902228840467
8110	0.0173672058324071
8281	0.028745710966536844
8343	0.0202943197656104
8351	0.018415279921412564
8397	0.015887592481614952
8407	0.012568764507184598
8427	0.02536853212501896
8665	0.06184940410416757
8666	0.02914745417770451
8687	0.02734405510553584
8709	0.11093753573202134
8712	0.02461747314516758
8775	0.011065448701337669
8891	0.01903811468091389
8901	0.021240294303649702
8905	0.010854496308546697
8941	0.028745710966536844
8962	0.02339300914450209
9036	0.02099274946872928
9044	0.04320273213630623
9067	0.013539962082574644
9096	0.017212518580982203
9113	0.012934353879027756
9174	0.017692142159330796
9186	0.03148912420309392
9261	0.009104319347734643
9276	0.011377022182005415
9280	0.011612441846670856
9558	0.028745710966536844
9573	0.02058969742250008
9587	0.016775906711588066
9606	0.016248664246118365
9652	0.008235263005152978
9665	0.015236995600465328
9692	0.013990026990889224
9718	0.036448374453270475
9752	0.018040307322467336
9783	0.011022521206315635
9826	0.014161964112857143
9891	0.013828660863618124
9956	0.030721233947053714
9991	0.026659233871789728
10005	0.030721233947053714
10066	0.0405886395312208
10102	0.012871485404600485
10109	0.0405886395312208
10116	0.017868680556017105
10132	0.041970080972667675
10161	0.0173672058324071
10209	0.0684749414325066
10217	0.04474029601335235
10255	0.017526965691439446
10337	0.01903811468091389
10345	0.020015830302984212
10348	0.015339572845354792
10357	0.02351870932049139
10367	0.02574297080920097
10419	0.010234965882279415
10452	0.005669819384280884
10476	0.012568764507184598
10518	0.021601366068153115
10552	0.03608061464493467
10557	0.02625684635499208
10558	0.008069282603728441
10570	0.016505157106295406
10589	0.04575933502694841
10621	0.02734405510553584
10671	0.011910835436288751
10739	0.014485936620613949
10753	0.02536853212501896
10867	0.046702977094383064
10948	0.010520292654673186
11024	0.02058969742250008
11039	0.018415279921412564
11124	0.040031660605968425
11153	0.008235263005152978
11291	0.02058969742250008
11305	0.016924229237891514
11319	0.02339300914450209
11516	0.030581369459191033
11519	0.029857314283130966
11544	0.005756055957061319
11578	0.02241529352243177
11581	0.018821535062280625
11592	0.003878176307931913
11595	0.028745710966536844
11608	0.017526965691439446
11612	0.014941617943575647
11627	0.011564439102057768
11682	0.012998044186832512
11689	0.01691714092409252
11786	0.021240294303649702
11795	0.012510413640097072
11876	0.027414670382237702
11889	0.004622664498969659
12024	0.028745710966536844
12031	0.04320273213630623
12170	0.03201000303248742
12193	0.00616420286233554
12202	0.016125309830438445
12329	0.019973742046640076
12385	0.03275044605670078
12427	0.0405886395312208
12476	0.01339872787007019
12517	0.014485936620613949
12520	0.023321844476753614
12537	0.012455371407949256
12554	0.02058969742250008
12566	0.0051436729123298846
12581	0.007216062685149844
12584	0.009370952147402689
12616	0.02536853212501896
12643	0.02625595652955506
12648	0.023966876264017962
12651	0.01926477132313283
12667	0.018415279921412564
12674	0.049357761349184154
12698	0.011516904684370293
12719	0.026886784487334486
12790	0.014941617943575647
12827	0.018040307322467336
12829	0.012418502820566266
12839	0.009191585665666718
12841	0.017863115462131825
