96
t_index	tf-idf
15	0.051475956833964484
17	0.08021634427998246
361	0.12167607381316485
433	0.059651244448919796
469	0.06982522411252859
497	0.08238582245794812
721	0.09186902961267775
722	0.10456220414551871
754	0.12862366416436558
960	0.11926533284989399
1123	0.05855461982826888
1240	0.09455413123812322
1273	0.06097918868396462
1301	0.03434237791613061
1511	0.04288565719785969
1607	0.1825660165798635
1879	0.07008036358859301
1944	0.1208068387599752
2430	0.05235520269395409
2584	0.08238582245794812
2615	0.04603054850147592
2909	0.03171888199932526
2952	0.39563817217473723
3181	0.061368775573218404
3193	0.05341195833240105
3343	0.08471039087694786
3432	0.13914414035559683
3442	0.1004037696854223
3692	0.07330913893265233
3817	0.07416901586296003
3871	0.057668185786515475
4011	0.06761478116848993
4059	0.08128300103445159
4130	0.040530475797949064
4323	0.1229519281788893
4344	0.0744607677418085
4457	0.029437799413773905
4644	0.045066622675022955
4753	0.16436164983682794
4895	0.08757240471699183
4970	0.05418837028168161
5093	0.09340617145897788
5195	0.07085801296551089
5216	0.061368775573218404
5257	0.12566434162660642
5345	0.18274475393304654
5403	0.16436164983682794
5450	0.14439377971231687
5544	0.04344556975453775
5794	0.26977906786243205
5882	0.0705967254849352
6612	0.053720302976944495
6701	0.16184709715332468
6708	0.03719616217471582
6777	0.0775319257706882
6828	0.06857870699494291
6933	0.09447282821344702
6986	0.08164646980392443
7001	0.037476999456574095
7340	0.05646640893563804
7757	0.07302749114347655
7769	0.053565765316048536
7936	0.1825660165798635
8055	0.15618636222187268
8089	0.01919214578644177
8505	0.053116783422347796
8604	0.11109004523493869
8805	0.0389187472188402
9036	0.07008036358859301
9085	0.08128300103445159
9514	0.07330913893265233
9522	0.15571122238391066
9652	0.054983767277221214
9980	0.1825660165798635
9998	0.03979281124319693
10023	0.07952418803095833
10375	0.05697602953749134
10475	0.08471039087694786
10500	0.13746969959292954
10558	0.053875578290567605
10636	0.0785128076133915
10984	0.07785561119195533
11055	0.10311618313313944
11056	0.1302108138859094
11544	0.07686206038099526
11592	0.025893130971279796
11636	0.044595163459908986
11640	0.08471039087694786
11663	0.05784355072031683
11746	0.08765059492080393
11775	0.03951382691872366
11857	0.05819714242384472
11876	0.02033749870439271
12262	0.06737819746067704
12591	0.07138696960284012
12829	0.020728423263175637
