23
t_index	tf-idf
103	0.3779709363046684
1273	0.12009086546260686
1578	0.2224397094272884
3270	0.26318368431872335
4052	0.22632356429760417
4304	0.11496301062876692
4369	0.16604042131404168
4875	0.2891593949736653
5131	0.21202809914525414
5623	0.3595408762941088
7321	0.13223035296853228
7754	0.11496301062876692
7811	0.06419580021122111
8319	0.22835751243419838
9068	0.11357026044825339
9085	0.16007667783537025
9531	0.24213840465840566
10697	0.21877791365322186
10873	0.03983387728255148
11201	0.2372079736637814
11702	0.14381848632710886
11770	0.24475362430816378
11889	0.06078238353303849
