247
t_index	tf-idf
3	0.01925883364592036
17	0.03374052485133884
56	0.029804232152921953
99	0.08072704244790385
342	0.04922125965167066
553	0.09583430140744553
612	0.02894877938664194
618	0.040681088800734996
634	0.06807597694253834
841	0.034971267470071704
854	0.13861219505781225
872	0.022683295475476834
932	0.04563138514281679
1023	0.07041049953548335
1122	0.03144344652615351
1163	0.05346504366384628
1171	0.030252888334589847
1241	0.0501652744592754
1243	0.1003305489185508
1301	0.0144450593695583
1320	0.04528496695325378
1358	0.03705367575635671
1482	0.06913364577635622
1507	0.032611407210324135
1675	0.07026639168122294
1812	0.08072704244790385
1944	0.02540683062771904
2098	0.039069488539028356
2233	0.0275694900978163
2264	0.034971267470071704
2281	0.046351698167434625
2354	0.06569496382923992
2509	0.047917150703722766
2517	0.073737523928875
2535	0.0934531850243182
2584	0.03465304876445306
2642	0.03843296504518235
2685	0.04223174113264182
2686	0.0642533382703346
2727	0.04922125965167066
2768	0.05964946011781581
2809	0.04279029981374221
2813	0.09791531378567918
2824	0.0501652744592754
2872	0.035972894100123366
2891	0.02811122702104688
2894	0.04398085800530588
2909	0.026683133866572457
2964	0.041960785989100545
2991	0.03513319584061147
2992	0.06390054875919762
3005	0.0554709878650469
3238	0.08327466358523483
3293	0.07026639168122294
3294	0.048074819840728845
3300	0.0343420629320656
3320	0.0942240972773269
3328	0.06730656409094654
3346	0.0467265925121591
3359	0.03059930652415286
3433	0.023750848920625647
3474	0.03650261654796609
3527	0.06066346376148071
3608	0.056210778170699506
3640	0.04429541870057885
3737	0.05285681963741286
3830	0.07124285678936343
3871	0.02425633919279843
3900	0.03427008641891949
3901	0.035630806591912055
3981	0.01875757658210881
4011	0.028440066981493844
4087	0.036683848172518296
4119	0.041960785989100545
4130	0.05114367420400674
4227	0.0501652744592754
4236	0.14252603684767218
4260	0.024182972863583393
4298	0.022337610898077988
4329	0.04750867894922406
4353	0.14120881120324608
4417	0.03359418348185788
4466	0.05346504366384628
4587	0.029914618202742466
4617	0.03330611415520181
4708	0.02214712817979121
4765	0.0343420629320656
4783	0.03686751250889422
4990	0.0309789691697641
5021	0.05964946011781581
5096	0.08072704244790385
5178	0.09501735789844812
5314	0.022792662400084995
5369	0.017091397916898104
5411	0.040681088800734996
5484	0.01678971793795446
5556	0.02969432965348945
5769	0.017991906208940325
5798	0.08558059962748442
5809	0.0642533382703346
5855	0.06718836696371576
5915	0.04223174113264182
5934	0.0219592608676131
5989	0.047917150703722766
6246	0.03234310866083382
6412	0.073737523928875
6428	0.19326544071515694
6554	0.010508766671141418
6556	0.026231344347201303
6603	0.05287368296582859
6614	0.02353979916906385
6620	0.02969432965348945
6626	0.05410156715769229
6629	0.06066346376148071
6635	0.05476915261179418
6671	0.0318217965566184
6708	0.015645415476052946
6755	0.026062418897697264
6777	0.032611407210324135
6827	0.02710874664714994
6846	0.056992864607764475
6958	0.02333195536075111
6986	0.0343420629320656
7059	0.061758671130823034
7103	0.0768659300903647
7133	0.019207873484159557
7177	0.03782474101874892
7206	0.022858923002293405
7315	0.0629492293223867
7343	0.4296193210932481
7348	0.1285066765406692
7497	0.05227448547228262
7501	0.019056121973602843
7573	0.07679074974948696
7591	0.020046927893231772
7793	0.06730656409094654
7804	0.057822378432406146
7811	0.027421881371593668
7818	0.04711204863866345
8017	0.056992864607764475
8060	0.019832291529444178
8089	0.016145165369236346
8112	0.07211222976109327
8128	0.073737523928875
8233	0.05964946011781581
8379	0.07993408444699557
8388	0.16625594244437952
8651	0.020101117221947542
8665	0.02894877938664194
8677	0.03782474101874892
8719	0.06720509704034204
8724	0.0854041473647187
8729	0.04429541870057885
8775	0.03107527756255065
8777	0.02094081548145944
8778	0.06718836696371576
8805	0.08184983805400979
8848	0.056210778170699506
8865	0.02926334008191492
8874	0.03928841781146236
8877	0.037389675239647265
8879	0.04367086778046057
8880	0.030026721406543316
8927	0.08674526795774491
8974	0.05476915261179418
8990	0.04750867894922406
8993	0.04877260347000277
9000	0.029052831504938054
9017	0.073737523928875
9113	0.03632375403217513
9154	0.051715926791182226
9186	0.029477137988222234
9235	0.03885400711532532
9372	0.08501634097228933
9389	0.0772837332475759
9414	0.07124285678936343
9443	0.049234103722468725
9495	0.013710940685796834
9502	0.07645440992600235
9524	0.06569496382923992
9541	0.03388844832033204
9561	0.11242155634139901
9670	0.04020094172457658
9735	0.039737073993130256
9820	0.046801772853036834
9826	0.019885635798244507
9865	0.06913364577635622
9891	0.016643678880370567
10102	0.036147199484276374
10171	0.029477137988222234
10190	0.10395914629335919
10191	0.03705367575635671
10256	0.12351734226164607
10404	0.061758671130823034
10424	0.044617381499151884
10452	0.015922644969178633
10541	0.029477137988222234
10559	0.051179278102940304
10619	0.09197360441301299
10720	0.07679074974948696
10736	0.043673366691547144
10743	0.0642533382703346
10746	0.04020094172457658
10822	0.0642533382703346
10873	0.025523161651199753
10885	0.073737523928875
10890	0.0818735595546425
10948	0.029544307068516035
10985	0.043078369140398295
11046	0.0663286446821599
11071	0.04494710317948453
11103	0.056210778170699506
11202	0.032476600330560136
11210	0.051179278102940304
11235	0.05346504366384628
11401	0.02540683062771904
11435	0.0642533382703346
11516	0.021470537929302157
11535	0.02854030763214325
11567	0.0219592608676131
11592	0.01089114490141944
11627	0.032476600330560136
11636	0.01875757658210881
11783	0.04877260347000277
11807	0.03864186662378795
11809	0.08072704244790385
11867	0.03864186662378795
11897	0.04833819277386574
11902	0.07679074974948696
11994	0.07679074974948696
12069	0.08072704244790385
12131	0.08072704244790385
12193	0.017311030042169887
12295	0.06730656409094654
12329	0.08413887156520307
12372	0.04750867894922406
12385	0.04598680220650649
12420	0.03288507208505882
12434	0.02440426266179163
12445	0.0467265925121591
12489	0.046801772853036834
12699	0.027949591973570876
12748	0.02048657334845189
12829	0.008718770301961717
12868	0.14578840482623767
12881	0.06913364577635622
12905	0.05410156715769229
