156
t_index	tf-idf
3	0.028433987919331855
15	0.031966949050253934
192	0.07335575651962072
278	0.04029305626862379
319	0.04320476897336556
361	0.07556173972183383
433	0.03704386298701467
497	0.05116220369581933
536	0.12470296376772115
752	0.11918643630910256
764	0.03692875474191015
841	0.05163202585626893
1012	0.1111085147810843
1075	0.07140809987756658
1206	0.04587993660720067
1273	0.11360557846881633
1377	0.1051838634951064
1454	0.0726708962775828
1471	0.0473632773807369
1475	0.04535061089162845
1511	0.0266323095858625
1589	0.05362885428705263
1944	0.11253290750918944
1981	0.05139574898317081
2373	0.06587367178426437
2430	0.06502593443504723
2468	0.059704521993531205
2584	0.05116220369581933
2637	0.06685930347339193
2868	0.07479933066149978
2909	0.019697659784624462
2964	0.061951440249991156
3193	0.033169220267112644
3346	0.0689877378573089
3356	0.06685930347339193
3495	0.05362885428705263
3723	0.08299031067130502
3815	0.0726708962775828
3817	0.18423802466430944
3870	0.10886702191538034
3991	0.0726708962775828
4052	0.07136712506292327
4083	0.05139574898317081
4130	0.025169724556935506
4276	0.04535061089162845
4289	0.14812930358813925
4304	0.07250309602198358
4334	0.0726708962775828
4369	0.10471580853894429
4421	0.05768269177445911
4430	0.03279161221951137
4457	0.01828109066621172
4644	0.027986705241172388
4739	0.06789550200333645
4895	0.02719155477600759
4970	0.03365137781699006
5086	0.0473632773807369
5239	0.1221118416819866
5269	0.09699288348530116
5477	0.07479933066149978
5544	0.026980019415320498
5548	0.026563480073422335
5769	0.026563480073422335
5781	0.07200849456188073
5794	0.16753479192237433
5795	0.062351481883860575
5882	0.043841087480333094
5916	0.0726708962775828
5981	0.1273774163189078
6348	0.018789039405515243
6391	0.03923653094606193
6708	0.04619818238403583
6726	0.038980813071303515
6798	0.030917287379285643
6828	0.04258788310649055
6985	0.03326473553894511
7001	0.02327349321643355
7133	0.028358749685775553
7306	0.07803848346459283
7321	0.041696498403545286
7340	0.03506605663142029
7377	0.04552551624706922
7547	0.06403591065059672
7574	0.03307415448057526
7768	0.2547548326378156
7794	0.09699288348530116
7808	0.08196518445863325
7811	0.020243007909526597
7815	0.1273774163189078
7821	0.02286887283314325
7935	0.08299031067130502
8041	0.11410269063661271
8060	0.029280648461301694
8062	0.0948644491013842
8089	0.03575539247375924
8103	0.02783978501279918
8319	0.07200849456188073
8407	0.05211303530337212
8505	0.09895774340935894
8645	0.03260542249267164
8795	0.2547548326378156
8805	0.0241688292158854
8969	0.10886702191538034
9085	0.15143203036134423
9139	0.047751778630197396
9260	0.03288535457964333
9261	0.03774863593875599
9276	0.047171793081108776
9390	0.07899105468871423
9495	0.020243007909526597
9502	0.056439133547324126
9514	0.09105103249413844
9515	0.062351481883860575
9635	0.09937227069091555
9713	0.053892929189340334
9800	0.17304807532337735
9891	0.008190980009805254
10001	0.07635405469785671
10143	0.11337484350491167
10255	0.0726708962775828
10348	0.06360145428547664
10452	0.023508396355733686
10470	0.1273774163189078
10500	0.0853696978769194
10520	0.06843423905956734
10766	0.07717871786711415
10948	0.04361959222017415
10984	0.048348909069864436
11016	0.036700487427771815
11127	0.04896422899415051
11203	0.04981494173807934
11372	0.04466575064959054
11446	0.07335575651962072
11449	0.0948644491013842
11451	0.1273774163189078
11537	0.03923653094606193
11544	0.023865953342275977
11616	0.1273774163189078
11623	0.07512560070003262
11658	0.1894531095229476
11746	0.05443166624557122
11751	0.05498516504331276
11775	0.04907675620156548
11807	0.05705134531830636
11876	0.025259473543732737
12146	0.0726708962775828
12320	0.1273774163189078
12327	0.0473632773807369
12591	0.044331834908997926
12632	0.1116898612815829
12734	0.1273774163189078
12742	0.041265134490380516
12808	0.1273774163189078
12829	0.0386175114228567
12850	0.05003333783660057
12904	0.07335575651962072
