201
t_index	tf-idf
3	0.11081001206362028
15	0.031144576166604505
16	0.033561407488718234
189	0.03597873581833552
277	0.03835290519148523
324	0.08580163156250854
338	0.13229768222100405
342	0.07080138491335364
356	0.04633316631660778
393	0.039928285404537425
433	0.07218176564117088
434	0.06953115415611258
469	0.04224646115345246
470	0.07146862663035633
497	0.09969203800780742
722	0.1265268576419913
841	0.1006075092989762
850	0.15206177407599747
871	0.037248966575576574
902	0.022224877711945097
918	0.03521110526890168
1012	0.05412508394088196
1075	0.03478553743200757
1105	0.04090907350945782
1116	0.03426620002832991
1273	0.036894330933395815
1298	0.0844437314146837
1511	0.025947174160584997
1944	0.10963791707678058
1981	0.10014711233966408
2043	0.12410054016143283
2057	0.021248723331741468
2157	0.035103847534008546
2219	0.050536677434725875
2233	0.07931361749349827
2353	0.05412508394088196
2431	0.05303137226500262
2584	0.09969203800780742
2891	0.020218029960924137
2909	0.057572769722410454
3115	0.03822714281059153
3133	0.04633316631660778
3167	0.03271079167330103
3181	0.03713004327935592
3193	0.06463183617379122
3356	0.06513929953714613
3366	0.07215928506117848
3432	0.04209329504470949
3433	0.06832791392777977
3495	0.05224921322473148
3808	0.03531895072034362
3809	0.034576155184480775
3817	0.04487459205851836
3981	0.026981479324788414
4052	0.13906230831222516
4059	0.049178777286901024
4130	0.024522215189306803
4143	0.05782628012902627
4200	0.034680567873091386
4298	0.03213111160567103
4304	0.03531895072034362
4344	0.045051111139880064
4369	0.051010959315537466
4417	0.04832291437442145
4516	0.06074744491817966
4564	0.031857115361929915
4569	0.056513677459524146
4640	0.03012191780126458
4644	0.05453345401625552
4737	0.050536677434725875
4739	0.06614884111050202
4895	0.02649203236375289
4970	0.03278567178509351
5069	0.07979118761183208
5086	0.09228964563151884
5093	0.056513677459524146
5131	0.06513929953714613
5345	0.05528316769587309
5347	0.06892551419720316
5369	0.04916959261852294
5447	0.0701560239608542
5450	0.043681393672190406
5477	0.07287506378340507
5484	0.04830170096109695
5531	0.049398687347272346
5544	0.026285938903207365
5548	0.02588011533713165
5594	0.04335335698454865
5769	0.0517602306742633
5794	0.32644967646927675
5816	0.07146862663035633
5857	0.07570921306897199
5882	0.04271324379788314
5968	0.06776743044221203
6349	0.0769057753223257
6385	0.07146862663035633
6388	0.02922898445686402
6547	0.050536677434725875
6554	0.015116135574617533
6603	0.0507034291813808
6612	0.03250247631442936
6726	0.03797800346310312
6755	0.037488990838662826
6796	0.13667591153956923
6933	0.057159038412023584
6958	0.033561407488718234
6959	0.027123586408885993
7001	0.06802429731432971
7103	0.11056633539174618
7133	0.027629200340321257
7170	0.05412508394088196
7321	0.040623825826118475
7340	0.03416395696388989
7416	0.03847947633922762
7531	0.0404827374395519
7574	0.032223297936470954
7726	0.02342850351342745
7751	0.1099743920371304
7769	0.032408976159281046
7779	0.050536677434725875
7794	0.0944976714098577
7821	0.0222805545401451
7929	0.05174452542771719
8035	0.04209329504470949
8105	0.037011834241473744
8212	0.03597873581833552
8278	0.07215928506117848
8319	0.0701560239608542
8343	0.08198030227111469
8386	0.02979250851123412
8505	0.03213732796377704
8521	0.05816857998537947
8589	0.05619876281093338
8632	0.0994439780638386
8753	0.06114506946491432
8761	0.03631711227277331
8805	0.023547068604778836
8983	0.11045819366010277
9036	0.04240082857727766
9085	0.1967151091476041
9139	0.046523329589603306
9433	0.05558365819897138
9495	0.03944448378156504
9514	0.08870867883274429
9522	0.047105098416849595
9635	0.1936316943175454
9746	0.155642740874772
9800	0.11239752562186676
9986	0.034368977001531846
9991	0.05384590556292357
10001	0.14877958283901946
10038	0.05887157420202919
10051	0.08726020582059796
10099	0.039928285404537425
10116	0.07218176564117088
10211	0.033073001642001956
10226	0.06953115415611258
10228	0.02914978215423337
10255	0.14160276982670728
10348	0.061965260875751514
10476	0.05077238978068599
10549	0.06465330581686751
10725	0.11045819366010277
10792	0.059232717282075006
10867	0.07546395687814889
10873	0.024475537671603178
10880	0.043191366394024225
10948	0.06374616999522441
10984	0.047105098416849595
11032	0.04984601900390371
11046	0.04770458879106799
11064	0.05887157420202919
11194	0.05960061108955573
11228	0.0808553249085276
11371	0.08198030227111469
11372	0.04351669191069352
11432	0.06513929953714613
11468	0.10606633904113631
11537	0.07645428562118306
11553	0.05384590556292357
11623	0.02439764676307655
11627	0.04671534814333202
11636	0.026981479324788414
11640	0.1025049123139049
11652	0.06155089303099003
11658	0.13843446844727825
11775	0.0478142211546896
11876	0.012304827659254933
11889	0.01867357158556555
12327	0.04614482281575942
12467	0.047105098416849595
12504	0.04522922770069912
12525	0.044354339416372145
12537	0.025157165273727702
12581	0.02914978215423337
12591	0.043191366394024225
12643	0.05303137226500262
12748	0.02946852184328774
12766	0.03133232053667419
12855	0.04984601900390371
12904	0.07146862663035633
