259
t_index	tf-idf
4	0.03214518068999171
5	0.03214518068999171
9	0.03214518068999171
10	0.03214518068999171
14	0.03214518068999171
15	0.12907573515298418
19	0.06429036137998342
20	0.03214518068999171
21	0.03214518068999171
24	0.06429036137998342
25	0.03214518068999171
27	0.03214518068999171
33	0.04444958815626623
47	0.03214518068999171
52	0.03214518068999171
77	0.0300780910908112
87	0.03214518068999171
93	0.03214518068999171
94	0.03214518068999171
130	0.03214518068999171
189	0.009319403141786605
191	0.013668036056276252
196	0.03214518068999171
204	0.03214518068999171
209	0.03214518068999171
213	0.09023427327243361
214	0.03214518068999171
215	0.03214518068999171
217	0.03214518068999171
219	0.03214518068999171
226	0.03214518068999171
228	0.06429036137998342
229	0.02861146767995748
235	0.03214518068999171
258	0.018339350563509493
260	0.03214518068999171
263	0.020157704478952605
270	0.03214518068999171
277	0.009934373095900145
280	0.03214518068999171
285	0.03214518068999171
295	0.02861146767995748
296	0.03214518068999171
302	0.03214518068999171
315	0.0300780910908112
317	0.03214518068999171
323	0.03214518068999171
329	0.03214518068999171
346	0.0601561821816224
347	0.03214518068999171
352	0.03214518068999171
359	0.03214518068999171
362	0.03214518068999171
365	0.03214518068999171
368	0.03214518068999171
373	0.03214518068999171
375	0.019476952060708503
377	0.03214518068999171
378	0.03214518068999171
380	0.0300780910908112
381	0.019920542171889308
398	0.03214518068999171
401	0.03214518068999171
414	0.03214518068999171
421	0.03214518068999171
427	0.03214518068999171
437	0.03214518068999171
438	0.03214518068999171
439	0.06429036137998342
440	0.03214518068999171
443	0.03214518068999171
444	0.03214518068999171
446	0.03214518068999171
448	0.03214518068999171
455	0.03214518068999171
459	0.026544378080776965
460	0.03214518068999171
471	0.31001905470131963
472	0.03214518068999171
473	0.03214518068999171
478	0.03214518068999171
484	0.03214518068999171
485	0.03214518068999171
486	0.03214518068999171
487	0.03214518068999171
491	0.03214518068999171
493	0.03214518068999171
494	0.0601561821816224
495	0.03214518068999171
500	0.03214518068999171
501	0.03214518068999171
511	0.03214518068999171
516	0.0300780910908112
520	0.03214518068999171
521	0.03214518068999171
522	0.03214518068999171
524	0.03214518068999171
596	0.01106381114822352
672	0.06429036137998342
681	0.03214518068999171
729	0.034072825239222955
758	0.009837264060080024
784	0.03214518068999171
822	0.06429036137998342
901	0.02180645746246036
902	0.01151361160771915
958	0.022602601725183354
1105	0.010596485382827942
1170	0.027067737140129885
1194	0.02575850708816735
1259	0.1373693309137924
1288	0.03214518068999171
1292	0.04031540895790521
1362	0.05722293535991496
1391	0.019268838665490996
1704	0.03214518068999171
1764	0.015342772862347483
1782	0.020667936980087977
1804	0.1466050283009356
1913	0.03214518068999171
2021	0.06429036137998342
2129	0.038910954991232066
2194	0.025077754669923243
2195	0.03214518068999171
2317	0.016746842479372033
2351	0.01594323905067427
2353	0.01401976656086564
2393	0.03738216213619776
2394	0.03214518068999171
2407	0.016386829161855077
2409	0.03214518068999171
2535	0.017409862461527995
2605	0.021544041659889015
2635	0.039827049789500926
2689	0.02380870731852107
2690	0.03214518068999171
2809	0.01594323905067427
3035	0.06429036137998342
3175	0.025077754669923243
3318	0.009176590715588285
3390	0.024608814932549038
3474	0.01360051096001951
3477	0.03214518068999171
3495	0.027067737140129885
3586	0.018876485872381717
3621	0.015438066669294767
3622	0.03214518068999171
3650	0.020406440162690005
3729	0.028639479125349133
3800	0.021234973079868127
3817	0.06974193028818249
3824	0.02180645746246036
3921	0.0300780910908112
3946	0.011623655048030415
4281	0.03214518068999171
4395	0.03214518068999171
4527	0.03400359823193723
4564	0.00825179913188965
4569	0.014638472733714014
4694	0.0300780910908112
4744	0.05522332050592888
4769	0.030876133338589535
4847	0.03214518068999171
5012	0.014243075407677283
5051	0.03214518068999171
5561	0.3276090713083882
5598	0.02747386618275847
5599	0.023010665070742734
5667	0.02861146767995748
5794	0.11274497083997305
5920	0.0300780910908112
5934	0.0327272065783504
6010	0.019476952060708503
6100	0.03214518068999171
6136	0.04520520345036671
6174	0.018010328649854777
6254	0.0300780910908112
6341	0.023454255181923542
6473	0.017701260069833896
6525	0.05494773236551694
6768	0.021234973079868127
6880	0.03214518068999171
6885	0.06429036137998342
6886	0.03214518068999171
6893	0.03214518068999171
7020	0.04895457696319292
7056	0.025940636660821376
7162	0.07727552126450205
7203	0.03214518068999171
7206	0.008517006785483613
7255	0.0300780910908112
7262	0.0300780910908112
7687	0.03214518068999171
7752	0.03214518068999171
7811	0.03575991851899815
7929	0.026806283315578362
7982	0.03214518068999171
7983	0.225016264829942
7985	0.10471787735781113
8036	0.005600802609214744
8060	0.007389314077090092
8105	0.009587001779464773
8119	0.03214518068999171
8139	0.48894546971892855
8288	0.06429036137998342
8289	0.03214518068999171
8292	0.0673404305296719
8423	0.03214518068999171
8613	0.03214518068999171
8698	0.06429036137998342
9220	0.02394015317272424
9372	0.01583812047630875
9378	0.025077754669923243
9433	0.18716846470290646
9539	0.009319403141786605
9618	0.02747386618275847
9634	0.02861146767995748
9675	0.03214518068999171
9685	0.06429036137998342
9692	0.014638472733714014
9755	0.029782642846217105
9927	0.03214518068999171
9962	0.019920542171889308
10061	0.0300780910908112
10086	0.03214518068999171
10104	0.023010665070742734
10211	0.03426697780233967
10437	0.023454255181923542
10509	0.0300780910908112
10696	0.01106381114822352
10776	0.019693923964211373
10794	0.018512183055044592
10821	0.015157368058064648
10891	0.03214518068999171
11016	0.037047188861888514
11290	0.03214518068999171
11519	0.010413739285377465
11905	0.03214518068999171
12041	0.03214518068999171
12055	0.010871782160404003
12188	0.0064664425499964765
12189	0.02575850708816735
12212	0.03214518068999171
12215	0.050618181457967315
12386	0.023010665070742734
12452	0.0601561821816224
12516	0.008346649686196955
12537	0.006516342493916708
12590	0.011023188859703627
12603	0.03214518068999171
12699	0.010413739285377465
12748	0.0610647436723302
12749	0.03214518068999171
12751	0.03214518068999171
12752	0.03214518068999171
12753	0.019693923964211373
12775	0.03214518068999171
12795	0.3220464001417083
12850	0.08838548560900036
