249
t_index	tf-idf
222	0.03296177759282073
240	0.02983998856536413
551	0.08162864998877035
604	0.02427592026331223
612	0.025490433722820283
666	0.14216608566972078
716	0.03384159778107078
717	0.037186555742576476
801	0.04417231506421667
865	0.026739570411433378
957	0.037932041928068566
983	0.01713926966456979
1031	0.050184251935273455
1081	0.03819115262361462
1116	0.020976058485357437
1165	0.04822619413619137
1175	0.04114443284866207
1202	0.050914668471555756
1211	0.035192407503210045
1372	0.06761699658805674
1387	0.07207648251430646
1417	0.053416345530695256
1478	0.053416345530695256
1587	0.03694797006557612
1741	0.07108304283486039
1774	0.03767838660185842
1985	0.05784676096516306
1995	0.04822619413619137
2012	0.038455958513297674
2025	0.042192761839321274
2057	0.039022225660617985
2063	0.04018006366099792
2075	0.037186555742576476
2087	0.07307617791155703
2088	0.050914668471555756
2098	0.03440207944132297
2109	0.023172701961439886
2280	0.042563504413305274
2349	0.020605315911373434
2436	0.034594854481487164
2437	0.07296904255178344
2506	0.017323214962328894
2537	0.22416182326273767
2553	0.05169224038299501
2560	0.04461047909546571
2629	0.04018006366099792
2773	0.055429043709018605
2778	0.028133357217641222
2793	0.04506518147244477
2801	0.018748080315481194
2872	0.0316754174892897
2891	0.012376469482126097
2899	0.046542316681865106
2909	0.03524317793810989
2913	0.07691191702659535
2918	0.10425602865524121
3057	0.055429043709018605
3190	0.06273187877660989
3207	0.03152386601969038
3214	0.08837215310794758
3247	0.060874643180717655
3293	0.030936033194519326
3320	0.04148384072885228
3359	0.08083134537390173
3433	0.04182694076222703
3672	0.03648452127589172
3709	0.050914668471555756
3840	0.032463160936134695
3869	0.03198436218517853
3900	0.04526405180350457
3916	0.055429043709018605
3946	0.027469986947715682
3949	0.06273187877660989
4155	0.03767838660185842
4176	0.04763836131102031
4177	0.04763836131102031
4216	0.03872671559251763
4220	0.046542316681865106
4260	0.021293970939734338
4322	0.05784676096516306
4393	0.04949559690691256
4415	0.03182889960274742
4417	0.029580877869818077
4429	0.03421234035505477
4457	0.01090288115943148
4472	0.018905575146035948
4556	0.07108304283486039
4587	0.013170444640445585
4620	0.05073965497455973
4640	0.018439135619592366
4708	0.058504011047692726
4845	0.04018006366099792
4856	0.03182889960274742
5116	0.20090031830498958
5225	0.06492852225269236
5239	0.04855184052662446
5278	0.050184251935273455
5314	0.02006975294247043
5381	0.04114443284866207
5582	0.07108304283486039
5594	0.026538762713479484
5663	0.046542316681865106
5690	0.02614691734896159
5755	0.07108304283486039
5769	0.015842515728929744
5855	0.029580877869818077
5885	0.02983998856536413
5896	0.03262708432156272
5902	0.050914668471555756
5934	0.019335913140652243
6042	0.2937121393135542
6043	0.04417231506421667
6213	0.03421234035505477
6238	0.27617730396065343
6315	0.03421234035505477
6388	0.017892526364986176
6391	0.023400750087845684
6408	0.053416345530695256
6409	0.06761699658805674
6547	0.030936033194519326
6554	0.009253344217439433
6556	0.023097635158025032
6574	0.043341076324744515
6603	0.13967149633367051
6804	0.04461047909546571
6827	0.02387021920643611
6842	0.0353983643641339
6947	0.02634124709368597
6958	0.020544619647122807
6982	0.07108304283486039
7001	0.01388036060521286
7012	0.047077879650768116
7187	0.02230136939803716
7215	0.01944594297361579
7327	0.06520779008114601
7343	0.025219676643600333
7366	0.02230136939803716
7551	0.03402554307882988
7726	0.05736704501996202
7779	0.030936033194519326
7811	0.01207297275511712
7832	0.018337889788724606
7851	0.06273187877660989
7870	0.060874643180717655
7906	0.03819115262361462
7926	0.03313267667060178
8021	0.027362891282799878
8037	0.009517096068980657
8060	0.017463040705482016
8089	0.028432788981658814
8112	0.10582898785812817
8131	0.025399503608394196
8171	0.47240620393711424
8176	0.03625931503721522
8371	0.03479076421217833
8388	0.04182694076222703
8390	0.03479076421217833
8464	0.054725782565599755
8505	0.029509303790935502
8724	0.037600700343498474
8729	0.039003697514538145
8754	0.029453382680368893
8805	0.028828681779958547
8844	0.035821151005966174
8875	0.05169224038299501
8877	0.016461471930899262
8879	0.0384537581328747
8894	0.042563504413305274
8950	0.042563504413305274
8965	0.05672570671188756
9000	0.02558205532764587
9026	0.02272916047731314
9086	0.06492852225269236
9111	0.04081432499438518
9186	0.02595567233394042
9267	0.037932041928068566
9364	0.034989912266494026
9389	0.03402554307882988
9411	0.04822619413619137
9416	0.034594854481487164
9443	0.028901590658410796
9485	0.043749528422384394
9501	0.060874643180717655
9510	0.03182889960274742
9549	0.0353983643641339
9704	0.02983998856536413
9820	0.08242126364549374
9826	0.07004004895421514
9890	0.06761699658805674
9891	0.024425589057234232
9944	0.07108304283486039
9986	0.042077946843828866
9998	0.007369034041676095
10128	0.0146347406269645
10148	0.04183308787702296
10190	0.030513246552687046
10228	0.03568808533173259
10337	0.047077879650768116
10348	0.037932041928068566
10419	0.025309254624814464
10452	0.028040914669178203
10541	0.02595567233394042
10558	0.019953904136695153
10825	0.047077879650768116
10853	0.02567437902057939
10873	0.007491351670679252
10876	0.028247558859154937
10920	0.025042494289028897
10948	0.01300740855353933
10982	0.03348192381877247
11016	0.04377649673361902
11081	0.04506518147244477
11092	0.04506518147244477
11112	0.06761699658805674
11135	0.04081432499438518
11175	0.050338787106814456
11180	0.07535677320371684
11199	0.034594854481487164
11372	0.026638748208243534
11404	0.027797107031866282
11519	0.02461061353457024
11541	0.08440007165292367
11543	0.037932041928068566
11570	0.14216608566972078
11577	0.028479261826472268
11667	0.04461047909546571
11711	0.03262708432156272
11871	0.059265832529806245
12045	0.04553771980082697
12098	0.09899119381382512
12156	0.055429043709018605
12166	0.038455958513297674
12183	0.029709736670040315
12188	0.015282034068677548
12193	0.03048595991354985
12202	0.039875030077940875
12271	0.05657735819444186
12371	0.05604045581568442
12467	0.02883539168432598
12504	0.05537415439780547
12553	0.039577528963383304
12566	0.012719390464243075
12581	0.017844042665866294
12590	0.026050915383072477
12624	0.022513366356832785
12677	0.06492852225269236
12829	0.007677188511416175
12855	0.030513246552687046
12868	0.02567437902057939
