363
t_index	tf-idf
3	0.12299115684623252
15	0.06913648651201387
16	0.09312688121663962
17	0.02693430363152002
67	0.06007495680504509
75	0.05101037372963937
76	0.035360038470751864
140	0.04842628143724914
189	0.03993381335994682
190	0.01996690667997341
191	0.029283892571457207
223	0.0644425859451374
231	0.030680173309321275
278	0.021785941605376603
305	0.04428124448213053
319	0.023360267527298136
321	0.03792511200074082
322	0.12260066368011346
339	0.06887134436432393
355	0.06385345633578303
356	0.02571324386444754
369	0.05518783761362985
375	0.0417295483723358
393	0.02215876490461487
395	0.03730078995314927
433	0.060087432719848954
469	0.023445269218720737
476	0.06130033184005673
497	0.055325501976749035
631	0.02405955666549328
714	0.0793250438636565
722	0.07021786345701563
754	0.04318806667017611
758	0.04215285689126629
764	0.01996690667997341
872	0.027161348425604033
982	0.031016281742987938
983	0.015538148260786875
1012	0.06007495680504509
1020	0.018903321577053264
1022	0.026587523323801404
1085	0.0568715734208702
1105	0.022703067090846588
1116	0.09508255399767103
1162	0.05518783761362985
1167	0.033933318338668556
1170	0.02899643750208092
1185	0.047616825089362644
1197	0.05886301020175103
1208	0.030846934750409043
1223	0.03792511200074082
1240	0.01587425669445354
1260	0.0468632392582973
1273	0.04095005819474903
1301	0.011531166653430942
1377	0.1137431468417404
1431	0.06130033184005673
1497	0.021284485445261007
1511	0.014399750110435816
1515	0.038587294267255136
1566	0.0644425859451374
1578	0.15170044800296328
1591	0.03614997262894944
1593	0.0502509567770422
1651	0.03730078995314927
1716	0.019188524783268646
1747	0.03287203153396273
1764	0.03287203153396273
1774	0.034158535848068605
1888	0.031721214209762906
1895	0.03371265099064374
1905	0.05886101537712248
1914	0.05886301020175103
1944	0.1419719181665614
1981	0.05557805189296934
1996	0.05228327693275307
2002	0.032671610090202106
2042	0.0568715734208702
2047	0.06130033184005673
2069	0.016716582950454098
2075	0.03371265099064374
2078	0.06130033184005673
2109	0.06302384274124512
2126	0.04267994425277501
2219	0.028046041621641715
2233	0.022008105106026632
2340	0.05244281500168367
2355	0.04615830679152234
2430	0.035158693373680196
2514	0.03486346831484357
2538	0.0502509567770422
2584	0.11065100395349807
2629	0.0364265104937954
2640	0.02471046101440959
2698	0.0728530209875908
2702	0.022544764867481287
2704	0.04615830679152234
2716	0.024333780161812046
2813	0.019540899284309684
2891	0.01122028076586696
2928	0.030194641721531124
2941	0.038251185833588476
2950	0.06130033184005673
2981	0.05518783761362985
3015	0.05518783761362985
3077	0.024520496883293854
3095	0.049300560896603
3112	0.036710231957863326
3115	0.021214691838953248
3159	0.03247480004082825
3167	0.009076657502179418
3181	0.04121168197379824
3193	0.017934174340552483
3199	0.06831707169613721
3212	0.02571324386444754
3263	0.038587294267255136
3270	0.13461540743224942
3318	0.019660929747410346
3356	0.03614997262894944
3365	0.017139448490142394
3388	0.06380958537215849
3577	0.04549612452500802
3584	0.047616825089362644
3621	0.03307619938908688
3736	0.0644425859451374
3766	0.04219441266498486
3782	0.047616825089362644
3817	0.09961515006624419
3911	0.05886301020175103
3946	0.049807575033122095
4023	0.030354099476473623
4052	0.038587294267255136
4059	0.027292455790576365
4060	0.04842628143724914
4166	0.0568715734208702
4209	0.024241605250046733
4248	0.030354099476473623
4275	0.06887134436432393
4304	0.01960074963802065
4330	0.02899643750208092
4365	0.030515919654313464
4369	0.05661850207589517
4457	0.00988435255646808
4472	0.017139448490142394
4494	0.0417295483723358
4514	0.03349635358155429
4524	0.0364265104937954
4527	0.0364265104937954
4569	0.06272612410141311
4572	0.025301019009695534
4587	0.011940084116114299
4644	0.01513205456657939
4645	0.03209150940756106
4670	0.04318806667017611
4708	0.035359110600024925
4769	0.03307619938908688
4828	0.027171762162287855
4856	0.028855497969528205
4875	0.049300560896603
4990	0.01236490785911433
5007	0.06130033184005673
5086	0.025608719983336015
5131	0.1807498631447472
5185	0.04372098515321664
5263	0.047616825089362644
5331	0.049300560896603
5332	0.02778902594648467
5398	0.0644425859451374
5414	0.05426953311174481
5450	0.048483210500093465
5484	0.013402854959160462
5488	0.0417295483723358
5531	0.08224349393678622
5544	0.01458775238034767
5548	0.04308760461284288
5554	0.05518783761362985
5578	0.028855497969528205
5594	0.02405955666549328
5672	0.038587294267255136
5794	0.21136249205071786
5857	0.021007947580415038
5882	0.023704316828070837
5886	0.047616825089362644
5910	0.05518783761362985
5934	0.01752958504166771
6057	0.05244281500168367
6068	0.047616825089362644
6135	0.06130033184005673
6348	0.020317987922322277
6385	0.03966252193182825
6559	0.018903321577053264
6612	0.036075414918137635
6625	0.01613330430380364
6696	0.022863697371389834
6708	0.03746815196829143
6726	0.021076428445633146
6755	0.04161008799094534
6760	0.017579346686840098
6805	0.03486147349021502
6841	0.03349635358155429
6844	0.04044304405822994
6909	0.014251643946681007
6933	0.12688485683905162
6947	0.02388049261876105
6985	0.017985818229779724
7001	0.012583680939615842
7134	0.03614997262894944
7170	0.06007495680504509
7179	0.02693430363152002
7187	0.02021801342221747
7189	0.0644425859451374
7206	0.01824776512950056
7248	0.038251185833588476
7321	0.06763429460244387
7366	0.04043602684443494
7501	0.015212074427939226
7547	0.034623400140717665
7566	0.11013069587358998
7574	0.01788277348229132
7621	0.05372931931578953
7647	0.05886301020175103
7726	0.03900593497776293
7757	0.024520496883293854
7769	0.05395745468933918
7779	0.028046041621641715
7794	0.05244281500168367
7805	0.031363062050706554
7811	0.03283540855977759
7832	0.016624795332801878
7862	0.01862537624332792
7931	0.05518783761362985
7968	0.03307619938908688
8037	0.0258840754523513
8060	0.015831673162063332
8089	0.0193324846672706
8103	0.015052616672996726
8212	0.01996690667997341
8298	0.03760849092678975
8319	0.0778681491499475
8339	0.1405897177748919
8344	0.05244281500168367
8422	0.0502509567770422
8505	0.0891753161695888
8512	0.05518783761362985
8552	0.05886301020175103
8589	0.031188295726722378
8599	0.06887134436432393
8614	0.08256732702982188
8632	0.05518783761362985
8656	0.04372098515321664
8805	0.039203333084783895
8865	0.023360267527298136
8877	0.007461834618946544
8905	0.024333780161812046
8914	0.035880263562214784
8969	0.05886301020175103
9008	0.026251414890134737
9067	0.030354099476473623
9085	0.24563210211518735
9186	0.02353093759688468
9194	0.06130033184005673
9215	0.03561705414590891
9260	0.017780691783911774
9329	0.0231922232554821
9339	0.028046041621641715
9391	0.038587294267255136
9443	0.013100826622481177
9458	0.028443273114776204
9495	0.010945136186592529
9502	0.030515919654313464
9514	0.07384519793443428
9522	0.07842491539912962
9668	0.06169386950081809
9713	0.02913921943359613
9755	0.03190479268607924
9760	0.05518783761362985
9800	0.09356488718016714
9821	0.03614997262894944
9826	0.01587425669445354
9883	0.03247480004082825
9891	0.07528889312617107
9926	0.047616825089362644
9984	0.06130033184005673
9986	0.019073548329789154
10066	0.04549612452500802
10099	0.04431752980922974
10116	0.02002914423994965
10131	0.019073548329789154
10144	0.0568715734208702
10145	0.12260066368011346
10169	0.029882544425745047
10178	0.022311531901477853
10211	0.01835432853301989
10228	0.032354165135425175
10248	0.06130033184005673
10249	0.11772602040350207
10348	0.034388495125384784
10415	0.049300560896603
10419	0.022944907130046262
10452	0.012710690070955861
10520	0.03700152021282844
10526	0.10488563000336734
10559	0.04085526891298194
10690	0.032281473538676796
10828	0.05244281500168367
10838	0.06130033184005673
10839	0.05886301020175103
10861	0.03614997262894944
10873	0.033957611733402136
10880	0.023969657703496218
10948	0.01179227858298562
10971	0.08856248896426105
10984	0.026141638466376536
11016	0.03968697090932308
11032	0.027662750988374517
11055	0.06924680028143533
11127	0.02647433410132046
11137	0.0568715734208702
11153	0.018461941839190418
11174	0.03247480004082825
11186	0.03966252193182825
11188	0.05129199767748384
11201	0.04044304405822994
11203	0.10773721452608008
11305	0.012647000897950272
11316	0.021145341369640632
11372	0.024150201685495705
11401	0.060845107785669185
11408	0.09523365017872529
11411	0.0502509567770422
11432	0.10844991788684831
11537	0.021214691838953248
11592	0.008694156506521335
11640	0.028443273114776204
11652	0.034158535848068605
11663	0.019422173525988344
11701	0.04267994425277501
11702	0.024520496883293854
11770	0.0417295483723358
11857	0.019540899284309684
11875	0.04267994425277501
11876	0.006828737586168618
11889	0.010363161816285287
12055	0.03493933944145878
12188	0.013854412453546521
12193	0.013819006710314023
12226	0.09523365017872529
12237	0.05244281500168367
12467	0.05228327693275307
12489	0.01868040236586754
12516	0.01788277348229132
12520	0.026141638466376536
12525	0.024615065978144758
12562	0.0502509567770422
12591	0.023969657703496218
12657	0.04004581256509544
12742	0.06693459570443357
12748	0.016353971651828458
12762	0.03154067022776341
12763	0.04044304405822994
12766	0.008694156506521335
12772	0.04487180247741647
12829	0.013919997252040258
