307
t_index	tf-idf
1	0.05509756298661749
15	0.06876223711397889
16	0.014819642735049682
44	0.030720358629913815
82	0.0456974505965661
164	0.051274996443187615
178	0.027548781493308746
179	0.029209209802203272
180	0.028983461303014806
181	0.026999704490475555
183	0.02876342857421563
184	0.02021209319429013
185	0.02454396338093896
189	0.03177411501980075
190	0.015887057509900375
237	0.051274996443187615
240	0.0215247581776767
277	0.05080624401525216
304	0.025239600831100963
313	0.051274996443187615
319	0.055761153132209355
345	0.051274996443187615
355	0.05080624401525216
393	0.0705242084876509
406	0.04275077755503819
431	0.051274996443187615
639	0.01921557751546892
764	0.015887057509900375
875	0.04463075661238828
983	0.012363229766785704
1006	0.04249176827402551
1100	0.018256561468281158
1157	0.01490742962857348
1235	0.1176760001978464
1272	0.04081147520547972
1273	0.0162913549905621
1301	0.027524990833414382
1309	0.0745752949247301
1351	0.030978653417945545
1460	0.03728764746236505
1465	0.06821821577575077
1466	0.03070273092377411
1488	0.01687988203191789
1511	0.02291488228991841
1565	0.029209209802203272
1627	0.05472374950135684
1665	0.028134902102816495
1840	0.01981518273367677
1894	0.0215247581776767
1905	0.023416955650055672
2069	0.013300874239536338
2114	0.4828136436612902
2233	0.017511176723937233
2260	0.03570312206880885
2268	0.04081147520547972
2269	0.07751761814792645
2270	0.04275077755503819
2278	0.04081147520547972
2389	0.02992392701538238
2461	0.032848149540289195
2487	0.03357280480894078
2532	0.036726754239406155
2588	0.030435299713681835
2615	0.024595276592947777
2616	0.10710936620642655
2762	0.01838725308241775
2892	0.05199160358321197
2917	0.024815573878711507
2918	0.015040795343827679
3016	0.02021209319429013
3162	0.083219389210855
3181	0.016395438013794766
3231	0.025995801791605985
3233	0.04877480087067024
3241	0.019071924185933946
3432	0.018587051044069783
3438	0.04026249538886019
3495	0.02307157926669916
3651	0.019971778475973943
3671	0.05472374950135684
3718	0.034363424937458226
3735	0.026317721133559922
3741	0.028339401621826184
3808	0.031191435080800186
3813	0.04525097312755556
3965	0.04525097312755556
4057	0.034363424937458226
4062	0.026155271010062143
4087	0.02330029848154249
4130	0.01082822489788895
4134	0.022110878787184454
4135	0.08264634447992623
4136	0.019971778475973943
4138	0.02143080235919883
4260	0.015360179314956908
4330	0.04614315853339832
4334	0.031263624146733004
4415	0.02295943798738276
4426	0.01477607959339307
4457	0.0707820956078378
4472	0.04091200628347355
4532	0.028134902102816495
4596	0.07345350847881231
4638	0.026999704490475555
4644	0.012040113423443792
4695	0.023776627468797124
4765	0.02181287832797486
4783	0.023416955650055672
4798	0.051068466809512866
4949	0.01895342309282523
4953	0.029209209802203272
4960	0.036726754239406155
4985	0.018191945344871622
5003	0.051274996443187615
5012	0.12140292391956602
5041	0.02097568117484351
5216	0.03279087602758953
5227	0.04877480087067024
5239	0.07004470689574893
5330	0.04081147520547972
5415	0.02793510414116446
5436	0.4282324396710569
5450	0.0771532181549332
5480	0.04525097312755556
5484	0.010664242135543416
5673	0.027739796403618337
6033	0.04391127599620494
6073	0.028134902102816495
6117	0.027739796403618337
6200	0.03853131236176152
6230	0.10569969935350594
6298	0.0367745061648355
6315	0.024678707608142062
6323	0.046833911300111344
6339	0.03728764746236505
6364	0.041727145384440896
6379	0.05199160358321197
6388	0.02581316694209883
6554	0.026699205487816364
6559	0.015040795343827679
6601	0.015691749772354248
6620	0.018860800559466637
6665	0.019435610244268094
6696	0.09095972672435812
6706	0.09367099704222354
6708	0.019874842396326083
6724	0.05667880324365237
6726	0.050309610224439624
6755	0.03310787552120937
6802	0.054798824186302275
6824	0.02273940525858359
6827	0.03443705716851714
6845	0.04525097312755556
6909	0.011339597596188406
6957	0.04391127599620494
7001	0.01001245039996252
7083	0.028548829311403793
7109	0.11888313734398562
7134	0.05752685714843126
7175	0.03998315077242855
7215	0.014027124009350762
7221	0.036726754239406155
7296	0.015986382346009718
7377	0.03917091165623645
7416	0.016991304437122982
7483	0.01951021008912439
7486	0.030435299713681835
7574	0.014228776410050409
7591	0.012733108079435012
7782	0.051274996443187615
7803	0.04504961199154351
7808	0.03526210424382545
7811	0.00870871040953444
7832	0.01322784163695498
7878	0.027178903180659436
7881	0.06872684987491645
7985	0.03570312206880885
8035	0.018587051044069783
8045	0.03728764746236505
8060	0.03779033568418242
8073	0.03619987604446268
8103	0.07186144271357991
8109	0.02318518648657123
8110	0.030978653417945545
8168	0.03357280480894078
8414	0.03562804738386341
8539	0.01973793041556208
8589	0.024815573878711507
8665	0.055161759247253236
8666	0.07798740537481796
8709	0.07610930410690357
8777	0.013300874239536338
8799	0.03250728904612947
8894	0.03070273092377411
8895	0.03186322936494085
8926	0.03853131236176152
8933	0.020800102909025113
8956	0.029679098753176814
9004	0.036726754239406155
9099	0.032179294325694184
9111	0.05888195793137542
9139	0.02054321242619667
9145	0.031263624146733004
9215	0.08501820486547855
9260	0.014147553121993936
9261	0.032479554443177426
9272	0.02330029848154249
9274	0.035233233117835314
9276	0.020293697817927878
9290	0.04275077755503819
9306	0.018453343351970016
9307	0.017631052121912724
9330	0.026999704490475555
9370	0.02944097896568771
9492	0.034363424937458226
9538	0.026652024985715967
9557	0.04683549852111177
9580	0.026675243967547453
9652	0.014689602973796472
9692	0.024954630102313507
9798	0.04683549852111177
9826	0.01263066097687798
9891	0.038762105174261374
9986	0.015176239569304585
9997	0.020628001670083926
10116	0.047809734103679453
10132	0.049909260204627014
10135	0.018064136739075833
10152	0.06195730683589109
10157	0.03728764746236505
10161	0.18587192050767326
10194	0.03070273092377411
10209	0.0305354456399296
10211	0.014603978354451883
10217	0.0665043711976817
10218	0.04525097312755556
10226	0.03070273092377411
10342	0.02793510414116446
10357	0.02097568117484351
10367	0.02295943798738276
10377	0.03853131236176152
10452	0.030340523054129542
10460	0.026317721133559922
10473	0.05435780636131887
10493	0.041727145384440896
10503	0.15231401169022687
10535	0.030978653417945545
10551	0.051274996443187615
10570	0.02944097896568771
10660	0.01973793041556208
10671	0.021245884137012755
10738	0.024815573878711507
10753	0.04525097312755556
10797	0.04525097312755556
10853	0.018519940065306915
10867	0.0499836999096342
10909	0.04525097312755556
10911	0.054798824186302275
10948	0.02814826718380424
10976	0.0158378175562911
10984	0.020800102909025113
11175	0.012103782781934512
11305	0.01006283215592037
11357	0.02793510414116446
11437	0.018722848003218176
11516	0.02727467085564903
11536	0.02021209319429013
11544	0.030801995024790165
11546	0.03619987604446268
11558	0.04877480087067024
11567	0.0139477551603419
11592	0.04150604797218282
11612	0.0799560749571479
11623	0.01077321947019882
11636	0.011914157181605286
11660	0.01406708191221616
11663	0.046360889954595454
11686	0.029209209802203272
11689	0.030175852728830638
11693	0.02736187475067842
11696	0.10593306292198973
11775	0.021113228800232794
11806	0.051274996443187615
11807	0.02454396338093896
11817	0.02944097896568771
11876	0.01086683565865432
12112	0.03853131236176152
12262	0.01800093043456203
12290	0.05888195793137542
12329	0.017814023691931705
12520	0.020800102909025113
12537	0.01110859852074343
12566	0.00917499694447146
12581	0.02574322054136019
12584	0.05014614582885464
12659	0.017631052121912724
12665	0.06640585299258296
12666	0.06819022380426848
12674	0.15407283963149232
12685	0.028983461303014806
12699	0.01775260415316508
12718	0.02021209319429013
12719	0.06394552938403887
12758	0.03155825672038848
12766	0.02075302398609141
12767	0.026999704490475555
12829	0.04430286582200089
