190
t_index	tf-idf
3	0.06408804072283142
34	0.03809361058516099
75	0.03544054160966147
289	0.0651184635384144
356	0.10718893697120556
433	0.0556626950905396
434	0.05361868608652421
631	0.06686355396121901
720	0.0651184635384144
722	0.04878535344162599
740	0.08517941753487898
754	0.24004661984679507
841	0.11637464941838531
872	0.025161232344727575
1006	0.037103422330781996
1075	0.02682473539458546
1105	0.03154687703974103
1116	0.02642425032341489
1170	0.04029178281543684
1207	0.08391347705017566
1226	0.1790914264402488
1301	0.06409218544523679
1395	0.04778427614917442
1575	0.2870989840529917
1607	0.17035883506975796
1645	0.04485648006550094
1830	0.07668584690868983
1840	0.034604871644216814
1944	0.028182288118509875
1981	0.03861403312072204
2351	0.0949294759113028
2430	0.07328174904513005
2440	0.03234288360759502
2499	0.06729037710542328
2530	0.0468451619875772
2576	0.04811068665596065
2584	0.03843856869731357
2615	0.0644291098138443
2891	0.031182114403818822
2925	0.08179265548540547
2952	0.12306134402498402
2978	0.08179265548540547
3093	0.03809361058516099
3167	0.012612401531797594
3193	0.024920297793543218
3199	0.0474647379556514
3212	0.035729645657068515
3216	0.03632491817145894
3242	0.029575697526195703
3314	0.08179265548540547
3388	0.044333066004635546
3433	0.026345405971652438
3495	0.04029178281543684
3560	0.06729037710542328
3621	0.04596078542577972
3672	0.09192157085155944
3817	0.06920974328843363
3928	0.05225859722697982
3929	0.04512511546033507
3981	0.020806665553367496
4059	0.037924027775305076
4087	0.040691213856704385
4130	0.03782042666599536
4144	0.08019188268462792
4180	0.09569966135099722
4271	0.05736540580369546
4298	0.07433335492723561
4304	0.027236075030879374
4323	0.05736540580369546
4344	0.03474099366501003
4358	0.03368474122941279
4430	0.04927319575557503
4457	0.01373472815230626
4494	0.05798498177176965
4522	0.06413892990264247
4569	0.04358030825281384
4572	0.03515684169390577
4606	0.07127241166928722
4631	0.09569966135099722
4748	0.06075216785316896
4895	0.02042923038379093
4953	0.10202085639274751
4990	0.017181565216643224
5195	0.033060064436695576
5216	0.028632692195859708
5252	0.038265109625507734
5301	0.07287152127313336
5345	0.08526281062150634
5371	0.08179265548540547
5414	0.05027321583847804
5420	0.09569966135099722
5450	0.06736948245882558
5464	0.08179265548540547
5484	0.018623836844872385
5515	0.04803404381942664
5544	0.020270302192542076
5594	0.03343177698060951
5794	0.20978369262543914
5795	0.1873806479503088
5857	0.029191436404814197
6173	0.033812822188517284
6348	0.014116354061669265
6349	0.05930559725774424
6609	0.044077975906177895
6612	0.025064161463870496
6692	0.04811068665596065
6701	0.03775631884699763
6760	0.024427249681710013
6827	0.03007012246966976
6841	0.046544607540847376
7001	0.06994223885625503
7206	0.02535604552842653
7340	0.026345405971652438
7366	0.05618757860920758
7821	0.017181565216643224
7862	0.025880752226824753
7868	0.07668584690868983
7946	0.039152936011977967
8037	0.023978015608059306
8089	0.03581774593013501
8207	0.05930559725774424
8212	0.027744865809389476
8233	0.06616560309257158
8371	0.08765420473319577
8422	0.13965168214772497
8505	0.06195644674186498
8527	0.07127241166928722
8665	0.032111161494634916
8753	0.04715178865026417
8805	0.018158232738992905
8825	0.05798498177176965
8905	0.033812822188517284
8965	0.035729645657068515
9077	0.07127241166928722
9085	0.07584805555061015
9269	0.044333066004635546
9433	0.1285893822711398
9495	0.030417464220141983
9514	0.06840736158073776
9522	0.03632491817145894
9668	0.04286312742371327
9800	0.21668731507353844
9840	0.04485648006550094
9980	0.17035883506975796
9991	0.041523066062455295
9998	0.02784906425031311
10023	0.037103422330781996
10038	0.04539859139215248
10116	0.0278313475452698
10135	0.03154687703974103
10180	0.058630930472078895
10273	0.05023192403705071
10325	0.05930559725774424
10526	0.07287152127313336
10577	0.05619732932614228
10681	0.08517941753487898
10746	0.044592516828186386
10853	0.03234288360759502
10948	0.01638587248970451
10984	0.03632491817145894
11016	0.027573366769042738
11055	0.04811068665596065
11064	0.04539859139215248
11203	0.07485272024388204
11432	0.05023192403705071
11481	0.033812822188517284
11537	0.1473935817133022
11640	0.03952313737915122
11663	0.026987935930291085
11746	0.04089494179588284
11770	0.05798498177176965
11802	0.04217831185560194
11876	0.009488821228668898
11923	0.09569966135099722
11975	0.07465917371876071
12188	0.01925129518320033
12193	0.019202097397553713
12467	0.07264983634291788
12488	0.060810906577626236
12489	0.025957213363762104
12562	0.13965168214772497
12591	0.16653429275239814
12638	0.06468576721519004
12685	0.05061618515843221
12739	0.018576628397534992
12742	0.09300846673901114
12762	0.043827102366597884
12829	0.00967121402466137
12838	0.1265349355668058
12904	0.05511276064430464
