165
t_index	tf-idf
56	0.046499857949695286
554	0.049848062264522396
665	0.07012540710234083
697	0.06632024201010567
738	0.03545769267466502
748	0.06424603290895757
863	0.04737848243578613
871	0.040401630082963505
872	0.017694970499973622
983	0.030368198675989604
1100	0.044844178767804374
1243	0.07826667449089414
1301	0.022536839912969352
1350	0.07984869898825293
1497	0.041599003424952645
1507	0.10175909213424064
1511	0.056286561937615706
1879	0.09197906674348069
2130	0.06546622566686223
2199	0.04500408634364006
2219	0.05481398103212315
2241	0.06464506436905171
2277	0.04315998547451974
2619	0.07984869898825293
2640	0.04829482747018685
2685	0.06588896347204247
2801	0.03321876829973045
2813	0.038191289065700275
2840	0.11980711118074122
2969	0.08891891912563321
2991	0.05481398103212315
3000	0.046846980419941946
3167	0.03547935490301946
3203	0.05481398103212315
3230	0.10249572847225788
3238	0.043307720054140623
3268	0.07350310379333874
3293	0.05481398103212315
3359	0.04774031417524028
3369	0.05334115146111453
3426	0.07679384491988551
3432	0.045655970935968695
3439	0.05456134421901919
3446	0.11115141982649954
3672	0.06464506436905171
3710	0.0741219170211039
3809	0.0375025983236398
3839	0.05481398103212315
3900	0.026733689065150248
3981	0.05853025450032131
4062	0.06424603290895757
4087	0.0572332721178008
4130	0.02659771687579675
4136	0.049057321437205176
4172	0.08155741561744093
4329	0.0741219170211039
4457	0.019318259626591266
4598	0.037166409303853
4620	0.029967669824420357
4684	0.07012540710234083
5107	0.08341489634381921
5139	0.06546622566686223
5178	0.0741219170211039
5216	0.04027264140317275
5239	0.043013266260855706
5418	0.07174752092895784
5469	0.08721258443127337
5544	0.02851071794961132
5798	0.0667604135129116
5882	0.046328390669957746
5915	0.06588896347204247
5926	0.13460411328527053
5934	0.03426031933267587
5946	0.047022681506897195
6144	0.13010339376744728
6421	0.0667604135129116
6428	0.2512734738959716
6556	0.040925522916208414
6603	0.02749742312404241
6612	0.03525340823003843
6620	0.046328390669957746
6798	0.03267136493376092
6897	0.1927088354439405
6901	0.08155741561744093
6947	0.04667271364356985
6985	0.03515199444522008
7001	0.0737817112636107
7056	0.054311662290210366
7133	0.029967669824420357
7187	0.07902932037136212
7343	0.40216914096185563
7751	0.17892354261700108
7808	0.043307720054140623
7811	0.04278297061806677
7818	0.07350310379333874
7821	0.048332654853542156
7989	0.09306367659542344
8036	0.02345269345877099
8037	0.016862857630318917
8089	0.025189305075595712
8111	0.06910866439473969
8242	0.13460411328527053
8379	0.12471126761639593
8388	0.07411102526159137
8414	0.04375715900295981
8464	0.048482912929675784
8505	0.017428677297838573
8722	0.05218694812687312
8724	0.03331138259491216
8746	0.07826667449089414
8777	0.03267136493376092
8805	0.025540036214916448
8877	0.029167243405369633
8914	0.07012540710234083
9028	0.15653334898178828
9117	0.09306367659542344
9307	0.043307720054140623
9406	0.09635441772197025
9495	0.021391485309033384
9580	0.032761629599139336
9587	0.07350310379333874
9601	0.09021310697168261
9820	0.03650950942627723
9885	0.06910866439473969
9891	0.025967074062725026
9941	0.06464506436905171
9998	0.01305681596750625
10023	0.05218694812687312
10137	0.044844178767804374
10173	0.06309182957471617
10189	0.26186490266744894
10190	0.10812973384472555
10203	0.07119300763401126
10446	0.0854495362741272
10520	0.07231682297514097
10541	0.09197906674348069
10631	0.10501010907621192
10682	0.06424603290895757
10695	0.052412850357201494
10873	0.026547088684552134
10948	0.04609432898184859
11046	0.0517421911742469
11175	0.02973091070751598
11258	0.07679384491988551
11537	0.04146259681670727
11592	0.01699210663194025
11623	0.05292521055136805
11658	0.1001008206691355
11660	0.03455342546890682
11777	0.05506964350770207
11783	0.07609386215875391
11857	0.038191289065700275
11889	0.02025405805546377
12188	0.027077457549442813
12339	0.0612968600542246
12420	0.05130651153080654
12489	0.03650950942627723
12555	0.06632024201010567
12566	0.022536839912969352
12755	0.06464506436905171
12766	0.0339842132638805
12829	0.013602819172024699
12838	0.0593249149165746
12839	0.04027264140317275
12868	0.09098224816327784
