49
t_index	tf-idf
3	0.0729948590322883
56	0.1129640436470038
252	0.2794800694339242
389	0.21305017240930413
429	0.2910524103381993
644	0.13903917419641199
1716	0.09110662571250841
1884	0.17429924397943722
2615	0.07338332917333112
2909	0.05056722621265092
3161	0.21024621812695307
3257	0.23859025967297712
3635	0.16218385600496205
3817	0.11824254723706146
4304	0.0930638587971503
4644	0.07184660870129493
5195	0.1129640436470038
5314	0.0863887818677523
5369	0.12955968201875007
5769	0.06819294883529745
5794	0.1433633879059578
5795	0.16006680608710158
5934	0.08323002217863865
6348	0.04823464392855109
6612	0.08564257444209677
7001	0.059746995790466134
7179	0.12788338590383003
7327	0.07017053933780137
7340	0.09002050179843044
7821	0.05870826679038151
8035	0.11091395374017268
8037	0.040965643108529966
8505	0.08468042483538307
8653	0.11213425760319805
8677	0.1433633879059578
9329	0.11011608382842086
9390	0.10139170274272875
9514	0.3506151142345695
9844	0.11051348440394963
9998	0.0317194674108448
10099	0.10520924996675657
10169	0.28376311582927205
10728	0.20264328552546124
10873	0.03224597468778159
11372	0.11466454095317115
12055	0.05529703050979807
12327	0.12158954858961264
12411	0.151483141018757
12742	0.10593458376712019
