277
t_index	tf-idf
3	0.0315753670938584
56	0.024432413418204055
67	0.030845938243162264
252	0.0604473102954395
278	0.0223723110283502
356	0.026405316772779144
433	0.020568229396945376
497	0.028407294952951762
498	0.039625872717682024
631	0.04941424104357201
722	0.036053889922730814
754	0.22175237539878698
758	0.043287402591412685
841	0.0573363178895797
858	0.047124940305845596
863	0.024894068950716688
864	0.03712295047745872
872	0.01859493141445665
901	0.02398900999060806
975	0.04889843369537275
983	0.03191271619025653
1005	0.032763511359630244
1012	0.06169187648632453
1075	0.019824311784068346
1116	0.03905668178015896
1156	0.03998198663019123
1170	0.059553755376868696
1240	0.01630151289970125
1273	0.021026115261776612
1420	0.01970498463653948
1511	0.014787319916513714
1555	0.02662312256939779
1645	0.06630066118257635
1716	0.01970498463653948
1860	0.03684598218123119
1884	0.03769828920690354
1895	0.03462002823723542
1944	0.22910343906647151
1996	0.026845241631241832
1999	0.02790309114447628
2075	0.03462002823723542
2098	0.032027729858148425
2126	0.0438286765287244
2167	0.020893372338796262
2237	0.028536968606223418
2256	0.06617706052604103
2276	0.0707250191416564
2351	0.03507791410206666
2353	0.12338375297264906
2430	0.036104990904420965
2506	0.016127607926562253
2584	0.17044376971771058
2698	0.07481386273830193
2702	0.023151558046581606
2704	0.04740065932367562
2781	0.07996397326038246
2801	0.017454132466825402
2909	0.010936925913346596
3016	0.026086338517030367
3115	0.021785686053364423
3164	0.032574991861843365
3167	0.009320956074097393
3181	0.04232089591627864
3182	0.033756783476829526
3193	0.018416873305328114
3359	0.02508418614754201
3388	0.032763511359630244
3433	0.05841021740314898
3438	0.025981996870835935
3495	0.029776877688434348
3635	0.03507791410206666
3761	0.037406931369150964
3808	0.04025660907696537
3817	0.07672222163217592
3995	0.03355096768250751
4083	0.028536968606223418
4161	0.0604473102954395
4162	0.03462002823723542
4171	0.13235412105208205
4248	0.03117108118501315
4288	0.031007331618706797
4298	0.036623103822073545
4335	0.1414500382833128
4344	0.05134934454880167
4358	0.024894068950716688
4366	0.03712295047745872
4472	0.017600757379300995
4494	0.04285270070806025
4501	0.030375240673819436
4611	0.049729676590759914
4640	0.017166510397993426
4644	0.03107866874828419
4651	0.055175445929669206
4708	0.09077700591953797
4709	0.02920882486121417
4713	0.0876573530574488
4717	0.028800901867770203
4859	0.034908264933650804
4876	0.06617706052604103
4895	0.015097835139077698
4916	0.0707250191416564
4968	0.030072069621620068
5066	0.053854315304432084
5086	0.05259595925509382
5131	0.07424590095491744
5195	0.024432413418204055
5200	0.1259004650713256
5216	0.02116044795813932
5239	0.02260045406782584
5314	0.01868458639709784
5469	0.02291204760668372
5477	0.04153157008282312
5484	0.027527186590842818
5515	0.01774932440001111
5531	0.028152360204587508
5544	0.02996076454892824
5548	0.014749103027480153
5794	0.12402932647482719
5816	0.040730040174560715
5842	0.02116044795813932
5857	0.021573377265471542
5882	0.024342319391018538
5886	0.04889843369537275
6095	0.21217505742496917
6144	0.06836020675754548
6150	0.1414500382833128
6348	0.020864847317697516
6388	0.01665762681221046
6391	0.021785686053364423
6395	0.04889843369537275
6544	0.05036093392514706
6556	0.0215034913940321
6612	0.03704638604310663
6628	0.07424590095491744
6677	0.0707250191416564
6692	0.035555290234322155
6696	0.09391629852245056
6708	0.03847660866240614
6716	0.037406931369150964
6755	0.021365012523046192
6760	0.036104990904420965
6826	0.032027729858148425
6827	0.022222753531584826
6909	0.014635227469891134
6933	0.032574991861843365
6947	0.024523236959622236
7001	0.07753422706130707
7011	0.21217505742496917
7094	0.05062748731405385
7119	0.02963214476315737
7206	0.01873890440194322
7245	0.0716036397044432
7248	0.03928071791310904
7340	0.019470072467716325
7377	0.025277581388105267
7647	0.0604473102954395
7709	0.1414500382833128
7726	0.026703854105583767
7755	0.03133725675891639
7757	0.05036093392514706
7780	0.03355096768250751
7808	0.04551033776091542
7821	0.03809312943252272
7926	0.06169187648632453
8035	0.04797801998121612
8037	0.008860248766393668
8089	0.026470425608182017
8167	0.019239979351551466
8212	0.02050431671074363
8298	0.03862072484915586
8319	0.03998198663019123
8320	0.053854315304432084
8371	0.03238958853189996
8374	0.1414500382833128
8389	0.05062748731405385
8505	0.018315094619597645
8552	0.0604473102954395
8596	0.03998198663019123
8605	0.03462002823723542
8753	0.034846634855082693
8800	0.03712295047745872
8805	0.013419497414245998
8848	0.04607952869843848
8859	0.06617706052604103
8865	0.02398900999060806
8877	0.0076626701733187395
8980	0.049729676590759914
9036	0.024164273651421233
9085	0.11210813298491201
9280	0.026733632291678598
9329	0.04763288560201873
9361	0.0707250191416564
9390	0.0438589823559615
9420	0.029923502600909948
9433	0.031677181138549435
9434	0.052672523689445916
9443	0.01345343585490497
9495	0.01123972493131384
9502	0.03133725675891639
9514	0.050555162776210534
9522	0.053690483262483664
9549	0.03295525356856712
9580	0.06885575259057222
9730	0.1414500382833128
9840	0.03315033059128818
9872	0.04333007684031574
9877	0.10534504737889183
9883	0.03334886048338556
9891	0.004547958615615361
9986	0.019586913587567926
9997	0.07986936770819336
9998	0.08918573123066807
10038	0.2348567737775526
10099	0.02275516888045771
10121	0.021026115261776612
10131	0.019586913587567926
10169	0.06137366842535461
10178	0.02291204760668372
10203	0.037406931369150964
10211	0.018848335963404197
10217	0.017166510397993426
10500	0.04740065932367562
10558	0.018576733199965143
10566	0.041954889984766326
10671	0.02742058036068665
10867	0.0215034913940321
10873	0.020922949264459683
10974	0.03133725675891639
10976	0.020440766138021288
10984	0.026845241631241832
11016	0.061132720795781754
11017	0.045473075812897126
11056	0.08979547416690463
11064	0.10065290304752254
11153	0.018958845685685007
11178	0.0707250191416564
11199	0.03220720002419765
11202	0.02662312256939779
11221	0.1259004650713256
11270	0.10770863060886417
11305	0.025974790788472472
11319	0.053854315304432084
11371	0.09344130879400067
11372	0.04960041051169955
11389	0.1414500382833128
11413	0.053854315304432084
11416	0.04889843369537275
11417	0.051603463134717996
11432	0.03712295047745872
11474	0.0707250191416564
11514	0.021026115261776612
11516	0.017600757379300995
11717	0.04740065932367562
11746	0.030222630890016196
11801	0.1414500382833128
11875	0.0438286765287244
11908	0.055175445929669206
11952	0.06617706052604103
12055	0.011959911017670652
12068	0.039625872717682024
12104	0.05840227392004744
12188	0.014227304476447168
12218	0.04740065932367562
12342	0.04285270070806025
12411	0.09829053407889074
12416	0.038304742092444895
12525	0.025277581388105267
12576	0.03462002823723542
12632	0.031007331618706797
12649	0.023731144701121854
12690	0.029776877688434348
12698	0.05302738201587361
12744	0.0707250191416564
12748	0.016794139402872214
12766	0.008928160050013477
12779	0.08478962968645803
12839	0.02116044795813932
