263
t_index	tf-idf
15	0.014207537517157651
82	0.02360482552047393
88	0.0566122033837044
156	0.036884594478176165
158	0.04416546795838538
172	0.03794210024572588
193	0.08621592438167137
222	0.024563433431817657
277	0.017495834153758653
304	0.026074818881441763
616	0.03144245160401902
640	0.04310796219083569
642	0.036399156163481106
716	0.050438167782719014
726	0.11231318317184703
858	0.018860699773696647
865	0.019926584843522006
872	0.02976881595557529
918	0.016062607384746713
941	0.04310796219083569
950	0.027893167136545823
956	0.07828200280759072
1006	0.0219489438266421
1112	0.0566122033837044
1203	0.011417516796756583
1234	0.03430166350562127
1235	0.024314016789603127
1292	0.03550056466369075
1301	0.00947861200998397
1306	0.07704310861352157
1351	0.1920227144167522
1362	0.20155534268417957
1432	0.0566122033837044
1452	0.04416546795838538
1462	0.03430166350562127
1555	0.04262122931601485
1561	0.07940580467512903
1589	0.023835054076874085
1596	0.024819977220059693
1709	0.05038883567104489
1748	0.1132244067674088
1898	0.0566122033837044
1923	0.0566122033837044
1940	0.05038883567104489
1985	0.04310796219083569
2017	0.09072873823290972
2057	0.009693245858042234
2069	0.013741021067709814
2101	0.0566122033837044
2130	0.05506796474133387
2189	0.0566122033837044
2269	0.05338853195695269
2270	0.04416546795838538
2346	0.04536436911645486
2373	0.029277196951031245
2453	0.08423488737888528
2472	0.13574058569074351
2532	0.03794210024572588
2590	0.030661226765516664
2910	0.04416546795838538
3052	0.08432398209373078
3114	0.0566122033837044
3161	0.07279831232696221
3163	0.0483853587595249
3212	0.021136270893863263
3238	0.05464347402059294
3241	0.01970304412485132
3242	0.13996667323006923
3317	0.035082888344123625
3438	0.020797422312752546
3439	0.02294757448659204
3450	0.1698366101511132
3636	0.1132244067674088
3769	0.0566122033837044
3800	0.037397786823431055
3809	0.015772955758162517
3929	0.026694265978476343
3981	0.024616830726782564
4023	0.024951051398112035
4200	0.015820586754415833
4207	0.028267322179734846
4296	0.09072873823290972
4322	0.04310796219083569
4426	0.06106017313882943
4457	0.008124931819000111
4472	0.01408861628539798
4532	0.029065930221608607
4574	0.16522502422713253
4620	0.06301946417641292
4644	0.02487707939037309
4659	0.030415227220103296
4696	0.04310796219083569
4774	0.0566122033837044
4798	0.05275840261982793
4879	0.0566122033837044
4895	0.024170278747755965
4902	0.08105006243656156
4949	0.029370932466557326
4986	0.04052503121828078
5033	0.0346837816728238
5083	0.036884594478176165
5091	0.06233967644350108
5198	0.10405134501847141
5223	0.02994256957907767
5314	0.029912345534591153
5362	0.034093639013220975
5369	0.011215096138956129
5515	0.014207537517157651
5533	0.0693675633456476
5553	0.039806374031841785
5806	0.030661226765516664
5813	0.0566122033837044
5814	0.0566122033837044
5827	0.052971766643599795
5891	0.03324415773807156
6048	0.03550056466369075
6051	0.0483853587595249
6069	0.04536436911645486
6144	0.05471927721304554
6227	0.025926411837510828
6372	0.0566122033837044
6388	0.05333473039258737
6554	0.02068704311228721
6601	0.016211014428677648
6603	0.011564949037827142
6605	0.0967707175190498
6614	0.015446431711226807
6620	0.03896986817169374
6670	0.0566122033837044
6700	0.0483853587595249
6708	0.01026626608022305
6726	0.03464962285197841
6727	0.0566122033837044
6768	0.07479557364686211
6805	0.014328055054679673
6827	0.01778831675048665
6828	0.018927954183572068
6836	0.050438167782719014
6890	0.10594353328719959
6891	0.0566122033837044
6909	0.011714842698490786
6959	0.012373241794740674
7082	0.03550056466369075
7087	0.0566122033837044
7090	0.05038883567104489
7109	0.12281716715908828
7198	0.03260256902257347
7206	0.029999303784303166
7247	0.023270187219269996
7264	0.07704310861352157
7296	0.016515396857149846
7306	0.0346837816728238
7372	0.039806374031841785
7591	0.013154466633243033
7625	0.0566122033837044
7700	0.10261040143326193
7726	0.0320628549437252
7811	0.03598758128373013
7833	0.0566122033837044
7850	0.0483853587595249
7860	0.04416546795838538
7946	0.046322713064776457
7953	0.052971766643599795
8034	0.07479557364686211
8037	0.0070922314519086165
8046	0.04216199104686539
8050	0.052971766643599795
8103	0.03711972538422202
8109	0.04790484147632419
8431	0.026694265978476343
8539	0.020391089547109605
8640	0.15116650701313467
8645	0.014491303583559484
8665	0.037991432357400004
8666	0.08056813115983236
8667	0.0566122033837044
8709	0.04717672834194777
8865	0.038404251537688984
8927	0.0284604139601643
8929	0.025495364820406857
9087	0.036399156163481106
9165	0.032917633691135845
9188	0.08432398209373078
9248	0.26485883321799897
9253	0.04052503121828078
9260	0.014615717884769595
9306	0.038127986958238026
9327	0.02294757448659204
9397	0.03852155430676078
9541	0.02223704624750479
9553	0.018029362683781705
9570	0.0438978876532842
9598	0.036399156163481106
9746	0.03550056466369075
9754	0.0566122033837044
9783	0.020311983998057486
9785	0.025356161695002773
9826	0.013048629395087845
9887	0.04674839893094028
9929	0.0483853587595249
9986	0.03135689036598171
9998	0.010982949971662558
10056	0.09052736535246479
10101	0.0710011293273815
10108	0.052971766643599795
10116	0.03292788888555368
10188	0.1132244067674088
10217	0.02748204213541963
10266	0.0566122033837044
10279	0.03914100140379536
10284	0.03117441911077154
10477	0.016724206773932528
10509	0.052971766643599795
10585	0.052971766643599795
10696	0.03896986817169374
10727	0.02047089826581683
10781	0.1564489132886506
10861	0.029715255621546373
10897	0.1132244067674088
10937	0.0967707175190498
11121	0.04052503121828078
11153	0.030351410035776186
11162	0.30233301402626933
11224	0.10077767134208979
11289	0.1451560762785747
11305	0.010395827083630084
11313	0.04310796219083569
11327	0.0967707175190498
11372	0.09925725584391129
11373	0.052971766643599795
11429	0.029715255621546373
11544	0.010607093813052719
11577	0.02122301960481109
11592	0.0357329569314974
11612	0.05506796474133387
11623	0.01112972223036551
11624	0.035082888344123625
11656	0.030914156779615853
11658	0.021050352326851738
11682	0.023952420738162096
11689	0.03117441911077154
11696	0.02735963860652277
11774	0.04416546795838538
11775	0.01090594935816376
11876	0.03367930897678675
11962	0.0566122033837044
12057	0.050438167782719014
12188	0.034164955954665226
12262	0.018596609507400184
12347	0.0566122033837044
12377	0.02578041802346586
12411	0.07867716083359366
12537	0.011476199500671818
12631	0.04536436911645486
12643	0.02419185950744379
12666	0.052835059092643744
12674	0.022738764569809354
12719	0.03303079371429969
12748	0.01344295479970681
12829	0.01144222931622231
12836	0.0566122033837044
12850	0.02223704624750479
12856	0.0566122033837044
