24
t_index	tf-idf
3	0.1259723127036202
56	0.19494991865483513
252	0.48231822306262073
1716	0.15722905004243018
3161	0.36283654336433063
3817	0.2040593999754278
4304	0.1606067835080612
5314	0.1490871382971718
5369	0.11179508388274463
5794	0.24741218451495595
5795	0.2762384367501118
5934	0.14363584667762633
6348	0.08324188482133343
7001	0.10310955232462668
7591	0.13112724870792325
8037	0.07069726378250756
8505	0.14613890757045922
9329	0.19003499602069207
9514	0.20169364160031994
9998	0.054740494336782713
10099	0.18156693103911759
11372	0.19788458530457032
11481	0.1993888108646625
12327	0.20983555334557835
