283
t_index	tf-idf
3	0.01642400377799677
16	0.01989757687502552
171	0.0473058613524986
176	0.0670106128367398
277	0.022738315718274657
307	0.042371658370050136
356	0.02746957912769158
361	0.04364587556920399
395	0.0796972180208
433	0.042794457631226294
434	0.04122298760847764
469	0.025046691166965226
660	0.026195361928537723
728	0.037775295091162786
738	0.019381430906935376
748	0.035117345600983084
775	0.07203076662545665
796	0.12151233772265867
807	0.03260030021950919
813	0.050064218492698466
847	0.031599510219560194
880	0.02864924255377372
901	0.04991176692197932
908	0.07111545469689558
916	0.06884431708208553
918	0.020875634437503884
957	0.03673739077452993
979	0.0473058613524986
1022	0.028403575978304514
1044	0.032427426963880214
1045	0.06288363012287161
1047	0.06884431708208553
1123	0.021003863544700893
1135	0.06288363012287161
1163	0.04559518480039344
1169	0.044103531533484536
1203	0.014838680988958831
1211	0.034084039799218833
1213	0.0517340237899602
1301	0.012318799467343105
1475	0.026195361928537723
1497	0.045476631436549314
1510	0.0479367572311562
1511	0.015383320640633644
1737	0.01677762875906072
1758	0.05739928404999005
1860	0.038331053998498066
2003	0.060756168861329334
2069	0.017858404039679684
2076	0.022738315718274657
2087	0.02359155978066307
2121	0.027927235091972123
2167	0.021735476595249357
2294	0.04038901435964122
2322	0.08035465481000043
2349	0.019956361540047193
2461	0.044103531533484536
2584	0.029552246739877008
2598	0.05368333302114965
2603	0.04860372340539263
2615	0.03302282082774201
2634	0.029156658641769143
2716	0.025995891578462625
2762	0.024687624949464113
2843	0.05368333302114965
2872	0.15338907834926402
2909	0.02275547416269489
2918	0.04038901435964122
2959	0.05739928404999005
3006	0.05739928404999005
3016	0.02713774450091153
3087	0.054795481902115396
3146	0.041976070271942265
3181	0.022013316657603175
3200	0.050064218492698466
3203	0.02996171792270174
3209	0.06548743227074624
3214	0.021397228815613147
3293	0.02996171792270174
3305	0.028403575978304514
3323	0.06884431708208553
3495	0.030977030303278263
3535	0.06884431708208553
3578	0.05739928404999005
3635	0.036491724199060716
3688	0.041976070271942265
3710	0.040515575184636415
3711	0.0473058613524986
3729	0.03277577317022032
3753	0.06548743227074624
3808	0.020939572851332605
3812	0.044579872419816924
3839	0.05992343584540348
3840	0.03144074952117824
3841	0.0517340237899602
3900	0.0146128275254052
4023	0.032427426963880214
4062	0.035117345600983084
4130	0.014538504144653963
4144	0.030826463939030865
4191	0.07501407315927448
4220	0.04507648912589567
4258	0.060756168861329334
4260	0.020623327714283612
4337	0.050064218492698466
4365	0.03260030021950919
4466	0.04559518480039344
4478	0.037775295091162786
4501	0.031599510219560194
4569	0.0335053064183699
4587	0.01275564791233477
4598	0.02031542775754831
4620	0.04914163429693689
4721	0.05739928404999005
4735	0.16659301367020513
4810	0.5349584690378031
4895	0.015706351132938407
4990	0.02641897822251718
5030	0.0479367572311562
5118	0.0473058613524986
5183	0.05266802064057313
5185	0.04670733368135919
5342	0.041976070271942265
5450	0.02589742068752124
5487	0.04364587556920399
5515	0.05539412481941485
5544	0.031168328696262775
5593	0.06884431708208553
5690	0.025323432944097467
5720	0.050064218492698466
5734	0.0517340237899602
5781	0.0415934546391261
5836	0.09341466736271838
5849	0.06884431708208553
5855	0.05729848510754744
5907	0.0479367572311562
5934	0.018726937990250176
5989	0.040863921390976526
6086	0.03295392520057313
6213	0.03313483938772143
6307	0.04507648912589567
6340	0.05895742599438728
6348	0.010852900938714468
6517	0.035117345600983084
6554	0.008961914656003824
6559	0.02019450717982061
6563	0.0946117227049972
6565	0.06288363012287161
6569	0.03555772734844779
6603	0.015030290078017039
6607	0.05086927777363107
6625	0.034470569446682524
6643	0.06884431708208553
6713	0.08103115036927283
6716	0.03891461215978707
6763	0.029287036884496322
6798	0.03571680807935937
7001	0.040329616260475876
7019	0.06884431708208553
7056	0.029687146870406578
7103	0.03277577317022032
7206	0.019494173149480085
7247	0.030242905777741864
7327	0.015788525636830614
7340	0.02025481083511091
7409	0.06548743227074624
7498	0.0760997322869159
7617	0.06288363012287161
7622	0.06884431708208553
7757	0.026195361928537723
7787	0.06288363012287161
7808	0.02367231256888759
7878	0.036491724199060716
7958	0.039528897741934445
8036	0.038458234890519374
8213	0.06288363012287161
8218	0.06884431708208553
8311	0.04122298760847764
8373	0.060756168861329334
8388	0.02025481083511091
8425	0.0479367572311562
8448	0.05739928404999005
8457	0.050064218492698466
8505	0.009526640888528224
8509	0.11265190022303875
8535	0.05368333302114965
8540	0.06884431708208553
8546	0.23323021913828718
8549	0.1073529353256585
8643	0.06548743227074624
8645	0.01883350248730792
8669	0.06884431708208553
8705	0.06548743227074624
8722	0.028525762763111535
8724	0.018208242315752406
8729	0.037775295091162786
8756	0.05739928404999005
8805	0.01396036825638449
8877	0.04782907771188853
8952	0.06548743227074624
8985	0.04278112955287486
9008	0.028044509760803395
9139	0.02758232137023629
9186	0.05027642219503247
9201	0.05368333302114965
9260	0.01899519650177572
9286	0.1501926554780954
9303	0.05895742599438728
9307	0.02367231256888759
9327	0.029823624816005565
9339	0.02996171792270174
9426	0.022888882082522054
9519	0.04670733368135919
9580	0.05372323007311925
9596	0.06884431708208553
9610	0.06288363012287161
9713	0.031129564910986188
9783	0.026398301501569264
9820	0.03991272308009439
9826	0.01695854294620902
9830	0.050064218492698466
9891	0.00473126340941692
9986	0.020376361218874546
10006	0.06485485392776043
10116	0.042794457631226294
10122	0.060756168861329334
10228	0.01728205324818626
10327	0.05368333302114965
10358	0.04860372340539263
10366	0.036491724199060716
10437	0.05368333302114965
10687	0.0357843117752195
10727	0.02660483311136246
10746	0.03428351014929393
10750	0.030977030303278263
10802	0.060756168861329334
10873	0.007255415204830358
10882	0.05086927777363107
10886	0.060756168861329334
10948	0.012597746567440567
10966	0.04364587556920399
10974	0.03260030021950919
11017	0.0473058613524986
11160	0.06288363012287161
11175	0.032502261044735616
11180	0.036491724199060716
11187	0.10012843698539693
11199	0.0335053064183699
11242	0.03861918546060299
11319	0.056024905451912424
11324	0.05739928404999005
11418	0.03067781566985281
11511	0.05895742599438728
11537	0.022663754881019554
11636	0.03199305984097111
11637	0.0986222716584677
11638	0.0517340237899602
11655	0.054795481902115396
11660	0.018887151921254716
11663	0.04149759830509477
11682	0.031129564910986188
11718	0.03698834090513947
11720	0.03428351014929393
11857	0.020875634437503884
11876	0.0072951724198774374
11889	0.011071014416781636
11934	0.0517340237899602
12164	0.0415934546391261
12330	0.038331053998498066
12371	0.02713774450091153
12406	0.037775295091162786
12434	0.02081204446362706
12534	0.03369504606767701
12537	0.014914947478289947
12557	0.0473058613524986
12576	0.03601538331272833
12624	0.02180431886766173
12666	0.022888882082522054
12739	0.014282038187268083
12829	0.01487079840987557
12855	0.029552246739877008
12858	0.05895742599438728
12860	0.04931113582923385
