90
t_index	tf-idf
3	0.08407040428904923
16	0.050925381985630014
56	0.06505206630598856
307	0.10844500822448276
320	0.06364087441501784
355	0.05819590098512973
433	0.054763555266707904
497	0.07563531294359659
721	0.08434148737334196
841	0.0763298714959356
872	0.024754793777909564
884	0.1676069666468646
918	0.05342859910025575
983	0.08496860682890989
1075	0.05278285131205837
1105	0.06207457764837986
1578	0.10369459334693365
1716	0.05246513904269374
1735	0.1324068221826641
1905	0.16093740351772987
1944	0.05545409867092871
2116	0.10645329222263678
2509	0.10458614228942728
2584	0.07563531294359659
2702	0.06164174874394684
2860	0.12439520630525777
2891	0.030678418332219255
2990	0.09959712690177795
3181	0.05634035574282139
3325	0.11536768731817706
3388	0.08723387562669783
3442	0.18435381997308883
3495	0.07928186989215281
3817	0.06809177305205577
3995	0.08933050276099129
4052	0.10550512777189228
4130	0.03720949951425775
4289	0.21898599793740797
4344	0.06835961943630288
4457	0.02702573215395278
4640	0.04570637184047767
4708	0.04833932454447615
4917	0.10743254951498041
4963	0.1676069666468646
5131	0.09884101887921834
5332	0.1519611462174101
5369	0.03730445880462276
5484	0.03664599842581689
5544	0.039885737210119954
5548	0.039269948967981326
5690	0.06481218813554637
5794	0.08255799203729092
5795	0.09217690998654442
6391	0.11601014352589377
6620	0.06481218813554637
6760	0.048065334809322166
6933	0.08673193655665631
7094	0.13479727136597847
7215	0.04820201546738534
7566	0.10037287627437691
7611	0.3352139332937292
8060	0.04328685728099241
8505	0.04876451332093163
8805	0.03572983236007887
9036	0.06433813577487565
9085	0.07462285423409425
9192	0.1676069666468646
9329	0.06341202523651181
9421	0.0700191947951439
9514	0.0673023525088549
9522	0.07147629702822028
9800	0.17054966864715979
9891	0.04843632929024817
9986	0.05215077117509732
9991	0.08170465765107782
10348	0.09402479860231208
10459	0.3218857155083814
10636	0.28831857699547
10867	0.05725371964001644
10873	0.01856933600965721
11116	0.08170465765107782
11153	0.10095704141214902
11544	0.10584623331350883
11702	0.06704378230783452
11746	0.08046870175886493
11770	0.11409665840765434
11876	0.01867108967422019
12055	0.031843637843634025
12416	0.1019875760850923
12829	0.01902998275143595
