132
t_index	tf-idf
3	0.08045062635128251
16	0.03248847528504087
44	0.03367347074214745
56	0.08300153542370342
189	0.03482852350021183
307	0.06918382999034414
320	0.04060048044674708
321	0.06615324425244053
338	0.06403411389331803
355	0.11138037755197892
357	0.05159522253567174
393	0.07730361809023849
433	0.0698741704993182
497	0.1930099215308984
721	0.05380669169660049
722	0.06124094599991867
754	0.07533348149814395
841	0.09739116514848349
872	0.03158525177353949
884	0.10692693076006515
918	0.034085433504903756
983	0.054206770284891403
1005	0.05565192644241763
1075	0.0673469414842949
1105	0.03960124211395819
1116	0.03317073615303195
1578	0.13230648850488105
1628	0.11240800365215245
1716	0.06694156456580976
1735	0.08447056462465269
1905	0.10267200073432557
1944	0.03537762592793237
2045	0.08765336849962549
2109	0.0732888481649054
2116	0.06791319021155855
2233	0.03838901128581832
2509	0.06672201889200596
2576	0.06039402721642952
2584	0.0482524803827246
2629	0.06353921501703315
2702	0.03932511357812725
2860	0.07935945550229394
2891	0.01957167520219474
2990	0.06353921501703315
3181	0.03594302455340568
3193	0.03128280321474713
3270	0.07827044279467948
3325	0.07360023846628293
3388	0.05565192644241763
3433	0.033071761720173516
3442	0.11761079230762835
3495	0.050578846345617
3817	0.043439986106349825
3995	0.0569894955715733
4052	0.2019248910315147
4130	0.023738258962472218
4157	0.09147665404453292
4289	0.1397048172121133
4304	0.03418983122079077
4344	0.04361086200939667
4457	0.034482798043285676
4640	0.029158943418966597
4708	0.12335467223020018
4917	0.06853791947424684
4963	0.10692693076006515
4990	0.021568262468069532
5131	0.1891705397464786
5332	0.09694548672337726
5369	0.023798839412491803
5450	0.08456986669657089
5484	0.04675753299165241
5488	0.0727893699025922
5544	0.025445597795265822
5548	0.025052748094282044
5690	0.04134773447561539
5794	0.15800666657599016
5795	0.05880539615381417
6250	0.07935945550229394
6391	0.07401010132469045
6620	0.04134773447561539
6760	0.0306638729280522
6933	0.22132683289757368
7094	0.08599558115244561
7215	0.030751070038967966
7251	0.09626483110576349
7321	0.03932511357812725
7566	0.06403411389331803
7611	0.3207807922801954
7811	0.019091737092661383
8037	0.015049971512407114
8060	0.027615384276105104
8089	0.01124063109930549
8103	0.026256466358956558
8505	0.093329767438633
8805	0.02279428705898818
9036	0.08209061385528621
9085	0.14281970959988188
9192	0.10692693076006515
9212	0.059984279478436396
9261	0.03560177598953339
9329	0.08090896658378063
9421	0.04466960857009176
9495	0.019091737092661383
9514	0.08587273107646147
9522	0.04559918490396075
9800	0.16320639567157325
9840	0.05630897553555192
9891	0.06180110686212897
9986	0.033270227426002684
9991	0.0521244936664156
10146	0.09372071951021173
10348	0.059984279478436396
10391	0.11240800365215245
10459	0.2053509606634396
10520	0.0645422116170162
10636	0.18393639080760632
10867	0.03652571631227444
10873	0.023693073688857248
11116	0.0521244936664156
11153	0.09661018386749584
11408	0.08305861985591008
11544	0.09003454599492114
11640	0.04961395482929384
11702	0.042771407490637306
11746	0.051336000367162786
11770	0.1455787398051844
11876	0.011911451849234075
12055	0.020315041355224845
12214	0.08051450826035832
12416	0.06506423154482609
12712	0.2138538615201303
12829	0.012140412112553976
