255
t_index	tf-idf
3	0.12995581397443123
15	0.020871856877213178
16	0.0449830423092078
44	0.023311884380572037
56	0.05746132354528814
67	0.0362724796586757
189	0.07233455551999887
191	0.03536246895930593
277	0.025702592441773437
305	0.05347288205137877
307	0.04789543252283124
309	0.04789543252283124
320	0.028107399834659402
321	0.045797381363554907
338	0.044330323741324396
355	0.07710777732532031
357	0.0714379501627078
361	0.04933576283392055
393	0.053516699271036056
433	0.04837334993893783
497	0.13361928176295393
669	0.05418602456568112
693	0.07402469041981226
721	0.03724995814471377
722	0.04239663512677502
738	0.021908087903757464
754	0.05215278888589847
841	0.06742315334869624
864	0.043653769110496746
871	0.024962776665529842
872	0.021866226475859077
884	0.07402469041981226
918	0.04719416605508596
983	0.03752692946925581
1005	0.03852739994389435
1075	0.046623768761144074
1105	0.02741563483481774
1116	0.022963845097502055
1171	0.029163157028403993
1240	0.019169340559486076
1420	0.023171564721712962
1515	0.04659701548964917
1578	0.18318952545421963
1604	0.07781919495782823
1627	0.04152665457508028
1628	0.07781919495782823
1716	0.06951469416513888
1735	0.058478321143974915
1764	0.03969541248358837
1864	0.052796327420551105
1879	0.028415349780522448
1905	0.07107903514219
1944	0.04898331577438652
1981	0.06711461360841971
1995	0.052796327420551105
2045	0.06068175174688374
2109	0.050737304980776034
2116	0.04701577839275279
2121	0.03156796442128995
2126	0.05153919343682938
2157	0.02352520315736308
2233	0.05315283354259908
2353	0.0362724796586757
2430	0.02122836299926115
2459	0.0666434009679912
2509	0.046191139664791
2576	0.04181031977747181
2584	0.03340482044073848
2623	0.06488213210975789
2626	0.034025637309935915
2629	0.043987709061882166
2698	0.043987709061882166
2702	0.027224473176705358
2737	0.03646226600543342
2778	0.030799401978669476
2860	0.05493993967360927
2891	0.013549319965898358
2941	0.046191139664791
2986	0.027707674592115972
2990	0.043987709061882166
3167	0.03288220837361503
3181	0.024883078999881552
3193	0.06497053100584535
3199	0.04124896171761078
3270	0.05418602456568112
3325	0.05095287808752616
3365	0.020697153349177287
3388	0.03852739994389435
3433	0.022895325860114966
3442	0.08142104546268863
3495	0.03501534567495397
3586	0.04883797079364273
3587	0.1319631271856465
3723	0.05418602456568112
3725	0.06332858287573548
3726	0.05750084265793685
3809	0.023171564721712962
3815	0.04744827364851272
3817	0.030073167727773766
3826	0.055739573799703526
3946	0.06014633545554753
3995	0.039453388747622595
4052	0.18638806195859667
4100	0.0374544571795948
4130	0.01643381380454456
4157	0.06332858287573548
4269	0.05215278888589847
4289	0.09671656869576496
4304	0.02366935676199079
4344	0.030191463799056607
4430	0.02141029586347964
4457	0.023872175436241566
4501	0.0357189750813539
4504	0.044682075881149357
4569	0.07574644016539686
4572	0.030552854173534004
4587	0.014418535817848856
4640	0.02018651189382095
4708	0.10674686160411513
4917	0.04744827364851272
4921	0.02961031590272251
4963	0.07402469041981226
4990	0.014931541948722909
5131	0.21826884555248371
5257	0.05095287808752616
5263	0.05750084265793685
5266	0.07402469041981226
5332	0.06711461360841971
5369	0.016475753183392495
5415	0.04239663512677502
5450	0.08782060080503852
5477	0.04883797079364273
5484	0.048554819818047844
5488	0.05039152002766514
5515	0.020871856877213178
5544	0.017615791325463665
5548	0.06937529801565735
5690	0.028624718042137533
5794	0.14584906402173367
5795	0.04071052273134432
5797	0.03451121080044238
5857	0.025368652490388017
6106	0.0595340783377195
6250	0.05493993967360927
6298	0.027906023044682263
6391	0.051236622986893715
6465	0.14804938083962452
6620	0.028624718042137533
6708	0.01508185609441711
6760	0.0424567259985223
6841	0.04044932759151652
6933	0.15322286135383342
7001	0.030391453290243488
7033	0.038305715338458356
7094	0.0595340783377195
7181	0.05347288205137877
7215	0.02128872888739765
7251	0.0666434009679912
7321	0.054448946353410715
7366	0.04882949698831098
7531	0.027129921348621338
7566	0.044330323741324396
7591	0.01932482279448893
7611	0.22207407125943673
7621	0.06488213210975789
7726	0.015700851716963858
7754	0.02366935676199079
7811	0.013217062510023218
7975	0.02657641677129954
8037	0.020837958671661612
8060	0.01911791779051328
8089	0.015563604628594985
8098	0.04044932759151652
8103	0.018177149385324692
8167	0.022624753838285112
8319	0.04701577839275279
8339	0.05659083195856708
8355	0.05153919343682938
8386	0.019965754882431196
8505	0.08614863866990226
8805	0.015780309327948248
8880	0.028945136799581363
9036	0.056830699561044896
9039	0.08316724872986662
9085	0.1977459693985198
9192	0.07402469041981226
9212	0.04152665457508028
9261	0.024646835248028846
9329	0.08401898138726178
9364	0.038305715338458356
9381	0.02983971165923165
9390	0.025787415393491643
9421	0.03092442588663732
9495	0.013217062510023218
9502	0.07370046580434067
9514	0.05944903017653004
9515	0.04071052273134432
9522	0.03156796442128995
9541	0.0653355229348349
9682	0.05750084265793685
9800	0.15064870721522286
9840	0.03898226996928601
9891	0.058828591492422255
9986	0.023032722139317254
9991	0.036085385407760566
10099	0.026758349635518028
10146	0.06488213210975789
10228	0.019535025227843165
10249	0.14216288808131966
10348	0.08305330915016056
10391	0.07781919495782823
10452	0.0306981991542778
10459	0.14216288808131966
10520	0.044682075881149357
10614	0.06488213210975789
10636	0.12733774634402836
10671	0.032244519052117615
10867	0.0252864720155964
10873	0.049207597163159845
10976	0.024036787861801596
11016	0.023962478236887932
11055	0.08362063955494362
11071	0.04332807543855151
11116	0.036085385407760566
11132	0.032244519052117615
11153	0.06688248602440444
11201	0.04883797079364273
11203	0.06505033262132008
11305	0.015272190184101132
11374	0.0357189750813539
11408	0.1150016853158737
11449	0.06193888573060547
11537	0.051236622986893715
11544	0.06233022258272406
11636	0.018081914866651
11640	0.10304207613464994
11667	0.04883797079364273
11702	0.08883094770816753
11744	0.03921572603782813
11746	0.035539517571095
11770	0.10078304005533029
11814	0.036850232902170335
11876	0.008246206351593547
12055	0.014063946626885168
12214	0.055739573799703526
12342	0.05039152002766514
12416	0.04504346625562676
12448	0.07402469041981226
12467	0.03156796442128995
12476	0.0725449593173514
12525	0.05944903017653004
12712	0.14804938083962452
12742	0.053885654195412414
12766	0.02099767569075667
12829	0.01680942755604443
