240
t_index	tf-idf
3	0.015202752280950993
75	0.025221262908844418
184	0.02511984365613796
190	0.019744634905874525
240	0.02675124020861738
278	0.021543420319097513
307	0.03922099840210366
534	0.03574755082778372
601	0.037502929333069104
612	0.022851909411671225
618	0.03211329029200866
639	0.02388136143600103
669	0.04437228919258334
697	0.033555572351817074
729	0.024062896315165783
738	0.017940271867402376
742	0.028534278321988776
790	0.024919818105333384
863	0.02397174749529812
872	0.008952996021707182
902	0.012196706923383089
977	0.02044172005846501
984	0.03291373576498177
1006	0.026404652043111945
1023	0.018527141052883733
1119	0.036021010270778475
1166	0.04437228919258334
1203	0.06867655241087414
1932	0.050721014725363125
1977	0.05313120407856933
1996	0.18095440668051466
2018	0.034718098803453924
2057	0.023322013676053754
2076	0.04209509274639816
2199	0.022770391507336882
2277	0.043674690302636106
2290	0.14126026256876414
2291	0.05313120407856933
2332	0.03815774018098994
2453	0.06755656547599388
2457	0.06372521053315573
2464	0.019032218209112984
2493	0.01504273348670001
2626	0.027863188539479302
2664	0.02532364349580945
2680	0.06810466797614873
2689	0.025221262908844418
2709	0.029858514714414076
2801	0.01680745952268995
2807	0.05313120407856933
2891	0.011095376505447981
2903	0.056238478584366036
2970	0.03496641022331874
3016	0.02511984365613796
3115	0.020978529709907257
3159	0.03211329029200866
3167	0.017951232148137458
3195	0.12135456544184371
3214	0.019806179636806528
3233	0.06061793602735903
3294	0.018974917963029667
3307	0.06810466797614873
3335	0.03400568210669238
3343	0.05625328471561531
3349	0.036021010270778475
3353	0.1091469722767555
3422	0.03658961897675415
3432	0.02310022083153605
3471	0.029703100938802445
3476	0.02553136280247667
3563	0.037502929333069104
3580	0.06810466797614873
3862	0.03548084416466193
3942	0.20431400392844618
3946	0.024626558343218963
3963	0.050721014725363125
3977	0.06810466797614873
3993	0.04040046771377147
4029	0.03447536789058743
4130	0.01345745410402675
4158	0.036301573345107856
4159	0.23283098669661126
4181	0.05313120407856933
4264	0.09889371833988583
4270	0.06810466797614873
4330	0.028673648914472636
4353	0.022293796354228144
4400	0.06061793602735903
4442	0.022934047229975666
4476	0.08874457838516668
4497	0.045644472129779644
4524	0.036021010270778475
4553	0.10271391647222122
4617	0.02629155078920725
4700	0.03922099840210366
4708	0.01748274634082829
4717	0.02773383284901566
4878	0.024062896315165783
4917	0.11656447600074127
4949	0.01177777631103798
4979	0.5129956750350166
4987	0.028534278321988776
4992	0.02839668319939549
5216	0.020376456590689603
5229	0.058207746674152815
5239	0.02176311069377861
5383	0.05185902114137305
5419	0.04875174663557634
5548	0.014202651011244684
5679	0.050721014725363125
5765	0.06810466797614873
5838	0.033555572351817074
5886	0.047086754189588055
5898	0.056238478584366036
5915	0.033337361474577505
5917	0.045644472129779644
5976	0.07998566349918068
5978	0.02237178276562438
6019	0.08255964163607182
6071	0.03192211590211486
6298	0.022851909411671225
6353	0.02424753450452427
6559	0.018692889641318947
6603	0.0139126719559729
6614	0.037164216908475364
6621	0.047086754189588055
6668	0.028534278321988776
6708	0.024700704122378146
6909	0.07046497262842617
6959	0.029770101633669364
6986	0.027109319555476775
7111	0.04378830529389756
7119	0.028534278321988776
7178	0.08874457838516668
7296	0.01986807706153127
7343	0.04521835699760947
7377	0.024341050855411158
7424	0.12123587205471806
7426	0.1891268665462531
7671	0.028126642357807655
7774	0.04788719966256117
7778	0.03067100823220024
7811	0.021646589675915998
7832	0.016439727970496882
7881	0.04270729674659506
8015	0.04634155728237012
8036	0.011866189391782694
8037	0.008531977901804636
8041	0.030503546411775558
8060	0.0156554348424735
8089	0.012744850189589924
8112	0.018974917963029667
8183	0.03400568210669238
8215	0.06810466797614873
8306	0.036301573345107856
8386	0.01634971852414827
8438	0.04788719966256117
8539	0.09812219276224508
8543	0.03960002224079835
8604	0.036885557243793644
8651	0.031735286914465935
8709	0.0378358401886445
8724	0.016854318906621462
8769	0.04875174663557634
8805	0.012922307083063245
8865	0.02310022083153605
8877	0.022136308238504435
8880	0.02370282727113672
8933	0.05170125905157561
9109	0.03516551394506626
9235	0.03067100823220024
9293	0.06810466797614873
9306	0.022934047229975666
9495	0.010823294837957999
9503	0.11895862738564104
9538	0.033123471890076105
9539	0.019744634905874525
9553	0.021689382960034382
9554	0.038854825333580416
9652	0.03651284669286489
9679	0.03522056479780536
9826	0.015697544334620846
9844	0.046033628925971716
9845	0.02104754637319908
9891	0.07883023397387394
9912	0.056238478584366036
9972	0.19117563159946718
9986	0.056583664285209334
10038	0.09692372835074313
10131	0.018861221428403113
10135	0.022450336355903565
10148	0.037502929333069104
10190	0.02735480901032097
10228	0.015996999147696606
10443	0.056238478584366036
10448	0.03400568210669238
10541	0.023268991000463934
10640	0.06810466797614873
10682	0.03250609980080065
10722	0.045540783014673764
10853	0.06905044338895758
10948	0.011661006838026877
10974	0.06035243235706079
11008	0.08541459349319012
11009	0.05313120407856933
11064	0.0323079094502477
11132	0.026404652043111945
11153	0.018256423346432446
11175	0.01504273348670001
11184	0.025221262908844418
11282	0.04378830529389756
11424	0.058207746674152815
11465	0.05191836783493586
11574	0.04875174663557634
11775	0.03935967948296984
11783	0.038500660127388966
11795	0.02773383284901566
11833	0.02044172005846501
11857	0.019323369828143724
11876	0.006752720021582321
12188	0.013700185016893247
12193	0.013665173410693978
12323	0.02675124020861738
12387	0.02104754637319908
12451	0.028260818878994023
12458	0.04634155728237012
12488	0.014425361397424551
12564	0.019622587606687076
12566	0.022805603217362476
12581	0.015996999147696606
12584	0.020774086930204327
12624	0.02018299940018391
12676	0.056238478584366036
12699	0.022063159739575615
12703	0.2724186719045949
12766	0.008597373082730604
12790	0.033123471890076105
12792	0.03522056479780536
12829	0.006882519862427624
12868	0.046033628925971716
