187
t_index	tf-idf
3	0.04512867860478649
16	0.02733655459243268
67	0.044086152002632516
76	0.05189809909974283
140	0.07107548695517447
320	0.03416218337345408
327	0.06416950089284715
393	0.03252252618160551
433	0.029396871655209135
497	0.04060075311721354
612	0.033917426801632254
651	0.08639352412714418
669	0.06585856103305106
754	0.12677466772718934
863	0.03557952100771626
960	0.058775432350055876
983	0.04561083036896748
1012	0.08817230400526503
1119	0.053463365234416235
1123	0.028856441467623988
1150	0.10108280447456756
1207	0.04431682136436124
1240	0.06989616946358386
1273	0.06010259802429824
1378	0.044086152002632516
1395	0.05047216024339054
1578	0.05566286989793091
1604	0.09458269437095781
1645	0.0473796744927679
1651	0.054746549415902554
1675	0.08232662125859526
1944	0.1488377638600482
1945	0.08099945558435293
1954	0.059963475338025964
2057	0.017307584182007524
2069	0.049070018930513395
2072	0.08997079285741906
2109	0.030833466041401608
2203	0.08997079285741906
2314	0.0723586711366608
2431	0.04319529815670524
2459	0.08099945558435293
2468	0.0473796744927679
2506	0.02305017175630556
2584	0.08120150623442708
2615	0.022684424089014468
2623	0.07885878124027053
2661	0.05266163597692262
2698	0.053463365234416235
2707	0.04885146372087745
2716	0.03571480657052081
2778	0.03743408584135868
2781	0.0571437291370628
2861	0.06774676962312202
2891	0.016468060225544204
2952	0.3249589810676307
2955	0.04078608748259431
3077	0.03598885160367476
3167	0.013321854016990705
3181	0.030243292253660667
3193	0.052644148448420344
3199	0.050134647902363765
3241	0.03518038228131231
3404	0.10108280447456756
3817	0.18275704557879427
3871	0.05683919159831209
3992	0.05047216024339054
3995	0.047952279792115644
4035	0.07885878124027053
4052	0.05663475800597351
4059	0.12017180720543752
4087	0.042980110441814046
4130	0.01997392017826452
4138	0.03953160741630456
4271	0.0605922321625723
4426	0.02725619731112675
4472	0.025155651258470867
4494	0.06124665951951228
4572	0.037134427695144294
4616	0.09458269437095781
4670	0.06338733386359467
4769	0.0485460974585072
4895	0.021578382528196004
4990	0.05444410480172135
5131	0.10611497855139727
5216	0.030243292253660667
5238	0.10108280447456756
5263	0.0698874439672044
5331	0.0723586711366608
5369	0.04004978794038239
5484	0.019671434901445087
5515	0.025367988721055796
5544	0.04282102912891401
5794	0.08863364272872248
5842	0.030243292253660667
5989	0.05614145003592929
6348	0.014910404460847267
6612	0.052948060563748525
6625	0.02367892858085189
6701	0.07976025289562264
6708	0.018330729151054062
6745	0.058212874837971794
6777	0.038208692745946495
6798	0.024535009465256698
6805	0.025583176435946993
6827	0.031761578538712934
6933	0.04655737917208891
6986	0.04023639097726046
7001	0.036938258479776
7008	0.06774676962312202
7094	0.0723586711366608
7179	0.03953160741630456
7187	0.029674075865445796
7248	0.05614145003592929
7327	0.021691279079663787
7366	0.05934815173089159
7577	0.07375357175668754
7591	0.023487698750090952
7628	0.06585856103305106
7769	0.07919361662893759
7780	0.09590455958423129
8036	0.0352242434415165
8037	0.025326788299782542
8105	0.03014700821615505
8140	0.035312327421659
8339	0.06878140240638594
8355	0.12528312027907804
8386	0.02426669786231814
8422	0.14750714351337507
8505	0.1177947376862577
8719	0.026246632936496178
8746	0.058775432350055876
8834	0.08639352412714418
8922	0.04682681818766933
9036	0.03453647066371584
9085	0.08011453813695833
9261	0.02995615781863289
9275	0.05614145003592929
9307	0.03252252618160551
9514	0.18063825560273797
9522	0.11510462678482579
9718	0.059963475338025964
9800	0.13732563642850923
9840	0.0473796744927679
9891	0.04550077072526813
9986	0.027994338926466775
10178	0.03274674304010591
10228	0.023743182150050935
10249	0.08639352412714418
10460	0.0485460974585072
10477	0.05972315586671805
10500	0.13549353924624405
10554	0.08639352412714418
10671	0.039190504248954254
10727	0.036551409115758854
10728	0.06264156013953902
10854	0.1283390017856943
10873	0.04983975060967236
10941	0.06499179621352615
10984	0.07673641785655053
11055	0.10163386293594194
11057	0.043413413685330145
11202	0.03805074817717266
11203	0.03953160741630456
11305	0.01856206424829728
11357	0.051529548522390514
11381	0.051529548522390514
11537	0.062273811174679436
11640	0.04174632920868308
11668	0.0723586711366608
11702	0.03598885160367476
11716	0.049804095076989754
11744	0.04766342073290737
11746	0.21597649078352618
11876	0.020045142217040235
12108	0.09458269437095781
12183	0.03953160741630456
12185	0.07107548695517447
12188	0.020334188015027347
12224	0.3032484134237027
12262	0.033204809747212724
12270	0.050134647902363765
12327	0.03758604189902278
12467	0.03836820892827526
12742	0.03274674304010591
12767	0.049804095076989754
12829	0.010215223570133918
