411
t_index	tf-idf
3	0.08346167898898936
12	0.05546446047173741
15	0.031277301510419124
16	0.03370443237125362
44	0.017466889525847882
67	0.027177871367389913
75	0.04615411976493334
76	0.031993716790266497
102	0.025735436497759032
140	0.04381603642175406
190	0.03613206235763274
266	0.0499338836505555
277	0.03851634946186473
278	0.05913567483600778
304	0.028701313334542653
309	0.035886598226533686
321	0.0686291839639528
355	0.05777452419279709
356	0.046530619169923085
357	0.026763147137194764
369	0.0499338836505555
393	0.0601476649438671
433	0.018122343642086005
469	0.021213249077083215
497	0.025029221093573667
596	0.021447635016894846
639	0.02185107105561181
698	0.035551555613473486
722	0.06353303147335611
744	0.041763975913875734
758	0.057209775085312484
764	0.0541980935364491
775	0.030503162742198754
779	0.05546446047173741
783	0.11092892094347483
841	0.05051812851334499
863	0.02193377288186365
864	0.032708448188571826
872	0.01638370180487436
918	0.03536116048326414
920	0.03522750000606374
967	0.0499338836505555
977	0.018703853157344966
983	0.014058896324787193
1009	0.04006561237917428
1012	0.027177871367389913
1022	0.024056356501984878
1049	0.028377257727132905
1075	0.052400668577543635
1123	0.017789183648436152
1157	0.01695204340375729
1162	0.0499338836505555
1170	0.026235938915496134
1185	0.08616728274324932
1223	0.0343145919819764
1227	0.05145732561770824
1240	0.014363006798152375
1273	0.018525779680802965
1298	0.04240179789240432
1321	0.05145732561770824
1376	0.05546446047173741
1419	0.10291465123541647
1420	0.017361752251675452
1463	0.039076506517595484
1476	0.03374970620581738
1570	0.05546446047173741
1572	0.05145732561770824
1578	0.41177510378371673
1593	0.09093400058907947
1651	0.06749941241163476
1716	0.05208525675502635
1871	0.05546446047173741
1906	0.02210128215583403
1944	0.09175429056627128
1954	0.036965794142823215
1977	0.04861421819280657
1981	0.050286949022671314
2075	0.030503162742198754
2133	0.04381603642175406
2158	0.07815301303519097
2169	0.03735340502112959
2219	0.025376021959733805
2233	0.019912904858263927
2264	0.025259064256672493
2280	0.0349137336349449
2294	0.051311102285578156
2353	0.054355742734779826
2358	0.0349137336349449
2364	0.04745019076367906
2370	0.05325917502536435
2430	0.047717310012704246
2487	0.038177449666854255
2584	0.025029221093573667
2621	0.021213249077083215
2635	0.025735436497759032
2640	0.022357992967283434
2664	0.023170736513360737
2665	0.03222626423866465
2709	0.027320072533894235
2716	0.02201717262207113
2725	0.05145732561770824
2787	0.032958659288794045
2809	0.030906598780915718
2884	0.05325917502536435
2891	0.010152095434719389
2932	0.04861421819280657
2952	0.04006561237917428
2990	0.032958659288794045
3009	0.030906598780915718
3031	0.038177449666854255
3080	0.04745019076367906
3115	0.03839005113355105
3167	0.016425095790954962
3181	0.09322069054102164
3193	0.03245363520707167
3199	0.030906598780915718
3218	0.030702822271511908
3268	0.03402811364632075
3325	0.038177449666854255
3362	0.04546700029453973
3365	0.015507750688352594
3366	0.03623339909269382
3388	0.028867414901001972
3390	0.023852579992581068
3433	0.017154774831939303
3442	0.06100632548439751
3495	0.026235938915496134
3536	0.05145732561770824
3629	0.06921924632315943
3726	0.04308364137162466
3817	0.06759874360449641
3871	0.017519880594172893
3886	0.028537957374592082
3946	0.02253291453483214
4011	0.04108341111539071
4052	0.0349137336349449
4059	0.024694178480513473
4100	0.02806349135601405
4130	0.024626718760801438
4138	0.02437012287310373
4200	0.017414181077897356
4209	0.02193377288186365
4248	0.027464349703045562
4269	0.039076506517595484
4278	0.0499338836505555
4289	0.03623339909269382
4298	0.01613402057840664
4353	0.020398473912011255
4430	0.016042086793926526
4442	0.0209842934188626
4472	0.03101550137670519
4494	0.03775684105984656
4504	0.0334789273342491
4564	0.015996438627020153
4569	0.05675451545426581
4572	0.022892329072857365
4582	0.05325917502536435
4587	0.021606745138521205
4598	0.05161834266916211
4640	0.015125142498366002
4682	0.02185107105561181
4683	0.07635489933370851
4708	0.04798931588106045
4744	0.026763147137194764
4769	0.02992730216139751
4889	0.02806349135601405
4917	0.07110311122694697
4920	0.03693425562781807
4921	0.022186113668672004
4949	0.010776480551130894
4990	0.04475101015622086
5131	0.09812534456571545
5195	0.021527015448202066
5257	0.038177449666854255
5263	0.04308364137162466
5266	0.05546446047173741
5332	0.025143474511335657
5333	0.025376021959733805
5362	0.018763931218131944
5369	0.049379133151378735
5414	0.016367667644114927
5415	0.031766515736678054
5440	0.05546446047173741
5450	0.02193377288186365
5477	0.0731856272614381
5484	0.03638065717313239
5531	0.02480460209370721
5544	0.026397958738049725
5548	0.025990405719242105
5769	0.012995202859621052
5794	0.13660036266947115
5795	0.21352213919539123
5857	0.019007963630710143
5882	0.021447635016894846
5895	0.041763975913875734
5934	0.031721491464886606
6075	0.05546446047173741
6086	0.05582053283503863
6131	0.03955869046750266
6236	0.046408932746433505
6250	0.04116483426090724
6348	0.02757553354498706
6385	0.035886598226533686
6388	0.014676773169271224
6391	0.019195025566775523
6502	0.05546446047173741
6517	0.02974257135178821
6547	0.025376021959733805
6559	0.017103700761859388
6569	0.030115551863892382
6590	0.05546446047173741
6612	0.032640988468859794
6628	0.032708448188571826
6708	0.011300378379770215
6715	0.05325917502536435
6760	0.015905770004234748
6858	0.039076506517595484
6909	0.025789737791319364
6921	0.05325917502536435
6933	0.08610394000362795
6943	0.16639338141521223
6961	0.04116483426090724
6985	0.032547089854597054
7001	0.03415709441273552
7033	0.028701313334542653
7094	0.044607083338777394
7112	0.031993716790266497
7119	0.026108417009863206
7133	0.02774694460162941
7179	0.02437012287310373
7187	0.018293232232404817
7215	0.015951000337484374
7321	0.06119542173603376
7340	0.017154774831939303
7366	0.07317292892961927
7367	0.03374970620581738
7377	0.022271679662619503
7416	0.019321730001828998
7441	0.03659281363071905
7482	0.04308364137162466
7483	0.022186113668672004
7501	0.013763865145183882
7531	0.02032762908845907
7551	0.05582053283503863
7564	0.044607083338777394
7574	0.016180310173874956
7591	0.014479504931794892
7650	0.028701313334542653
7671	0.025735436497759032
7689	0.05145732561770824
7700	0.03764875346223194
7702	0.05145732561770824
7713	0.07110311122694697
7726	0.02352834613665814
7735	0.030503162742198754
7754	0.017734732763779633
7757	0.022186113668672004
7769	0.032547089854597054
7811	0.009903144977469053
7818	0.03402811364632075
7821	0.011187752539055216
7931	0.0499338836505555
7938	0.04240179789240432
7944	0.027037687306834972
7975	0.039825809716527855
8035	0.08454535862922594
8036	0.010857377132960016
8037	0.015613251855582762
8060	0.1002713409142518
8089	0.005830668989122976
8098	0.030307457127947225
8103	0.013619587976032558
8105	0.01858478171017022
8134	0.04116483426090724
8167	0.01695204340375729
8292	0.026108417009863206
8339	0.08480359578480864
8355	0.07723351603121777
8386	0.014959735950055621
8388	0.017154774831939303
8390	0.028537957374592082
8505	0.04841142600971212
8611	0.05145732561770824
8614	0.03735340502112959
8645	0.03190200067496875
8653	0.021368887105704625
8677	0.027320072533894235
8719	0.016180310173874956
8722	0.024159842374939542
8765	0.04308364137162466
8776	0.03955869046750266
8777	0.015125142498366002
8799	0.036965794142823215
8805	0.011823708251774336
8865	0.021136339657306484
8877	0.0067514582522824294
8894	0.0349137336349449
8905	0.04403434524414226
8922	0.028867414901001972
9036	0.02129076171415587
9038	0.0499338836505555
9065	0.0334789273342491
9068	0.017519880594172893
9085	0.0987767139220539
9092	0.05145732561770824
9135	0.02974257135178821
9261	0.018467127813909034
9329	0.0209842934188626
9339	0.025376021959733805
9353	0.03623339909269382
9381	0.022357992967283434
9415	0.04745019076367906
9433	0.08373079925255793
9495	0.03961257990987621
9502	0.027610764389359912
9514	0.13363007797571702
9515	0.09150948822659626
9522	0.02365292046326791
9541	0.024476965108992575
9800	0.11287651753854187
9818	0.0334789273342491
9833	0.04861421819280657
9840	0.029208235246214277
9844	0.021060024138588474
9868	0.05830756789663908
9891	0.07212842737252516
9986	0.01725772170619924
10099	0.040098443295911404
10155	0.03222626423866465
10169	0.054075374613669944
10178	0.020187445027904132
10181	0.029208235246214277
10217	0.015125142498366002
10228	0.02927400650835031
10302	0.038177449666854255
10342	0.031766515736678054
10348	0.031114665635759035
10395	0.05546446047173741
10403	0.019132277352395182
10452	0.02300123166864684
10467	0.0499338836505555
10474	0.032708448188571826
10475	0.051470872995518065
10558	0.016367667644114927
10569	0.04745019076367906
10600	0.04308364137162466
10636	0.07155773997774321
10690	0.08762470573864281
10697	0.06749941241163476
10747	0.02649602788816958
10873	0.024579842322760857
10971	0.04006561237917428
10984	0.02365292046326791
11016	0.03590871962955274
11020	0.0343145919819764
11032	0.025029221093573667
11036	0.04240179789240432
11128	0.04116483426090724
11153	0.08352170474729555
11174	0.058766313627525955
11202	0.023457214849016386
11203	0.02437012287310373
11249	0.04059994848474822
11302	0.046408932746433505
11316	0.019132277352395182
11371	0.04116483426090724
11408	0.08616728274324932
11432	0.032708448188571826
11439	0.041763975913875734
11481	0.02201717262207113
11535	0.02061410742411472
11537	0.057585076700326567
11544	0.023351074803744255
11592	0.007866461492398422
11625	0.05546446047173741
11635	0.036965794142823215
11640	0.0772063094932771
11667	0.03659281363071905
11682	0.02636512782131261
11702	0.04437222733734401
11744	0.029383156813762978
11746	0.026628685055318263
11770	0.03775684105984656
11802	0.054928699406091124
11854	0.04059994848474822
11876	0.012357265761893346
12008	0.05325917502536435
12032	0.04059994848474822
12055	0.010537689618688655
12104	0.05145732561770824
12185	0.04381603642175406
12193	0.012503419287235246
12223	0.05546446047173741
12226	0.08616728274324932
12270	0.030906598780915718
12303	0.05145732561770824
12327	0.023170736513360737
12416	0.03374970620581738
12448	0.05546446047173741
12468	0.04861421819280657
12508	0.04116483426090724
12525	0.04454335932523901
12544	0.035886598226533686
12591	0.021687715095661246
12742	0.060562335083712386
12748	0.01479705226727716
12762	0.028537957374592082
12766	0.015732922984796845
12767	0.030702822271511908
12829	0.01889219309693787
12839	0.01864413810820433
