182
t_index	tf-idf
3	0.12591131852972165
15	0.04718532290427642
34	0.0374205287151699
44	0.02635076501519493
190	0.027254637504044475
191	0.039972234534603926
250	0.0374205287151699
278	0.0297376028573501
294	0.04792335752109602
356	0.07019666609465484
644	0.039972234534603926
722	0.04792335752109602
738	0.024763973038801658
754	0.05895129979130661
758	0.028769124149902018
764	0.027254637504044475
864	0.04934436843796871
872	0.024716654656823482
926	0.06610141307290474
1105	0.09296841123792683
1170	0.03957986110189747
1428	0.04792335752109602
1520	0.3105166248761237
1578	0.20706966711417601
1607	0.16734873858594174
1747	0.0448700100540995
1981	0.07586351164966076
2109	0.028675648420917174
2167	0.02777177593206763
2351	0.09325215238690723
2353	0.12300261605631052
2430	0.04799128169295277
2530	0.046017447608543864
2629	0.04972183999043902
2700	0.09400872930149663
2716	0.03321537822773954
2891	0.015315576411944934
2952	0.0604434770959747
3031	0.05759497153525821
3159	0.04432779284819501
3167	0.03716865320230894
3181	0.028126776749410113
3187	0.03583293137321612
3193	0.04895995443063239
3212	0.03509833304732742
3297	0.15525831243806185
3355	0.07533087287377233
3366	0.054662152856720776
3433	0.051759809875258224
3474	0.03977475707892317
3621	0.09029739446473546
3696	0.07158394314509098
3710	0.051767416778544004
3817	0.03399343283966925
3871	0.05286141598916577
3946	0.03399343283966925
3959	0.04662607619345362
3998	0.0879635162275567
4059	0.037253942290088826
4200	0.026271248400390416
4276	0.03347024477474627
4304	0.026754836628128883
4426	0.025348727591492325
4457	0.040476141378310626
4569	0.0856205621540972
4653	0.07001308845502026
4700	0.054138964791797806
4708	0.024132424649324278
4835	0.09400872930149663
4859	0.02320028801943176
4895	0.02006826316703261
4920	0.02785973683578706
4990	0.0337559629914112
5257	0.05759497153525821
5450	0.0330895603508197
5484	0.018294769404495943
5515	0.02359266145213821
5531	0.1122615861455097
5544	0.03982428620492427
5594	0.032841065766272694
5612	0.039972234534603926
5794	0.082430796905585
5795	0.18406979043417546
5857	0.08602694526275152
5858	0.04233692925886779
6132	0.09400872930149663
6173	0.03321537822773954
6388	0.022141561059997057
6495	0.09400872930149663
6612	0.02462129893630446
6625	0.02202180676206748
6628	0.04934436843796871
6640	0.09400872930149663
6714	0.06610141307290474
6760	0.023995640846476384
6805	0.023792789690995134
6947	0.0325966450474345
6961	0.06210177678706978
7001	0.0343532093351017
7179	0.11029520400932596
7287	0.07334000928444509
7448	0.054662152856720776
7894	0.04934436843796871
7975	0.03004085392041633
8037	0.02355434435883319
8089	0.017592438331552974
8103	0.06164003530722288
8105	0.05607446191019701
8167	0.025574061804121355
8414	0.030560395334976242
8505	0.048689382996884634
8519	0.10827792958359561
8848	0.061249583136565214
8914	0.04897621812990021
9008	0.03583293137321612
9036	0.09635851731254308
9085	0.18626971145044416
9189	0.37603491720598653
9235	0.04233692925886779
9261	0.02785973683578706
9433	0.0842115444528567
9495	0.029880013362027325
9514	0.10079799206634547
9580	0.022881018219213768
9668	0.04210577222642835
9800	0.0851434534176818
9840	0.08812780802701799
9980	0.16734873858594174
9998	0.04559499141112324
10023	0.03644783624949832
10169	0.040789388615666666
10205	0.04934436843796871
10342	0.04792335752109602
10452	0.017349970922517513
10497	0.08367436929297087
10520	0.05050672278198661
10636	0.035984296428996476
10671	0.03644783624949832
10894	0.08034744846354602
10948	0.01609634798605711
10984	0.03568308760001809
11013	0.06300564927591933
11132	0.03644783624949832
11188	0.14002617691004052
11189	0.06499651286524655
11202	0.0707756873921566
11203	0.18382534001554326
11305	0.05178910742333655
11306	0.03188654275089044
11372	0.032964795355503
11404	0.034398235893716746
11449	0.07001308845502026
11481	0.03321537822773954
11536	0.034674342486961655
11537	0.02895785236531448
11544	0.03522771951440708
11623	0.018481722699675938
11640	0.03882479698015956
11652	0.04662607619345362
11660	0.024132424649324278
11663	0.05302216387102046
11686	0.05010911708744893
11702	0.06694048954949254
11716	0.04631865643752223
11746	0.04017236277346085
11749	0.07762915621903092
11760	0.04934436843796871
11775	0.036220262759903935
11802	0.041433056770018246
11876	0.00932116178556293
11958	0.0639678753810803
12187	0.09400872930149663
12188	0.01891114108484593
12262	0.030881038444266727
12488	0.019912143102462136
12525	0.10079799206634547
12591	0.06543670907823229
12699	0.030455028607140906
12742	0.06091005721428181
12762	0.04305271454764192
12829	0.009500331855163397
12904	0.054138964791797806
