23
t_index	tf-idf
189	0.2194761682635618
319	0.12838798940362284
393	0.3653535992830441
726	0.37547050635274454
950	0.18649745813928315
1110	0.24661534780198316
1235	0.16256677867446973
1273	0.11253072404760389
1665	0.19433870948564705
2269	0.17848144412962813
2472	0.22689494235035226
3018	0.2882256193711949
3241	0.13173719674437628
4696	0.2882256193711949
5012	0.1677154409572358
8103	0.08272915486310885
10226	0.21207570168918477
10503	0.17534868470656143
11153	0.10146680000348567
11429	0.19868018623516265
11519	0.12262414024146433
11612	0.18409590059973077
12719	0.11042415939867976
