315
t_index	tf-idf
3	0.011377396246489986
76	0.026168071220004776
189	0.01477643856289683
272	0.027167277127564636
364	0.03235556019670296
631	0.017805189687933664
642	0.032770178128547614
721	0.02282816479781902
725	0.1529039833342225
742	0.02135440906207989
758	0.015597536215489743
764	0.01477643856289683
841	0.02065971255394666
872	0.006700219897672319
926	0.10751309413462175
983	0.011498951582068756
984	0.024631896042907966
1003	0.03468097421685786
1105	0.03360264876618998
1123	0.014550001417767256
1157	0.01386529367694756
1301	0.034134396147370356
1371	0.03881011948210172
1445	0.04769050746391276
1460	0.10404292265057359
1487	0.043561362198668914
1488	0.04709957264990316
1491	0.028556390440808925
1555	0.019185956818207534
1625	0.04536509344375785
1642	0.10193598888948167
1681	0.055664060991515746
1716	0.028400799594759253
1832	0.04769050746391276
1849	0.04084156374281277
1879	0.03482797403730728
1905	0.021779942967884255
1906	0.05423076624375547
1954	0.030234797043890937
1964	0.04208760646292978
1981	0.020565170219021798
2057	0.017453667990828026
2198	0.02544908400861029
2203	0.04536509344375785
2430	0.013009533247054901
2442	0.04208760646292978
2584	0.04094344176711241
2698	0.02695731006306287
2891	0.008303529036952804
2909	0.00788169711311776
2941	0.02830765458501769
2952	0.032770178128547614
2990	0.02695731006306287
3069	0.04536509344375785
3077	0.036292613726802606
3085	0.05096799444474084
3093	0.020288002123263253
3146	0.05815614643174977
3167	0.013434296467357394
3181	0.0304985592670824
3270	0.0996216554433562
3433	0.09821777218185965
3438	0.018723929498324708
3481	0.036484705461946806
3621	0.39164678715681267
3651	0.01857560831879086
3770	0.10193598888948167
3817	0.07371983895552346
3847	0.024948927950631035
3902	0.026168071220004776
3981	0.011081272382439467
4011	0.01680132438309499
4059	0.020197685234063834
4095	0.04536509344375785
4242	0.04769050746391276
4260	0.014286392922106489
4278	0.04084156374281277
4288	0.02234543765231241
4289	0.029635761740846814
4298	0.013196222318540153
4330	0.021458710863917697
4369	0.020950160955247817
4417	0.019846183007627312
4426	0.013743125948665079
4432	0.04208760646292978
4436	0.023475172214891912
4472	0.02536797628954123
4489	0.05096799444474084
4494	0.03088180446096383
4524	0.02695731006306287
4527	0.02695731006306287
4588	0.05096799444474084
4597	0.04769050746391276
4636	0.02374920786438428
4640	0.012371047999974051
4708	0.013083692276279976
4726	0.026553061956230792
4836	0.018875023196317814
4866	0.05096799444474084
4890	0.05096799444474084
4895	0.021760513799363338
4917	0.029078073215874883
4920	0.030209001288048057
4949	0.00881422163019155
4971	0.04208760646292978
5020	0.04208760646292978
5030	0.03320721848111873
5066	0.03881011948210172
5086	0.018951642513946827
5216	0.0609971185341648
5220	0.04536509344375785
5286	0.031225825634123457
5314	0.013465049670501363
5345	0.04540950716806943
5369	0.030290869646954228
5474	0.01680132438309499
5484	0.029756206013136242
5515	0.012791052987991915
5531	0.08115200849305301
5544	0.03238684343156049
5548	0.04251577222843084
5554	0.04084156374281277
5578	0.04270881812415978
5595	0.03583769804487392
5600	0.030234797043890937
5607	0.043561362198668914
5612	0.0650143229094089
5677	0.05096799444474084
5762	0.03196117576100172
5794	0.02234543765231241
5842	0.0152492796335412
5896	0.021889921228865947
5899	0.02156437612658166
5903	0.036484705461946806
6026	0.039762192442774874
6068	0.035238662741829796
6106	0.07296941092389361
6155	0.038057990083849975
6298	0.017101852583051733
6381	0.08168312748562553
6496	0.03320721848111873
6544	0.018146306863401303
6554	0.006208185016687686
6628	0.1337632959785999
6665	0.018076922081251823
6692	0.10249169853256193
6701	0.02010836634196288
6702	0.05089816801722058
6708	0.009242724382207235
6718	0.04208760646292978
6744	0.01950933103891876
6760	0.013009533247054901
6798	0.024742095999948102
6805	0.025799109972146406
6832	0.035238662741829796
6900	0.08168312748562553
6938	0.05096799444474084
6955	0.04208760646292978
6958	0.027567287430297106
6961	0.03366924580100156
6971	0.5096799444474084
6985	0.039931023217882416
6986	0.020288002123263253
7179	0.019932635997379967
7215	0.013046527716610898
7281	0.016980297247472964
7296	0.014868819882573232
7327	0.021874363248593605
7531	0.016626228493791917
7551	0.11414082398909511
7569	0.031585141565845756
7574	0.013234083172247798
7754	0.014505465340979904
7769	0.039931023217882416
7799	0.043561362198668914
7811	0.024299727796985745
7832	0.02460624179731059
7883	0.05096799444474084
8018	0.022463443799035605
8026	0.037188042566828734
8060	0.023432347291103075
8089	0.009537957866405954
8103	0.011139635650346456
8105	0.03040146254891728
8154	0.10193598888948167
8290	0.05096799444474084
8292	0.02135440906207989
8386	0.012235759863093434
8407	0.020852180634524178
8428	0.03235556019670296
8489	0.043561362198668914
8505	0.00659938768596771
8519	0.029352108865367262
8524	0.025982240564862785
8597	0.04208760646292978
8614	0.030551828951614013
8672	0.029635761740846814
8775	0.018358107910324713
8800	0.02675265919571998
8865	0.01728768323819373
9068	0.014329734996396991
9085	0.020197685234063834
9181	0.05096799444474084
9185	0.04536509344375785
9261	0.060418002576096114
9275	0.02830765458501769
9284	0.04084156374281277
9451	0.029635761740846814
9458	0.02104934351847962
9492	0.06392235152200344
9514	0.01821629238706856
9522	0.019346026949648053
9533	0.03583769804487392
9574	0.05096799444474084
9641	0.03320721848111873
9755	0.0236110288160288
9800	0.06924236333757201
9818	0.027382843968867226
9840	0.02388979014673657
9883	0.02403286073986384
9891	0.022942408865796498
9906	0.05096799444474084
9991	0.04422894230811769
9997	0.09592978409103767
10003	0.05096799444474084
10011	0.043561362198668914
10049	0.0341592914417919
10087	0.01926559566425743
10099	0.016398515478169805
10135	0.03360264876618998
10217	0.012371047999974051
10279	0.035238662741829796
10325	0.031585141565845756
10328	0.04769050746391276
10348	0.02544908400861029
10362	0.04536509344375785
10403	0.015648534980802122
10452	0.02821950349182763
10464	0.02830765458501769
10468	0.1683504258517191
10477	0.015056811552963685
10500	0.0341592914417919
10549	0.026553061956230792
10558	0.026774650499305084
10633	0.1529039833342225
10636	0.09754665519459381
10665	0.03615384416250365
10671	0.019760644881492716
10708	0.06392235152200344
10762	0.04769050746391276
10763	0.05096799444474084
10948	0.017453667990828026
10955	0.05096799444474084
10969	0.039762192442774874
10984	0.019346026949648053
11022	0.035238662741829796
11046	0.019592237175833145
11056	0.03235556019670296
11153	0.054650778653097795
11174	0.02403286073986384
11184	0.018875023196317814
11188	0.11387538359305781
11189	0.07047732548365959
11190	0.04536509344375785
11194	0.024477924197300792
11232	0.04084156374281277
11278	0.05096799444474084
11299	0.036484705461946806
11372	0.01787227121390893
11456	0.04769050746391276
11481	0.018008127815045818
11512	0.04769050746391276
11514	0.015152472758052793
11536	0.018799123319523128
11544	0.009549571757069818
11573	0.04536509344375785
11592	0.006434079726714749
11600	0.05096799444474084
11601	0.03088180446096383
11636	0.022162544764878934
11653	0.06733849160200311
11660	0.013083692276279976
11668	0.036484705461946806
11686	0.027167277127564636
11718	0.025622924633140483
11746	0.04355988593576851
11770	0.03088180446096383
11775	0.049093157753820615
11778	0.05096799444474084
11857	0.01446117329871455
11876	0.025267915311431542
12185	0.03583769804487392
12188	0.010252908861951746
12327	0.037903285027893655
12397	0.04208760646292978
12416	0.02760431748013576
12430	0.058704217730734524
12480	0.021779942967884255
12488	0.01079561447718683
12517	0.04806572147972768
12525	0.01821629238706856
12537	0.0413281121338828
12587	0.043561362198668914
12612	0.013662694663274449
12684	0.04769050746391276
12698	0.01910709494889575
12699	0.0495347104592276
12717	0.06963036893462413
12721	0.026358274760018747
12739	0.009893592930229445
12755	0.07343377259190237
12766	0.03217039863357375
12767	0.025112232039901733
12829	0.010301444659766372
12855	0.020471720883556206
