155
t_index	tf-idf
3	0.030250209659853113
211	0.07804135743361484
250	0.05394171957380799
289	0.09220973925308859
320	0.045798514001946726
393	0.04360035640650389
536	0.13266836892105116
554	0.05018489262860599
738	0.035697285288512154
758	0.041470713551114945
841	0.16479006867550852
871	0.08134925915373924
872	0.01781453790310208
918	0.03844935297463535
983	0.030573400863435043
1012	0.11820557414099328
1105	0.04467134431646633
1123	0.03868552908794104
1191	0.13551365220063366
1511	0.02833344907453936
1578	0.14924553846812133
1627	0.06766399888280045
1716	0.037756008652418474
1806	0.07339433146216298
1885	0.19055444980874878
1944	0.07981396666185803
2057	0.023202897421231154
2098	0.06136717525773905
2318	0.13551365220063366
2349	0.03675620931377354
2430	0.06917946774010808
2468	0.06351814993624959
2499	0.0952852353998303
2788	0.06766399888280045
3115	0.04174276541197808
3167	0.0714381877831775
3193	0.03528790510077645
3199	0.06721152301182447
3285	0.057335341485911094
3320	0.07399977459832618
3817	0.09800311671412412
4200	0.07574004765428274
4298	0.0350861025849412
4304	0.03856711661191777
4330	0.05705439879216124
4406	0.06633418446052558
4426	0.03654020940486651
4430	0.034886177329012856
4494	0.08210851053965401
4527	0.14334813758901946
4569	0.06171105155438127
4640	0.03289212993937637
4920	0.0401598310711974
4921	0.048247382377955755
4922	0.24123332934560826
4949	0.023435243576399544
4985	0.04498740604244743
5043	0.08829131898999251
5069	0.08712931654157018
5239	0.04330391294754508
5333	0.055184366807400555
5369	0.0805373336524456
5484	0.026371923507450157
5515	0.06801767755542795
5531	0.10788343914761599
5544	0.02870336887867436
5690	0.04664143811830109
5794	0.17823608124719134
5795	0.06633418446052558
5910	0.10858950846838021
6298	0.09094077678252917
6353	0.09649476475591151
6544	0.048247382377955755
6556	0.0412020624276347
6625	0.031744450590471554
6696	0.08997481208489486
6744	0.051871389680467686
6755	0.040936728069473065
6760	0.06917946774010808
6777	0.051223346312258305
6798	0.03289212993937637
6827	0.08516042921071057
6844	0.07957713991250147
6909	0.0280420302362825
6947	0.04698808773064889
7001	0.024760088219479955
7122	0.11190248559531307
7416	0.04201830521215677
7769	0.03538952141315751
7821	0.024329622698361128
7975	0.04330391294754508
8060	0.06230190133327207
8089	0.038039269126445036
8093	0.2710273044012673
8167	0.03686502883755113
8212	0.03928757994092608
8220	0.13551365220063366
8259	0.08038824787200076
8371	0.06206051957995593
8505	0.07018578128146477
8645	0.03468809472838041
8700	0.08497834186305962
8719	0.03518676698457575
9036	0.04630029111368497
9085	0.05370158511993848
9260	0.06997181496982202
9276	0.05018489262860599
9316	0.06721152301182447
9443	0.025777642049040088
9495	0.021536030582362073
9514	0.09686691963532731
9515	0.13266836892105116
9630	0.13266836892105116
9800	0.06136717525773905
9991	0.17639380076968897
9997	0.0510116026287401
9998	0.026290085416905924
10099	0.08720071281300779
10131	0.07505955396839732
10337	0.0839785425244147
10475	0.055965973307180894
10569	0.10318830651782206
10617	0.11582090585840918
10728	0.0839785425244147
10829	0.09369252094055067
10919	0.12679947312314263
10948	0.04640579484246231
11116	0.05879793358989632
11174	0.0638985458848916
11202	0.0510116026287401
11203	0.10599374495378046
11372	0.09503755333919996
11537	0.08348553082395616
11544	0.05078078350348297
11592	0.01710692468510773
11623	0.053282833638994186
11660	0.034786907822127816
11663	0.0382157440438251
11716	0.13353675441659443
11746	0.0579084903860496
11857	0.0768987059492707
11876	0.013436461546709823
11920	0.12679947312314263
12073	0.12679947312314263
12193	0.02719075816486859
12480	0.0579084903860496
12525	0.04843345981766366
12537	0.027470785709901892
12553	0.07059925433596947
12612	0.03632635878442876
12718	0.04998309011277074
12739	0.026305074899805162
12742	0.04390094606206679
12829	0.02738947066675685
12839	0.08108953860487403
