39
t_index	tf-idf
660	0.11382338226878219
780	0.28455422977124833
1996	0.12134867096914116
2057	0.054739389636334394
2233	0.10216093794581799
2332	0.17912101728624397
2436	0.14558635650443508
2493	0.0706139753592098
2814	0.17457744268749026
3422	0.17175990355155846
4260	0.08961192903083937
4429	0.1439766131245758
4734	0.13661549938989037
6582	0.16533325522044318
6625	0.07489029572975574
7030	0.1937072629031477
7133	0.07117630264920188
8036	0.055702562706432535
8370	0.37672902041170386
8492	0.20295145037019477
8777	0.07759785702767323
8877	0.06927520745612997
8879	0.08091293668345781
8936	0.17912101728624397
9306	0.10765757748857945
9363	0.31969863393291653
9580	0.07781224490564792
9629	0.3491548853749805
9891	0.0205581585447644
10133	0.12502819795967066
10403	0.09815601557243764
10452	0.0590026271381201
10671	0.12394937731159973
10873	0.03152603505273425
11623	0.06285141330720342
12006	0.2991404753881521
12055	0.05406244156187861
12323	0.12557634013723462
12766	0.040358003520745304
