234
t_index	tf-idf
175	0.05191566239157577
185	0.03568920707215162
604	0.02546288072866775
616	0.04425575840893524
633	0.030761164216688553
639	0.027941238108802762
641	0.06579912645322389
698	0.045460219227070435
720	0.054219709786204266
729	0.028153634261232692
804	0.05123240012411189
847	0.03422237128780159
854	0.032005178349086165
902	0.04281051059875371
982	0.03588513771920284
983	0.01797728673153374
991	0.032151275624698314
1017	0.05123240012411189
1115	0.06579912645322389
1200	0.05813922247058336
1499	0.14184619991147637
1507	0.09035862135037503
1511	0.016660185773296886
1674	0.06216360939660434
1706	0.03588513771920284
1737	0.09085112976941975
1882	0.07092309995573819
1956	0.07092309995573819
2041	0.07455861701235772
2076	0.07387700735516786
2199	0.053282802376420815
2248	0.07092309995573819
2277	0.02554973518458083
2344	0.04726862373917125
2358	0.44644628278336673
2359	0.17111890768227017
2373	0.041208127517322404
2461	0.04776426662169892
2463	0.06385108213810436
2506	0.018170225953883953
2626	0.032599983361016535
2637	0.04182470217045089
2642	0.07099253569960282
2682	0.06216360939660434
2727	0.045460219227070435
2737	0.03493451876461934
2991	0.032448636958188566
3000	0.027732352797787373
3167	0.02100297561098736
3241	0.027732352797787373
3293	0.06489727391637713
3300	0.031717955221988337
3343	0.06581644965482673
3377	0.057039635894090064
3390	0.030500592643069042
3431	0.07968259051487202
3471	0.034752684352817066
3639	0.05263798890526314
3825	0.041512654869485195
3900	0.03165147849851604
3939	0.05609397993872331
3984	0.07092309995573819
4078	0.03952065477582239
4110	0.1305365247358527
4113	0.06067515295070962
4163	0.041512654869485195
4198	0.06579912645322389
4288	0.06986903752923868
4344	0.02892645943788296
4365	0.035306230079327185
4421	0.03608415401480811
4587	0.0414432232499141
4598	0.044003347315109444
4709	0.03290822482741337
4859	0.01966475947303376
4990	0.028611838458675678
5041	0.030500592643069042
5061	0.05058419272958472
5178	0.0438784983461293
5330	0.05934368328871855
5341	0.07455861701235772
5354	0.07455861701235772
5393	0.06067515295070962
5416	0.041208127517322404
5584	0.03649184335692121
5657	0.05813922247058336
5663	0.04881798282626746
5714	0.0681031738478524
5798	0.07904130955164478
5845	0.14911723402471544
5909	0.07092309995573819
5925	0.02939026465191258
5934	0.04056266825232446
5935	0.05123240012411189
6138	0.12432721879320868
6155	0.029749642620903575
6233	0.041208127517322404
6348	0.011753726652526145
6421	0.19760327387911192
6428	0.029749642620903575
6472	0.12135030590141924
6484	0.03978671246786553
6554	0.029117347263582567
6603	0.016277852537564377
6620	0.02742535939554546
6678	0.14184619991147637
6732	0.03229908167910968
6760	0.020338907226153464
6787	0.07455861701235772
6798	0.01934070906185077
6909	0.016488830285638995
6958	0.021549139806704753
6959	0.01741553764635167
7001	0.014559034744218208
7060	0.05813922247058336
7089	0.057039635894090064
7103	0.03549626784980141
7133	0.01774018271078702
7175	0.05813922247058336
7177	0.03493451876461934
7245	0.040336245724556144
7296	0.02324568778995233
7327	0.017099024088548406
7343	0.2909805982919882
7367	0.04315617183244194
7384	0.05934368328871855
7591	0.018515124222844976
7650	0.0367007286679366
7726	0.015042995376234838
7731	0.11856196432746716
7798	0.05602811429830508
7800	0.07968259051487202
7811	0.03798982637563568
7818	0.043512174911950904
7821	0.014305919229337839
8037	0.019964860607485212
8089	0.014911498859169847
8109	0.03371341900584423
8112	0.022200689953159998
8212	0.023101260234048022
8379	0.03691312482036652
8386	0.0191292016378287
8388	0.02193602533542685
8392	0.041208127517322404
8496	0.07455861701235772
8505	0.020634765497786412
8653	0.027324663455674282
8709	0.022134002338824597
8724	0.019719585040980165
8726	0.07968259051487202
8753	0.039260083202202874
8754	0.030893492897958435
8769	0.057039635894090064
8775	0.028700787841126816
8805	0.04535737128185262
8818	0.045888642410734294
8874	0.036286354705942506
8877	0.025899522562792217
8889	0.07455861701235772
8910	0.05058419272958472
8967	0.03978671246786553
8993	0.04504584526507634
9111	0.042809923499531076
9235	0.03588513771920284
9389	0.03568920707215162
9390	0.024706938038922877
9421	0.059257421700605564
9437	0.06067515295070962
9446	0.04182470217045089
9495	0.025326550917090455
9499	0.05934368328871855
9534	0.037129151851600456
9652	0.021360049890991176
9668	0.03568920707215162
9760	0.06385108213810436
9870	0.06579912645322389
9891	0.005123973502514287
9986	0.0441353295846363
9998	0.023188019179515486
10027	0.05934368328871855
10128	0.03070059969199632
10178	0.025813938680510257
10191	0.03422237128780159
10385	0.07968259051487202
10460	0.03826841592878992
10466	0.07968259051487202
10476	0.032599983361016535
10541	0.027224763539461863
10583	0.05934368328871855
10682	0.03803219832992765
10704	0.06067515295070962
10705	0.04425575840893524
10773	0.02247101627337762
10824	0.04062024135231569
10861	0.04182470217045089
10888	0.07455861701235772
11020	0.0438784983461293
11114	0.07968259051487202
11116	0.03457342923964409
11150	0.04776426662169892
11175	0.0352000533374556
11544	0.014929655839920904
11553	0.03457342923964409
11572	0.07455861701235772
11592	0.010058942789277294
11699	0.030245285503431252
11714	0.04726862373917125
11783	0.04504584526507634
11857	0.02260837929527309
11889	0.03596983275416525
12166	0.040336245724556144
12188	0.016029242416414208
12193	0.015988278770852918
12269	0.07092309995573819
12284	0.07455861701235772
12339	0.036286354705942506
12380	0.04726862373917125
12387	0.024625669118389294
12420	0.030372294347287113
12489	0.043225607576306564
12516	0.020689965177995966
12566	0.013341299477813737
12638	0.02692971651301779
12649	0.02673677729066757
12666	0.024788732975548042
12685	0.042144650236656964
12787	0.057039635894090064
12805	0.07455861701235772
12829	0.03221024509511492
12867	0.03371341900584423
12868	0.21543773210414233
12869	0.05340411883747052
12871	0.07455861701235772
12891	0.06216360939660434
