390
t_index	tf-idf
3	0.17739694241770093
15	0.030682884679180587
16	0.08265972140211002
51	0.04654841245566184
67	0.02666136312026281
75	0.022638486471487838
76	0.031385684676381025
82	0.025488728727347264
102	0.02524634134329238
105	0.061130428329286834
140	0.04298332425447916
190	0.03544538208230327
191	0.025992477895775027
266	0.04898490341704304
277	0.01889217822080551
278	0.07734908933088173
307	0.03520458293200322
355	0.03778435644161102
356	0.022823158538245777
357	0.026254520614220504
369	0.04898490341704304
393	0.059004574502051946
433	0.035555866601943
453	0.04898490341704304
469	0.020810096896820056
471	0.03930417602750799
497	0.049107094751636965
607	0.020962777065929115
631	0.02135534042422768
639	0.04287159447515482
714	0.03520458293200322
722	0.03116280151864057
744	0.04097026261305345
758	0.018707506154047572
841	0.09911608972191142
864	0.06417366558752428
865	0.021516927337525367
896	0.043759337534357644
908	0.02954321377699024
918	0.017344565496939704
920	0.03455801069864749
967	0.04898490341704304
983	0.01379171072371137
1006	0.02370069096947222
1022	0.04719834363624851
1049	0.027837955459903023
1075	0.03426987183322364
1123	0.01745110492476169
1162	0.04898490341704304
1167	0.030119323266054782
1185	0.04226484817829858
1202	0.04097026261305345
1223	0.03366245224976916
1227	0.0504793927731021
1240	0.042270124974226775
1273	0.01817370214462492
1298	0.08319192590762159
1321	0.0504793927731021
1377	0.0504793927731021
1395	0.0305233396562434
1419	0.0504793927731021
1420	0.01703179674848885
1463	0.038333867860858316
1476	0.03310830197817291
1480	0.04898490341704304
1481	0.061130428329286834
1491	0.03425020737430898
1511	0.012781264838233972
1572	0.0504793927731021
1578	0.20197471349861496
1593	0.04460291199612949
1625	0.05441037309054238
1651	0.03310830197817291
1673	0.052246998509995535
1675	0.02489375738336938
1691	0.0362632690157347
1716	0.0681271869939554
1871	0.05441037309054238
1905	0.026122613948597037
1914	0.052246998509995535
1954	0.0362632690157347
1981	0.07399688831290968
2071	0.035897376899477106
2075	0.029923458213215293
2098	0.027682832304673576
2157	0.017291731631211827
2280	0.03425020737430898
2294	0.016778649458890366
2322	0.03338141835900727
2349	0.016580785645015566
2364	0.04654841245566184
2370	0.052246998509995535
2421	0.04654841245566184
2430	0.031206970116071545
2459	0.04898490341704304
2464	0.017083229178754475
2621	0.020810096896820056
2640	0.021933085232578794
2698	0.03233228869829444
2716	0.02159874208775909
2722	0.037451897347445216
2725	0.0504793927731021
2809	0.030319227056868712
2862	0.04226484817829858
2884	0.052246998509995535
2891	0.019918315099642786
2932	0.04769031785179791
2952	0.03930417602750799
3016	0.045094906058486844
3024	0.05441037309054238
3029	0.05441037309054238
3031	0.037451897347445216
3077	0.04352894490902858
3094	0.05441037309054238
3115	0.01883022918978806
3159	0.028824737700809653
3167	0.016112941195725688
3181	0.09144905600730704
3193	0.04775529369823013
3199	0.030319227056868712
3218	0.030119323266054782
3346	0.03310830197817291
3366	0.07108958587910823
3390	0.023399268027310325
3433	0.01682875287979567
3442	0.059846916426430585
3536	0.0504793927731021
3621	0.029358541710232305
3629	0.13580750575977904
3659	0.028824737700809653
3692	0.021848412289409445
3735	0.05871708342046461
3766	0.037451897347445216
3815	0.03487590771506633
3817	0.04420936492413038
3826	0.04097026261305345
3871	0.017186919903718293
3946	0.02210468246206519
3964	0.04769031785179791
4011	0.040302631768312266
4052	0.03425020737430898
4059	0.024224872158881604
4100	0.08259045640669356
4130	0.024158694493275616
4144	0.02561223345954997
4187	0.07179475379895421
4195	0.05441037309054238
4200	0.017083229178754475
4208	0.04654841245566184
4260	0.01713493591661182
4298	0.015827397790498958
4304	0.01739768886474645
4329	0.03366245224976916
4353	0.020010806317962565
4369	0.025127382913807183
4417	0.04760656883499787
4430	0.015737211183243716
4436	0.028155852476321873
4442	0.020585492480243748
4472	0.030426059987668664
4569	0.027837955459903023
4582	0.052246998509995535
4598	0.01687911657937979
4640	0.05935077268465014
4670	0.038333867860858316
4682	0.04287159447515482
4708	0.047077291642977685
4744	0.026254520614220504
4836	0.022638486471487838
4859	0.015086296288956505
4917	0.06975181543013266
4920	0.03623232988185407
4949	0.02114335278493473
4990	0.021950264530377708
5131	0.224607829556335
5195	0.021117900221158562
5216	0.01828981120146141
5257	0.037451897347445216
5263	0.04226484817829858
5314	0.016149826235075757
5329	0.026122613948597037
5331	0.08751867506871529
5369	0.024220347902087193
5415	0.09348840455592171
5450	0.021516927337525367
5474	0.020151315884156133
5477	0.035897376899477106
5484	0.03568925241917607
5515	0.015341442339590294
5531	0.0243331972005529
5544	0.051792545047758085
5548	0.02549646494225118
5612	0.025992477895775027
5656	0.02349870469763483
5794	0.13400430895630244
5795	0.14961729106607646
5855	0.023803284417498936
5857	0.01864672231627321
5882	0.021040028393923986
6200	0.04298332425447916
6250	0.04038250748851362
6320	0.052246998509995535
6348	0.018034311888998508
6357	0.05441037309054238
6388	0.014397844982414096
6484	0.0305233396562434
6547	0.02489375738336938
6559	0.016778649458890366
6601	0.017504816920137136
6614	0.01667921278856586
6696	0.04058778368288267
6715	0.052246998509995535
6730	0.04038250748851362
6779	0.029923458213215293
6798	0.014837693171162535
6909	0.025299610655150597
6921	0.052246998509995535
6933	0.11262340990528749
6943	0.10882074618108475
6961	0.04038250748851362
6985	0.06385708206437582
7001	0.0335079478801176
7094	0.043759337534357644
7103	0.0272318212012003
7119	0.02561223345954997
7133	0.013609810634203894
7179	0.023906975142462754
7228	0.04898490341704304
7321	0.06003241895388769
7366	0.10767344519335259
7416	0.018954525640611713
7441	0.035897376899477106
7481	0.032206206599002626
7488	0.04097026261305345
7501	0.013502286533535775
7531	0.019941307881518346
7551	0.05475967839288679
7564	0.08751867506871529
7572	0.052246998509995535
7574	0.015872807664465458
7591	0.04261297732663023
7650	0.028155852476321873
7671	0.02524634134329238
7700	0.05539987331124544
7702	0.0504793927731021
7713	0.03487590771506633
7726	0.023081196149944073
7735	0.029923458213215293
7769	0.03192854103218791
7794	0.04654841245566184
7818	0.03338141835900727
7821	0.010975132265188854
7832	0.014756222184438023
7931	0.04898490341704304
7975	0.03906893075095208
8037	0.022974789208985793
8060	0.05620897750719878
8089	0.017159576007809253
8103	0.01336075131377156
8167	0.016629874308711712
8316	0.038333867860858316
8319	0.03455801069864749
8339	0.12478788886143238
8386	0.014675430130493947
8390	0.027995601053124434
8422	0.08920582399225899
8505	0.05540660962717129
8605	0.029923458213215293
8611	0.0504793927731021
8645	0.031295711601562984
8660	0.03487590771506633
8718	0.04769031785179791
8765	0.04226484817829858
8776	0.038806888032506606
8777	0.014837693171162535
8796	0.05719944801184657
8800	0.03208683279376214
8805	0.011599001808024147
8905	0.04319748417551818
8958	0.035897376899477106
9038	0.04898490341704304
9061	0.052246998509995535
9068	0.017186919903718293
9085	0.19379897727105283
9092	0.0504793927731021
9130	0.030731842108700752
9261	0.054348494822781104
9327	0.024779022430477856
9353	0.035544792939554114
9381	0.021933085232578794
9426	0.01901727660639677
9458	0.05049268268658476
9495	0.009714938330075189
9502	0.027086029125004386
9514	0.10924206144704725
9515	0.14961729106607646
9541	0.02401178686995629
9692	0.027837955459903023
9713	0.025864065550019064
9800	0.2491454907420622
9840	0.02865314047132326
9891	0.05896470476160401
9998	0.011859500177661669
10100	0.04769031785179791
10143	0.05441037309054238
10178	0.019803787981905723
10217	0.014837693171162535
10348	0.0610466793124868
10372	0.03487590771506633
10419	0.040731947772519844
10452	0.045128198705576265
10473	0.030319227056868712
10474	0.03208683279376214
10475	0.02524634134329238
10552	0.035897376899477106
10558	0.016056604455606183
10569	0.04654841245566184
10570	0.032842669187341494
10600	0.12679454453489575
10636	0.07019780408193096
10677	0.037451897347445216
10697	0.03310830197817291
10722	0.020438595876519736
10747	0.025992477895775027
10873	0.030140886161905637
10890	0.019337272332720434
10948	0.010466864664973829
11016	0.017613141961808437
11032	0.024553547375818482
11036	0.041595962953810794
11048	0.04460291199612949
11055	0.030731842108700752
11057	0.026254520614220504
11153	0.06554751749580838
11157	0.0362632690157347
11174	0.028824737700809653
11203	0.023906975142462754
11250	0.038333867860858316
11251	0.0362632690157347
11306	0.020734649120196295
11316	0.0375373469772056
11372	0.02143579723757741
11408	0.04226484817829858
11432	0.06417366558752428
11537	0.01883022918978806
11544	0.022907293811760918
11625	0.05441037309054238
11640	0.1262317067164619
11660	0.03138486109531846
11661	0.07576571351477006
11663	0.017239184129305727
11682	0.025864065550019064
11693	0.0305233396562434
11702	0.08705788981805716
11716	0.030119323266054782
11746	0.026122613948597037
11770	0.03703928229561318
11775	0.011776354138407627
11854	0.039828357216917375
11875	0.03788285675738503
11876	0.012122419198979018
11909	0.03664351345195976
11958	0.041595962953810794
12008	0.052246998509995535
12032	0.039828357216917375
12055	0.020674847236902168
12104	0.0504793927731021
12115	0.04898490341704304
12123	0.04552694327125107
12185	0.04298332425447916
12193	0.02453159023056273
12221	0.061130428329286834
12226	0.08452969635659716
12249	0.04769031785179791
12303	0.0504793927731021
12327	0.02273038280282254
12385	0.03258412078876353
12480	0.026122613948597037
12525	0.04369682457881889
12544	0.07040916586400645
12584	0.01864672231627321
12591	0.04255109162875994
12643	0.026122613948597037
12644	0.04769031785179791
12717	0.027837955459903023
12742	0.05941136394571717
12766	0.046301768851268375
12767	0.030119323266054782
12829	0.012355434647221874
12855	0.024553547375818482
