202
t_index	tf-idf
16	0.02865937479326002
44	0.02970470636501172
277	0.03275101870094788
321	0.1167128099541026
356	0.03956567016065949
364	0.06727467319139148
729	0.037443051709840754
841	0.042956308030063964
872	0.013931302724664175
967	0.2547570961577504
983	0.0478179456652485
1049	0.09651839922401122
1105	0.03493382899828298
1171	0.0371605744976765
1273	0.031505486124865145
1476	0.05739574360195391
1675	0.04315520974186682
1716	0.029525906822443587
1756	0.06223081575924397
1944	0.031208009359282307
1981	0.04275973270742532
2069	0.025722262454231246
2157	0.029976523585931118
2182	0.10597421737238218
2203	0.09432449375538049
2280	0.05937532290437546
2322	0.05786921148859445
2349	0.028744044989914317
2353	0.18487795148637107
2364	0.08069519083595728
2430	0.05409964112797805
2440	0.03581529683067383
2698	0.056050465934951235
2853	0.05786921148859445
2865	0.06286511739466286
2914	0.05520994087186987
2955	0.04275973270742532
3016	0.03908771382466927
3029	0.09432449375538049
3167	0.041899501920376114
3193	0.027595803559548597
3199	0.052560671444663844
3433	0.029173914931251297
3442	0.10374915248880826
3495	0.0446176098235422
3629	0.11771628736725859
3735	0.1017905015871039
3809	0.029525906822443587
3817	0.07664027516915352
3881	0.07604532163798784
4182	0.04574601998495222
4187	0.06223081575924397
4260	0.02970470636501172
4321	0.08069519083595728
4421	0.04799028189915688
4426	0.028575129010400768
4494	0.06421039506166551
4569	0.04825919961200561
4636	0.04938008144249918
4640	0.05144452490846249
4644	0.023284105381281305
4682	0.0371605744976765
4683	0.06492569443693615
4905	0.09915956591267056
4917	0.1209200434633597
4920	0.031405741033945216
4938	0.09432449375538049
4953	0.056487035895707215
5086	0.03940483641188116
5131	0.05562494957438979
5331	0.0758601186786672
5333	0.04315520974186682
5362	0.031910493637866515
5434	0.08069519083595728
5476	0.06492569443693615
5484	0.020623338747955976
5544	0.11223286375474435
5656	0.04073678048160379
5690	0.03647447929741678
5725	0.03469024504643354
5794	0.13938395808066859
6006	0.04646131936022286
6060	0.10597421737238218
6320	0.09057412042539482
6388	0.024959752378002253
6391	0.03264362537395059
6476	0.06421039506166551
6530	0.06286511739466286
6559	0.05817411372920423
6603	0.02164880273124992
6620	0.03647447929741678
6696	0.03518099519525495
6708	0.01921775603423053
6755	0.032013289056112906
6779	0.10374915248880826
6805	0.026821150390432417
6921	0.18114824085078965
6947	0.03674556579515658
6961	0.07000612859405299
6985	0.055350538842978504
7001	0.019362853325255287
7033	0.09762059622935637
7056	0.04275973270742532
7094	0.0758601186786672
7169	0.04505992478469252
7564	0.0758601186786672
7572	0.09057412042539482
7700	0.06402657811222581
7713	0.06046002173167985
7735	0.05187457624440413
7862	0.02865937479326002
8036	0.018464375076713294
8060	0.024360627609791508
8089	0.01983161455016649
8167	0.028829143898252287
8280	0.10597421737238218
8355	0.0656727951433409
8386	0.025440967210384927
8388	0.029173914931251297
8422	0.07732251876034259
8505	0.013721649297297958
8527	0.07892439680839317
8529	0.10597421737238218
8605	0.05187457624440413
8660	0.06046002173167985
8665	0.03555869644962593
8724	0.02622615025594546
8791	0.09432449375538049
8796	0.09915956591267056
8825	0.06421039506166551
8880	0.03688276654474216
8929	0.04772559928737377
9036	0.10862308782634852
9085	0.04199564665496656
9188	0.15784879361678633
9261	0.031405741033945216
9364	0.048810298114678186
9381	0.03802266081899392
9420	0.04483731227870554
9426	0.03296788620654052
9433	0.04746502044767551
9436	0.08069519083595728
9458	0.08753288136506135
9495	0.01684157979075437
9502	0.04695567848446935
9514	0.1136276216188414
9515	0.10374915248880826
9541	0.0416262472029328
9735	0.048810298114678186
9800	0.14397084569747065
9891	0.02725860583884646
9998	0.020559339826402043
10070	0.09915956591267056
10302	0.1298513888738723
10372	0.06046002173167985
10403	0.03253691391394286
10419	0.03530595486746766
10429	0.06727467319139148
10481	0.10597421737238218
10500	0.07102504652137714
10552	0.06223081575924397
10558	0.027835337283667626
10570	0.05693524908414739
10600	0.0732693084355818
10636	0.16225759799512568
10660	0.03817074105875763
10722	0.035431850575908516
10873	0.010450300805066442
11016	0.06106742536849124
11022	0.0732693084355818
11055	0.10655194163986896
11153	0.02840789381477682
11202	0.03989202990033801
11203	0.041444548152293995
11220	0.09057412042539482
11265	0.05937532290437546
11371	0.14001225718810598
11544	0.019855762507863462
11592	0.013377935917987898
11636	0.023040521429431863
11676	0.10597421737238218
11682	0.04483731227870554
11702	0.037730357825497496
11713	0.05327597081993448
11716	0.052214123115783086
11875	0.0656727951433409
11876	0.04203025963933168
11909	0.06352429986140581
12104	0.08750984229566887
12115	0.08491903205258347
12123	0.07892439680839317
12193	0.021263682806050038
12385	0.056487035895707215
12416	0.1721872308058617
12510	0.08750984229566887
12525	0.07575174774589427
12544	0.061029805059500855
12584	0.03232550234038643
12591	0.03688276654474216
12699	0.06866272623140086
12742	0.03433136311570043
12829	0.010709539854538003
