236
t_index	tf-idf
3	0.018410555454022634
76	0.04234437439667631
102	0.03406140541490738
190	0.023910782017379218
240	0.03239579138191562
278	0.02608911380809871
307	0.047496686961664654
348	0.04892502603918725
394	0.03985858259754133
433	0.02398531277738813
497	0.03312671409174661
554	0.030542986613389597
758	0.025239457185117473
764	0.11955391008689609
841	0.06686183295337816
863	0.029029821603092455
866	0.043290336821776854
896	0.05903843714136966
908	0.07971716519508266
1012	0.035970499083607145
1075	0.02311780511393736
1105	0.027187390467429753
1116	0.06831799012435796
1227	0.13620976116603115
1298	0.16835908283038972
1301	0.013808809580544736
1321	0.13620976116603115
1371	0.06280135115474347
1420	0.022978653663363866
1476	0.04466846427145162
1480	0.06608857227311798
1578	0.09083220556581617
1625	0.0734084100112877
1673	0.07048966714671462
1681	0.04503694252525307
1716	0.022978653663363866
1764	0.039364934843179496
1786	0.047496686961664654
1840	0.029822798506534312
1944	0.17001429626926925
2057	0.01412149649443617
2129	0.033277930955030385
2167	0.024364473035043164
2322	0.09007388505050613
2341	0.08247485345293362
2421	0.06280135115474347
2437	0.03960943005503551
2492	0.08247485345293362
2514	0.041749721406878534
2584	0.03312671409174661
2603	0.05448254622455401
2640	0.02959128603816773
2698	0.2617289796654907
2727	0.04705325083515065
2787	0.04362149661091512
2862	0.05702212883147206
2891	0.05374606930687471
2928	0.03615870539528941
2941	0.04580658291404486
2958	0.0614232237050687
2990	0.17448598644366048
3028	0.05111011234231697
3031	0.05052867826520745
3077	0.05872760015674563
3094	0.1468168200225754
3134	0.0771713240246615
3159	0.07777848389636047
3167	0.010869484315199436
3193	0.02147654317174368
3263	0.04620907968634995
3433	0.02270471458306195
3442	0.08074318791440753
3515	0.05799146948083316
3659	0.038889241948180234
3716	0.05373490771309754
3766	0.1010573565304149
3782	0.05702212883147206
3826	0.05527552312799587
4052	0.04620907968634995
4064	0.12868393313928359
4130	0.016296996785416976
4143	0.03843024352001873
4248	0.03634965934126218
4271	0.04943803739884969
4426	0.02223870707391193
4457	0.023673431558397812
4527	0.08724299322183024
4564	0.021171631626184496
4572	0.03029849140153358
4587	0.07149248332390193
4640	0.020018452402777404
4708	0.021171631626184496
4834	0.08247485345293362
4836	0.030542986613389597
4895	0.01760609973194872
4900	0.07048966714671462
4920	0.02444164206708679
4921	0.029363800078372814
4945	0.08247485345293362
5061	0.052356780263422775
5216	0.049351838020728345
5257	0.05052867826520745
5314	0.08715493010148549
5331	0.05903843714136966
5332	0.033277930955030385
5333	0.10075713755972432
5414	0.021662961239115045
5415	0.04204366890067106
5450	0.05805964320618491
5474	0.10874956186971901
5515	0.020698091659013602
5531	0.032829425999547024
5544	0.06987653578605547
5612	0.035068064528931644
5794	0.03615870539528941
5829	0.06280135115474347
5989	0.04580658291404486
6093	0.08247485345293362
6173	0.029140202958503007
6484	0.04118093122924729
6556	0.0250759536437459
6607	0.05702212883147206
6614	0.022502960768364597
6696	0.027379748536960492
6701	0.03253874485937162
6779	0.040371593957203765
6805	0.02087366628164873
6909	0.034133274348417536
6933	0.03798680739350474
6985	0.04307677558565532
6996	0.08247485345293362
7001	0.015069217117401022
7133	0.018361839893086165
7179	0.032254383377728006
7215	0.0844459722788366
7248	0.09161316582808972
7321	0.05399564058864348
7472	0.029940109723294653
7501	0.018216772457970338
7551	0.11081951919890469
7564	0.05903843714136966
7574	0.021414989585247395
7575	0.043961258908085776
7591	0.019163937154590808
7621	0.06434196656964179
7689	0.06810488058301557
7702	0.2724195223320623
7755	0.03654344233731448
7832	0.01990853484004456
7862	0.022304271687339828
8060	0.018958754704261144
8089	0.015434032393112078
8105	0.024597359537025357
8167	0.02243639516418394
8316	0.05171859940319995
8319	0.04662435624764605
8386	0.01979953326764748
8407	0.033742362452010094
8419	0.05702212883147206
8469	0.08247485345293362
8697	0.0771713240246615
8700	0.05171859940319995
8718	0.06434196656964179
8719	0.06424496875574219
9036	0.056357564900925555
9038	0.06608857227311798
9044	0.05799146948083316
9061	0.07048966714671462
9085	0.09804983389569782
9204	0.08658067364355371
9247	0.05799146948083316
9307	0.026535577388159787
9411	0.052356780263422775
9420	0.034894815466439855
9433	0.03693983973296824
9514	0.05895409703468505
9515	0.08074318791440753
9668	0.03693983973296824
9800	0.0373486265332819
9885	0.04234437439667631
9891	0.005303529428272123
9959	0.0771713240246615
9991	0.03578496245516544
9997	0.03104612991299005
10069	0.07048966714671462
10099	0.026535577388159787
10217	0.020018452402777404
10337	0.05111011234231697
10419	0.027476998895668552
10429	0.10471356052684555
10452	0.015221313168249694
10722	0.027574977728270136
10727	0.059645597013068624
10747	0.035068064528931644
10783	0.045416102782908085
10948	0.01412149649443617
10976	0.04767334706046177
11016	0.023762982557901102
11057	0.07084320523556595
11153	0.06632566686614119
11157	0.04892502603918725
11203	0.06450876675545601
11305	0.015145044071738552
11316	0.05064396366209905
11372	0.02892036395185882
11535	0.054566431799232505
11536	0.03042016774865039
11544	0.015452825636616273
11590	0.06608857227311798
11592	0.010411431494339396
11660	0.021171631626184496
11661	0.10222022468463395
11702	0.029363800078372814
11746	0.07048727830313355
11802	0.03634965934126218
11803	0.2724195223320623
11848	0.08247485345293362
11875	0.05111011234231697
11876	0.008177553914274098
12055	0.02789371909583655
12193	0.016548545172419233
12416	0.04466846427145162
12480	0.07048727830313355
12525	0.029477048517342525
12544	0.047496686961664654
12554	0.05527552312799587
12584	0.05031489987697004
12591	0.028704158814662012
12644	0.06434196656964179
12645	0.0614232237050687
12717	0.11267373841800038
12739	0.03201902040419997
12742	0.053437038027039044
12762	0.037770602256307934
12772	0.05373490771309754
12855	0.03312671409174661
