51
t_index	tf-idf
3	0.06779294873863768
15	0.07621631353444815
190	0.08804636142853314
355	0.09385637587085172
396	0.2841669620866097
758	0.09293892470625323
1154	0.16867298410084036
1240	0.06999935266542898
1378	0.2649074012533804
1395	0.15164000710384504
1600	0.13987832647437534
1716	0.08461399732200715
2057	0.05199940275299997
2233	0.09704725962714558
2459	0.2433570895517062
2891	0.04947711287858119
3077	0.10812593886458663
3193	0.07908279540838281
3390	0.11624760625301798
3495	0.12786311156593683
3635	0.15062597533773617
3817	0.10981610280283267
4144	0.1272416225580701
4187	0.17833823393347703
4430	0.1563649877436437
4640	0.07371368674657905
4708	0.07796002359253322
5131	0.1594074438637233
5216	0.09086381541969618
5515	0.07621631353444815
5794	0.26629346055746045
5934	0.07729871256517232
6771	0.18606109435529655
7103	0.2705754748272439
9085	0.12034920908502736
9261	0.09000114048053359
9509	0.14234885414087342
9713	0.128492724843003
9800	0.1375283613985735
9998	0.029459009260489263
10100	0.2369255861015209
10452	0.05604924337708868
10677	0.18606109435529655
10873	0.029947995489233232
11153	0.0814100466286189
11203	0.11876989612743673
11640	0.12542386985691067
11661	0.1882021014901883
12193	0.06093649251238219
12591	0.10569695042432392
12748	0.07211471070243873
