380
t_index	tf-idf
3	0.010379910130942863
15	0.01166962788489017
44	0.013033867452102903
127	0.03839767581677377
189	0.02696189901720017
231	0.020714168395092176
258	0.026528722409125398
278	0.02941819516529968
319	0.015772026788644044
342	0.026528722409125398
393	0.0448824440820871
553	0.02582584839663165
554	0.03444040099380102
579	0.03392766951475797
631	0.03248832418615275
696	0.046499496934900096
726	0.64575380274035
728	0.023873847906770367
764	0.013480949508600085
863	0.03273414972295848
865	0.01636707486147924
880	0.03621243237001084
888	0.03392766951475797
950	0.02291057691182905
958	0.03269571323231538
1006	0.018028177410332323
1040	0.022761590119603346
1110	0.03029585469864745
1131	0.039742223528791205
1146	0.03839767581677377
1199	0.041387816933360626
1208	0.04165351964933403
1225	0.02582584839663165
1235	0.03994154905154941
1273	0.01382401580138957
1274	0.039742223528791205
1301	0.007785436067874814
1422	0.030717374873784502
1446	0.019388266951893142
1471	0.017290102398359614
1490	0.014562090813362282
1511	0.009722202206210855
1555	0.0175038737541187
1561	0.03261072481209291
1589	0.019577369502452712
1652	0.04350935581831324
1680	0.03726087692413431
1691	0.027584033230775913
1774	0.023062635812155355
1777	0.04350935581831324
1848	0.039742223528791205
1894	0.018264815746859217
1907	0.04350935581831324
1908	0.029897130817980695
1927	0.03214919692259484
1989	0.023062635812155355
2001	0.046499496934900096
2075	0.022761590119603346
2086	0.02337649574839869
2130	0.022615553755658175
2241	0.044663760996879964
2305	0.028488175749938158
2381	0.046499496934900096
2396	0.02105723468788166
2404	0.04350935581831324
2472	0.3902257816959995
2532	0.03116445693028168
2615	0.02087030160827193
2664	0.017290102398359614
2687	0.02915905580600799
2702	0.015221428222860862
2775	0.03392766951475797
2801	0.022951096768652778
2836	0.03463054352725173
2853	0.025391923516485938
2891	0.045453221443263817
2904	0.046499496934900096
2915	0.0332859958152343
2918	0.0638142722379431
2951	0.03540753470018693
3000	0.016183465492096438
3016	0.017150954961014257
3077	0.016555372632708194
3093	0.09254649931034022
3167	0.02451295304874933
3187	0.01772402727850532
3207	0.019295503522633303
3219	0.04350935581831324
3226	0.03463054352725173
3252	0.04957090163288245
3285	0.019673770814901754
3369	0.01842690129099907
3378	0.017290102398359614
3432	0.03154405357728809
3439	0.018848421466136123
3494	0.046499496934900096
3557	0.026528722409125398
3583	0.03540753470018693
3699	0.03116445693028168
3707	0.03540753470018693
3718	0.02915905580600799
3735	0.022331880498439982
3808	0.01323373321847066
3809	0.012955413569755336
3919	0.036276136931821155
3959	0.04612527162431071
3974	0.03392766951475797
3981	0.04043899288528555
3999	0.029897130817980695
4025	0.03839767581677377
4059	0.01842690129099907
4078	0.023062635812155355
4087	0.019771449003016493
4130	0.009188281280233284
4136	0.016947036105570124
4138	0.018185089614808015
4225	0.024593892114189064
4248	0.10247007435352778
4260	0.013033867452102903
4298	0.048157099837899134
4299	0.03029585469864745
4358	0.03273414972295848
4369	0.01911340549568613
4415	0.03896442422529918
4426	0.0250764602330488
4457	0.020020696226210714
4472	0.011571949696775429
4505	0.019970774525774705
4514	0.022615553755658175
4552	0.04707716258507709
4596	0.03116445693028168
4640	0.011286445833766817
4644	0.010216628286145212
4696	0.07081506940037385
4701	0.029897130817980695
4709	0.019203892463934273
4717	0.01893569580292904
4726	0.0242250854972256
4757	0.04350935581831324
4798	0.021667052634247667
4895	0.039705425168823985
4906	0.046499496934900096
4949	0.008041455743780273
4970	0.024569067027371022
5012	0.04120654026804362
5053	0.02582584839663165
5083	0.03029585469864745
5094	0.03029585469864745
5119	0.029897130817980695
5151	0.046499496934900096
5185	0.02951886352571225
5216	0.013912335364658454
5223	0.024593892114189064
5243	0.046499496934900096
5252	0.018592629510139555
5256	0.0332859958152343
5330	0.03463054352725173
5397	0.03726087692413431
5424	0.0516516967932633
5450	0.01636707486147924
5484	0.009049133842887929
5536	0.03116445693028168
5538	0.020280243514946464
5544	0.01969826938497912
5554	0.03726087692413431
5577	0.03164040241066487
5588	0.041387816933360626
5595	0.03269571323231538
5598	0.07948444705758241
5682	0.02677873263578714
5695	0.04350935581831324
5709	0.046499496934900096
5725	0.045664284668582585
5882	0.01600431671349444
5916	0.0795861672273762
5959	0.046499496934900096
6019	0.014092212462394798
6251	0.026528722409125398
6298	0.0312049767871054
6339	0.03164040241066487
6379	0.022058716107109598
6388	0.010951870728315924
6473	0.025605694872245028
6554	0.01699169154876659
6556	0.014137875737632902
6567	0.03726087692413431
6628	0.04881436704834556
6696	0.015436760174412218
6708	0.016864781075368335
6726	0.014230059380313655
6798	0.022572891667533634
6804	0.027305713582060596
6873	0.03463054352725173
6958	0.012575195584342641
6985	0.024286777247244817
7056	0.018762167905230893
7109	0.02017563757114251
7119	0.01948221211264959
7133	0.010352444194580333
7221	0.03116445693028168
7254	0.03116445693028168
7275	0.04350935581831324
7321	0.015221428222860862
7353	0.04918778422837813
7377	0.016619222342289786
7472	0.01688029723027525
7501	0.030811964602879837
7535	0.046499496934900096
7551	0.06248027947400103
7591	0.02160933665651313
7643	0.039742223528791205
7671	0.019203892463934273
7735	0.022761590119603346
7757	0.016555372632708194
7769	0.012143388623622409
7797	0.03839767581677377
7798	0.03269571323231538
7803	0.01911340549568613
7862	0.025150391168685282
7882	0.04350935581831324
7945	0.04350935581831324
7946	0.019024015366197928
7975	0.01485909452423523
8014	0.02951886352571225
8054	0.030717374873784502
8060	0.032066958085475314
8089	0.00870174012938651
8103	0.04065197851493157
8212	0.013480949508600085
8351	0.05574654024228563
8386	0.022326037524075856
8414	0.030232150136837128
8431	0.021925836919515898
8524	0.023704309511679032
8539	0.01674860452734163
8542	0.03392766951475797
8548	0.046499496934900096
8596	0.05257382146586868
8598	0.02117523073139487
8645	0.011902704475204947
8665	0.0312049767871054
8666	0.044117432214219196
8700	0.02915905580600799
8709	0.0516659896351714
8775	0.01674860452734163
8800	0.02440718352417278
8865	0.015772026788644044
8872	0.03392766951475797
8882	0.019771449003016493
8914	0.0242250854972256
8962	0.03540753470018693
9036	0.01588725718600114
9067	0.020494014870705558
9105	0.041387816933360626
9111	0.04996423669680314
9165	0.05407503384211073
9186	0.01588725718600114
9260	0.060024472495609965
9261	0.02756049905638241
9267	0.02321789618654489
9269	0.043081976209642936
9307	0.014960814694029032
9394	0.03214919692259484
9449	0.022058716107109598
9495	0.007389769014356011
9580	0.022635256203485044
9610	0.07948444705758241
9652	0.024929700904994547
9713	0.019673770814901754
9736	0.027037516921055365
9783	0.0333672593966298
9788	0.0665719916304686
9891	0.02691127004928168
9969	0.04350935581831324
9998	0.013531578476518572
10023	0.018028177410332323
10026	0.019203892463934273
10067	0.046499496934900096
10109	0.030717374873784502
10116	0.04056891032651268
10131	0.012877785533080555
10135	0.015328308287684682
10148	0.025605694872245028
10161	0.02628691073293434
10173	0.02179530969985437
10216	0.02440718352417278
10217	0.011286445833766817
10224	0.015012205810633792
10268	0.027037516921055365
10302	0.028488175749938158
10367	0.01948221211264959
10402	0.03540753470018693
10403	0.01427658695035367
10448	0.02321789618654489
10452	0.008581808580188576
10473	0.06918790743646606
10476	0.038048030732395856
10477	0.013736741464596653
10483	0.055168066461551826
10490	0.03214919692259484
10491	0.03540753470018693
10493	0.03540753470018693
10503	0.043081976209642936
10570	0.04996423669680314
10589	0.03463054352725173
10594	0.03540753470018693
10613	0.04350935581831324
10660	0.01674860452734163
10661	0.04523110751131635
10722	0.015546830805675439
10738	0.06317170406364499
10739	0.021925836919515898
10757	0.05979426163596139
10781	0.021417042407585928
10797	0.03839767581677377
10829	0.03214919692259484
10853	0.03143015964625508
10862	0.036276136931821155
10867	0.014137875737632902
10906	0.03116445693028168
10948	0.007961729611729071
11021	0.02628691073293434
11046	0.03574906889825618
11153	0.049859401809989094
11154	0.08701871163662649
11265	0.02605277692874221
11313	0.03540753470018693
11326	0.09299899386980019
11374	0.019970774525774705
11404	0.01701438447674442
11410	0.039742223528791205
11429	0.09762873409669112
11481	0.016429308103281998
11516	0.03471584909032629
11536	0.017150954961014257
11546	0.030717374873784502
11549	0.03726087692413431
11592	0.01760996133695113
11609	0.046499496934900096
11612	0.06784666126697453
11623	0.009141606470066108
11660	0.023873221441258165
11693	0.02321789618654489
11696	0.022472353229236446
11720	0.021667052634247667
11762	0.025391923516485938
11775	0.008957806417018637
11804	0.041387816933360626
11857	0.013193324375509588
11876	0.018442088818685528
11882	0.03726087692413431
11889	0.013993680987643134
12024	0.04350935581831324
12031	0.03269571323231538
12170	0.0242250854972256
12241	0.03726087692413431
12262	0.04582402389081709
12267	0.039742223528791205
12329	0.015116075068418564
12385	0.024785450816441224
12488	0.05909480815493736
12517	0.021925836919515898
12520	0.017649910118063872
12537	0.028278576257962606
12553	0.0242250854972256
12566	0.031141744271499256
12581	0.010922194248071601
12643	0.0198704383468621
12666	0.01446568950091324
12674	0.01867691151766081
12679	0.030717374873784502
12690	0.019577369502452712
12719	0.054260926064485356
12739	0.018052391472186863
12754	0.03463054352725173
12766	0.005869987112317043
12773	0.046499496934900096
12829	0.046991450183623676
12841	0.027037516921055365
12855	0.01867691151766081
