126
t_index	tf-idf
3	0.07169238576885986
15	0.0806002608450903
16	0.04342743634475299
56	0.05547419299466683
118	0.12867747065399665
279	0.08018115519059493
319	0.05446743828337703
336	0.12867747065399665
355	0.049627488042611356
393	0.05166598192711561
433	0.046700500175500016
447	0.15025609482795005
483	0.15025609482795005
645	0.0719235562172344
872	0.021110047467508563
918	0.045562094891510294
1075	0.09002284621432158
1076	0.10608000750860083
1265	0.07396205010173866
1446	0.06695583565608865
1675	0.06539291724012529
1716	0.08948097774654365
1944	0.04728937213994694
1981	0.1295873049336075
2057	0.027495199067758547
2109	0.09796540959640461
2353	0.0700362056712668
2430	0.04098848523924832
2461	0.09625811827636169
2581	0.09729775559750543
2664	0.05970999148784007
2909	0.024832468594089455
3016	0.05922945689596661
3115	0.14839426608733222
3182	0.07664532723065197
3314	0.13724660351561005
3318	0.04584196120012257
3365	0.03996280657989213
3442	0.07860533853288015
3480	0.08697154141407872
3545	0.16058230901137677
3692	0.057393160649343036
3773	0.1129120414564827
3817	0.11613270336014098
3889	0.06827912434945342
4053	0.15025609482795005
4087	0.06827912434945342
4263	0.13724660351561005
4304	0.0457016436121395
4529	0.21524793956186433
4598	0.044339416367060805
4663	0.08559458025028194
4888	0.09729775559750543
5072	0.13724660351561005
5114	0.15025609482795005
5216	0.04804514207379971
5329	0.06862097616399032
5369	0.03181197561896252
5421	0.10194104402864694
5484	0.06250092593811667
5515	0.04030013042254515
5609	0.08559458025028194
5830	0.12867747065399665
5857	0.048982704798202305
6019	0.04866633330374369
6073	0.0824464322102853
6348	0.023686988000207344
6473	0.08842722776511928
6523	0.0824464322102853
6642	0.11495053534098698
6760	0.04098848523924832
6777	0.1213982959286425
6828	0.053689741892901814
6867	0.14292952926789523
6933	0.07396205010173866
7001	0.02934045443423514
7169	0.06827912434945342
7173	0.11716650435341829
7321	0.052565989991246044
7340	0.08841423392823695
7416	0.049791267242381594
7566	0.08559458025028194
7726	0.030315768053655316
7780	0.07617801911416996
8018	0.07077444802163775
8037	0.020117339275270443
8505	0.06237708139504548
8719	0.04169596344922385
8753	0.07911985255313497
8877	0.017398217555226973
9026	0.04804514207379971
9085	0.06363583591831193
9156	0.0689674791661566
9522	0.060952558789398606
9536	0.15025609482795005
9592	0.16058230901137677
9891	0.020652428366853465
9923	0.15928995170804774
9924	0.09625811827636169
9938	0.06862097616399032
9962	0.09951372460993674
9998	0.015576742829211922
10032	0.16058230901137677
10069	0.13724660351561005
10311	0.09838164588859134
10348	0.08018115519059493
10374	0.1129120414564827
10452	0.029636592396465402
10549	0.0836594032530873
10948	0.10998079627103419
11109	0.09429810697413352
11127	0.06172828102555371
11153	0.04304636822083971
11383	0.11495053534098698
11537	0.04946475536244407
11814	0.07115175237139303
11876	0.01592207120887521
12327	0.05970999148784007
12430	0.09247822024985204
12490	0.13260331508446851
12566	0.026886383355718718
12590	0.055066703056698564
12739	0.0935137441327444
12742	0.052022177632650574
12762	0.07354108881841856
12904	0.09247822024985204
