130
t_index	tf-idf
3	0.037097376385549385
102	0.06863393014150042
190	0.048180364920914466
191	0.07066235411481091
758	0.05085765311652669
983	0.03749372225748196
1006	0.06443197238701011
1028	0.2530901761358352
1105	0.05478275001696204
1123	0.09488407845014825
1298	0.11308151057296853
1511	0.03474675502874139
1552	0.09663098515284942
1578	0.09151371142005452
1774	0.08242492183202188
1887	0.11308151057296853
1906	0.058941990576036656
1944	0.09787994183750112
2057	0.02845489762053057
2239	0.09570610064882638
2271	0.06308006047846734
2440	0.056165055744520125
2464	0.04644194349203755
2588	0.09230053115681015
2722	0.10181558077103875
2801	0.04101314291487699
2909	0.02569922660928964
2958	0.12376815323640106
3181	0.04972212041472106
3187	0.06334495219360158
3388	0.07698661485122281
3442	0.08134899677824342
3495	0.13993744375617112
3731	0.09961793307801949
3815	0.09481257427319247
3817	0.12018622510659459
3871	0.04672383392030664
3881	0.05962661358218308
3946	0.060093112553297294
4059	0.06585699530998387
4103	0.1479183733947826
4134	0.06705522454518603
4344	0.06032949533779683
4430	0.04278270020538078
4472	0.04135767728240702
4640	0.040337298094923944
4682	0.05827470167364033
4708	0.04266096094135811
4917	0.18962514854638493
4990	0.029836658347441383
5053	0.09230053115681015
5195	0.05741047658373916
5210	0.11138050079523047
5369	0.06584469580406548
5450	0.05849525947789741
5484	0.06468247217904054
5488	0.10069385813179796
5515	0.04170677515160233
5523	0.1372317307313501
5531	0.0661514844496793
5544	0.03520040656903724
5656	0.06388285869634408
5794	0.14572000361566032
5795	0.08134899677824342
5855	0.06471087979181361
5934	0.04229908106230899
6200	0.11685314850245382
6348	0.024513763905604724
6484	0.08297981609158969
6625	0.0389298403200858
6692	0.16709328894252537
6755	0.05020279946031622
7165	0.06308006047846734
7181	0.10685112884516773
7377	0.05939642431288112
7379	0.12125611012001875
7416	0.05152919272513366
7418	0.07836204885307337
7483	0.059168228049274234
7700	0.15060839838094867
7862	0.04494323725632123
8060	0.038202001065188285
8089	0.031099665095054897
8278	0.09663098515284942
8371	0.22832395009108455
8407	0.06799105671449714
8505	0.06455430493845181
8914	0.08657946969922939
9085	0.06585699530998387
9280	0.06281780454550465
9329	0.05596308920986726
9443	0.03161243839887647
9446	0.0872302806368489
9514	0.11879284862576224
9515	0.16269799355648684
9713	0.0703132562456156
9800	0.0752576998259844
9818	0.08928507430100541
9891	0.010686642663432515
10001	0.09961793307801949
10038	0.07883695366186112
10076	0.16618730969455867
10452	0.0306710346189745
10570	0.08928507430100541
10660	0.05985883097689884
10873	0.016388017947707667
10948	0.0853646928615917
10984	0.12616012095693468
11016	0.047882548149903226
11203	0.06499277022008271
11535	0.05497583882050239
11537	0.051191284201808816
11660	0.04266096094135811
11663	0.046865917842847785
11746	0.14203227600245869
11770	0.10069385813179796
12188	0.03343084927853343
12193	0.033345414831596844
12327	0.06179412233103536
12354	0.18149940258848787
12488	0.03520040656903724
12717	0.07567941288351522
12739	0.0322592562293295
12742	0.05383797130859627
12748	0.039462313052310766
12762	0.07610798336369486
12779	0.09961793307801949
12789	0.16618730969455867
12829	0.016794553058489065
12855	0.06675052168561779
