275
t_index	tf-idf
3	0.09887419086150762
76	0.045482231825800974
250	0.03526219445425498
278	0.028022402958037054
304	0.04080175477404256
321	0.0975631707790098
355	0.054754799099836146
356	0.03307393795409778
357	0.0380464598865312
394	0.042812234677660176
498	0.04963332448988655
514	0.06910991793701134
596	0.030489933831331285
638	0.11775429485827899
665	0.046151376974811094
764	0.02568264961628518
841	0.10772477206283465
850	0.10854603906439404
872	0.0116455260346743
880	0.034494276969107576
902	0.015864752722906494
1012	0.07727206277199343
1273	0.0263362275699189
1428	0.04515924306340999
1476	0.04797854440508954
1567	0.07571318334890946
1578	0.1951263415580196
1716	0.02468144748512189
1737	0.020200609918871085
1806	0.09595708881017909
1885	0.04152239439385821
1905	0.03785530874208063
1944	0.07826267779834828
2069	0.021501885573927623
2199	0.029618374282249955
2219	0.0360745242934813
2227	0.06910991793701134
2271	0.033624965142995566
2353	0.038636031385996715
2376	0.08858651138413616
2430	0.06783487427636727
2491	0.06745513785221435
2496	0.08288997297995646
2499	0.06228882812478497
2508	0.05054005149760495
2514	0.044843513093425255
2584	0.0355815125719772
2609	0.04797854440508954
2702	0.02899844758396141
2809	0.043936786085706836
2898	0.036585467596730134
2909	0.013699029334860653
2978	0.07571318334890946
3006	0.06910991793701134
3009	0.08787357217141367
3028	0.054897539786972385
3093	0.03526219445425498
3115	0.02728762676913691
3133	0.03307393795409778
3167	0.04669979542686192
3181	0.026504485777269278
3365	0.0661374028402002
3366	0.0515093594212234
3388	0.164151538296844
3432	0.03004739669805887
3433	0.024387208617882506
3439	0.10772477206283465
3495	0.037296981271184436
3621	0.08508923822439939
3692	0.03166139477340792
3720	0.08858651138413616
3815	0.05054005149760495
3817	0.06406553194819721
3847	0.04336326186655797
3871	0.049812485118137205
4011	0.02920206553046325
4052	0.04963332448988655
4059	0.10531564910958854
4130	0.017504657854074904
4136	0.032285915028183294
4138	0.034644539282631004
4145	0.05695722952160031
4158	0.047218932798037905
4200	0.02475598024554517
4227	0.0515093594212234
4271	0.053101558590120376
4288	0.03883818440445491
4298	0.02293610551846177
4304	0.02521167616187223
4330	0.07459396254236887
4344	0.03215877033790092
4406	0.04336326186655797
4426	0.02388666841943317
4430	0.022805412553785032
4472	0.022045800946733397
4494	0.05367508280926925
4598	0.02446019263858204
4627	0.0612476561447858
4640	0.043003771147855245
4644	0.038927537613801695
4670	0.0555511177406061
4709	0.036585467596730134
4737	0.0360745242934813
4748	0.056236589901784664
4769	0.04254461911219969
4895	0.05673230890520733
4921	0.0315397542525945
4953	0.047218932798037905
4990	0.015904496433681293
5076	0.08858651138413616
5086	0.03293949298181701
5091	0.024387208617882506
5223	0.046853992997042876
5230	0.05367508280926925
5239	0.05661632632593759
5257	0.05427301953219702
5332	0.03574393510223857
5369	0.01754933004557451
5414	0.046536515848873077
5450	0.03118102687371696
5469	0.057396898319052786
5477	0.05202030272447224
5488	0.05367508280926925
5515	0.06669566500390849
5531	0.03526219445425498
5548	0.018473965777693353
5584	0.0405695281250007
5594	0.03094686491337102
5782	0.056236589901784664
5794	0.11651455321336472
5857	0.027021699731097453
6155	0.03307393795409778
6194	0.047218932798037905
6298	0.029724407935667874
6348	0.026134231660445262
6388	0.10432242119842952
6545	0.0487815853895049
6556	0.026934164292846667
6566	0.08288997297995646
6591	0.053101558590120376
6614	0.024170504181873057
6625	0.020751637107768884
6696	0.0588173559313663
6701	0.03494997288543464
6708	0.06425842080896872
6744	0.033908800905435466
6760	0.02261162475878909
6763	0.03526219445425498
6805	0.08968189445735408
6826	0.12034884783859197
6828	0.029618374282249955
6841	0.043085046985325205
6909	0.01833133112730847
6933	0.04080175477404256
6961	0.0585198821130673
6985	0.02313445317601106
7001	0.04855768702211068
7056	0.07148787020447714
7133	0.03944502525611228
7135	0.07884821466057375
7179	0.034644539282631004
7296	0.07752964754524438
7366	0.02600563837867617
7379	0.06463583651053478
7472	0.03215877033790092
7551	0.11903161009798767
7574	0.04600382151069337
7588	0.07315167625639404
7591	0.02058404793503325
7703	0.1576964293211475
7726	0.03344787042031763
7751	0.07850286323885267
7755	0.03925143161942633
7780	0.0840484235034914
7821	0.015904496433681293
7975	0.028308163162968795
8037	0.011097890643738447
8060	0.04072732158042617
8089	0.0331554899233814
8105	0.02642010478854485
8180	0.0709859528683482
8355	0.054897539786972385
8387	0.08288997297995646
8505	0.03441081439873865
8521	0.04152239439385821
8604	0.09595708881017909
8614	0.053101558590120376
8632	0.0709859528683482
8645	0.022675924149694604
8777	0.021501885573927623
8825	0.05367508280926925
8905	0.0312995878506486
9077	0.06597488662534708
9085	0.1404208654794514
9139	0.03320968193173195
9204	0.04649829317822226
9260	0.022870607067011887
9339	0.0721490485869626
9433	0.03967720336599589
9451	0.0515093594212234
9495	0.01407829976812182
9514	0.1266455790936317
9515	0.04336326186655797
9522	0.06724993028599113
9566	0.17717302276827232
9652	0.02374687231686879
9668	0.07935440673199178
9697	0.05937162121344895
9746	0.1111022354812122
9783	0.031784097670295795
9785	0.03967720336599589
9800	0.08023256522572798
9826	0.02041843431919934
9991	0.07687349176617758
9998	0.0257791032112382
10023	0.06869120952562244
10075	0.0612476561447858
10131	0.09813423111444294
10217	0.021501885573927623
10224	0.028599856527621214
10375	0.024607308039248814
10406	0.17717302276827232
10417	0.052550531401222574
10452	0.016349262542553696
10477	0.02616996063071582
10483	0.052550531401222574
10533	0.06463583651053478
10549	0.09230275394962219
10658	0.04336326186655797
10665	0.0942574736079023
10853	0.02993890664243349
10948	0.0303358916710124
10974	0.03925143161942633
10984	0.06724993028599113
11055	0.044534722808634616
11056	0.11247317980356933
11064	0.0420242117517457
11124	0.11543368225730387
11202	0.0333467502617628
11372	0.031063458050480153
11404	0.03241422087325701
11418	0.03693672070166973
11516	0.022045800946733397
11537	0.08186288030741073
11575	0.08288997297995646
11623	0.01741573735224634
11658	0.13175797192726804
11682	0.03748063607447551
11702	0.09461926275778348
11746	0.03785530874208063
11769	0.06745513785221435
11775	0.017065578607206804
11867	0.03967720336599589
11876	0.008783537558325444
11881	0.08858651138413616
12055	0.01498036771680573
12209	0.06027834822116736
12257	0.05367508280926925
12327	0.03293949298181701
12342	0.05367508280926925
12354	0.04837432810955912
12430	0.05101634769971931
12520	0.033624965142995566
12525	0.06332278954681585
12534	0.0405695281250007
12566	0.014832087792752337
12584	0.027021699731097453
12591	0.030831231401438296
12632	0.03883818440445491
12699	0.028698449159526393
12737	0.06928907856526201
12742	0.057396898319052786
12829	0.017904746980280804
12855	0.0355815125719772
12893	0.0709859528683482
