239
t_index	tf-idf
184	0.046023412543307246
227	0.03663650577571819
433	0.018143981881608248
610	0.042452426016287764
644	0.026527664381172662
687	0.050578447608191454
703	0.04867226400179342
716	0.05558505166073192
731	0.15243792693416958
790	0.11414233751467785
865	0.02195996200180408
872	0.016403264090576283
875	0.02540632115569493
880	0.024293395294168848
901	0.02116157663488295
902	0.011173120384200944
920	0.035269561954449434
977	0.018726185724401448
1023	0.01697228429438416
1031	0.04121398543921082
1081	0.03136461235222664
1083	0.040113451076772576
1157	0.01697228429438416
1203	0.025165198851748487
1223	0.034355563910060234
1240	0.014380156356040478
1266	0.0623891070600946
1292	0.03912316421399611
1420	0.017382482338311443
1490	0.01953818648932081
1511	0.013044431752721285
1521	0.053322766954130095
1555	0.0234852229722179
1605	0.024946023709907117
1654	0.022738105133093194
1737	0.02845349693121222
2057	0.010682377958305919
2069	0.015143202053060006
2098	0.028252823276153773
2157	0.017647769293925454
2167	0.07372320909978056
2271	0.023681162260713814
2294	0.017124122732720952
2422	0.03465094735951655
2428	0.05837718765140285
2440	0.0210851699947567
2454	0.04867226400179342
2464	0.017434973765018257
2480	0.13939303627493851
2577	0.013112203324029206
2605	0.04181384247264284
2666	0.051518766122252264
2667	0.1167543753028057
2710	0.09104257659471778
2721	0.032747502366678324
2757	0.040113451076772576
2778	0.023104614097256324
2891	0.04065686850791972
2896	0.03739800531901499
2909	0.009647859413787119
2918	0.034248245465441904
2970	0.032031917572725284
3140	0.0623891070600946
3142	0.051518766122252264
3214	0.036287963763216496
3241	0.10856805210208027
3305	0.024085080005649916
3320	0.03406874351672335
3351	0.04121398543921082
3475	0.03250317857722863
3506	0.04867226400179342
3587	0.032998012221180054
3623	0.0623891070600946
3624	0.03158208507844543
3692	0.022298272246262126
3761	0.06599602444236011
3809	0.017382482338311443
3824	0.0423231532697659
3871	0.01754079948745651
3939	0.04391992400360816
3988	0.031151816823319436
4029	0.03158208507844543
4080	0.051518766122252264
4130	0.012328061641038678
4148	0.0628023129036461
4163	0.06500635715445725
4191	0.031804445239057705
4209	0.04391992400360816
4222	0.026267264859952132
4292	0.035269561954449434
4304	0.01775590819246505
4342	0.0447693772195593
4344	0.022648560533467272
4346	0.10664553390826019
4353	0.0204228298713239
4419	0.03250317857722863
4430	0.01606124118826642
4564	0.016015538517042686
4598	0.01722665847649932
4617	0.024085080005649916
4640	0.015143202053060006
4734	0.02666047994215902
4737	0.02540632115569493
4765	0.02483421900926504
4921	0.06663781225727
4990	0.03360333244533414
5162	0.03465094735951655
5216	0.01866639937496092
5369	0.012359523068907672
5411	0.029418240564386678
5699	0.034355563910060234
5725	0.0204228298713239
5769	0.039032157742316324
5938	0.28849789807447573
5946	0.02179504800547257
5970	0.02698695785854316
6019	0.03781548661745054
6213	0.1685819964860499
6261	0.0623891070600946
6312	0.032747502366678324
6313	0.1167543753028057
6348	0.009202819659115834
6488	0.024614329721615643
6559	0.017124122732720952
6580	0.062355931075534034
6587	0.18756571801070201
6601	0.017865242020144247
6625	0.014614822154749307
6630	0.1099885695236386
6653	0.043868353159022384
6798	0.015143202053060006
6909	0.01291026548383188
6958	0.016872337881667185
6959	0.01363584988523371
6999	0.04552128829735889
7133	0.027780074700316324
7272	0.040113451076772576
7381	0.3887147987166081
7428	0.053322766954130095
7457	0.049993505151838445
7460	0.07479601063802999
7481	0.06573866816968012
7691	0.09998701030367689
7754	0.01775590819246505
7757	0.02221260408575667
7811	0.019829938841338022
7832	0.015060053574438733
8014	0.03960592389582892
8027	0.0623891070600946
8035	0.02116157663488295
8037	0.007815947108595712
8089	0.011675261719529456
8108	0.11340576919185326
8121	0.0623891070600946
8156	0.025289223804095727
8259	0.11102979488961537
8284	0.29188593825701425
8386	0.014977598007859508
8505	0.008078204947171392
8545	0.0623891070600946
8777	0.015143202053060006
8832	0.04552128829735889
8836	0.03960592389582892
8874	0.028411140425298846
8938	0.04716541522060524
8948	0.06871112782012047
8990	0.034355563910060234
8991	0.08523342127589652
9008	0.023780606421674212
9109	0.03221431187522037
9228	0.0623891070600946
9267	0.031151816823319436
9497	0.027069970546002457
9510	0.052279181384058925
9593	0.03739800531901499
9630	0.030539583789864405
9652	0.050172858243456075
9780	0.04750684671356053
9820	0.135377479140189
9879	0.0623891070600946
9891	0.052154952312992685
9900	0.053322766954130095
9941	0.02996303562640692
9943	0.31864901808151214
9982	0.05837718765140285
9983	0.04181384247264284
9987	0.049228659443231286
9998	0.01210368790936258
10120	0.050346992087149385
10135	0.02056623253686711
10424	0.03226474268484552
10450	0.04750684671356053
10476	0.025524820904111515
10532	0.03627666209353727
10631	0.04867226400179342
10682	0.029778084246567603
10876	0.11599201289440507
10971	0.040113451076772576
11046	0.02398254426187154
11179	0.04313508362268785
11180	0.030943501534800497
11209	0.10071056433568037
11316	0.038310242923503504
11344	0.03325502954762199
11404	0.022828467502935573
11453	0.04639680515776203
11459	0.07921184779165784
11535	0.02063872085175906
11537	0.019217944598058263
11543	0.06230363364663887
11592	0.007875854117399182
11636	0.01356440834217331
11680	0.042452426016287764
11710	0.030943501534800497
11733	0.049993505151838445
11775	0.02403765977758438
11777	0.025524820904111515
11876	0.01237202044714139
11889	0.08448993935059636
11977	0.042452426016287764
12057	0.05558505166073192
12193	0.025036696962185415
12196	0.015482964557562257
12211	0.0623891070600946
12257	0.03780192306395109
12329	0.0202814758854771
12370	0.03495542094349225
12371	0.046023412543307246
12488	0.013214739067807579
12504	0.022738105133093194
12566	0.010445842135199591
12694	0.04121398543921082
12699	0.04042309803370374
12766	0.023627562352197543
12768	0.02358270761030262
12788	0.03158208507844543
12790	0.03034364450136849
12813	0.05837718765140285
12834	0.014977598007859508
