83
t_index	tf-idf
3	0.04835143861254598
190	0.06279662293614677
729	0.0765305934426511
872	0.05694892997557469
967	0.17356768801651087
1075	0.06071403644582128
1185	0.14975658766173694
1273	0.06439468578896435
1494	0.19279169708754512
1547	0.21660279744231903
1675	0.08820578614373822
1840	0.07832328659741529
1954	0.12849125595687025
2042	0.17886309627909416
2364	0.16493449547064323
2366	0.21660279744231903
2626	0.0886171941316506
2698	0.11456265514841932
2891	0.03528817717160713
2909	0.03349548401684295
3442	0.10602747167445513
3495	0.09119481457466029
3621	0.10402580902932648
3817	0.07832328659741529
3929	0.10213438695218918
3991	0.12357543339516222
4100	0.09754729566844955
4158	0.11545496911990867
4552	0.10964683258671129
4569	0.1972758638368932
4617	0.08361869485999862
4708	0.055602822492638426
4921	0.07711782409097817
5131	0.1136929338488393
5207	0.15230235631164413
5223	0.11456265514841932
5369	0.0429098507404446
5672	0.12135839602322344
5794	0.09496320893715725
5795	0.10602747167445513
6168	0.07165360882335017
6348	0.031950392888322826
6628	0.1136929338488393
6671	0.07989215084550007
6909	0.04482192086556783
6985	0.056566030165622845
7181	0.13926606947468256
7366	0.06358636246176093
7481	0.05705795489254858
7584	0.0678327684103609
7726	0.0408916785881377
7821	0.03888806959005803
7979	0.16493449547064323
8089	0.020267114473087516
8505	0.056091900407687974
8539	0.1560358641710144
8865	0.07346886200808388
8905	0.0765305934426511
9085	0.0858357322319374
9261	0.06419081482619537
9420	0.09164386876513479
9433	0.09701469342771221
9495	0.03442283780409504
9514	0.07741524721645014
9891	0.013928600808450944
9998	0.021010820510793934
10311	0.13270291010038207
10325	0.13422992400046843
10329	0.05945161042424033
10727	0.07832328659741529
10971	0.13926606947468256
11404	0.07925598162022193
11544	0.04058358543419045
11693	0.10815302522028841
11702	0.07711782409097817
11720	0.10092892444575206
11746	0.18511996111962697
12226	0.2995131753234739
12411	0.100341693797425
12430	0.12474002480052596
12537	0.04390885299064656
12591	0.0753854155198046
12600	0.12594548730696306
