61
t_index	tf-idf
729	0.09105689253241565
841	0.20892890644673973
871	0.07735392623406856
926	0.36242184118160026
1123	0.0735711079492223
1157	0.07010892910352123
1552	0.14985124493052127
1806	0.2791587660899784
1885	0.12079712429605605
1905	0.1101288233045414
1981	0.1039864062370627
2576	0.12956060278163473
2615	0.05783520519296516
2754	0.14985124493052127
3167	0.033964810285684356
3181	0.07710696142593892
3182	0.12300698957606303
3433	0.07094736981458727
4271	0.154483277444951
4344	0.09355642983561524
4430	0.0663456020563662
4640	0.06255337588762704
4644	0.0566240780224532
4708	0.06615681395447666
4895	0.055015290507413966
5515	0.06467710298740183
5794	0.11298820931270853
6560	0.11802504174164236
6625	0.0603707498964605
6714	0.18121092059080013
6858	0.16160954522144352
7206	0.0682830525016941
7551	0.11542908680215806
7821	0.09253885574815295
7862	0.06969607153869453
8015	0.17536202400481848
8060	0.05924204756269898
8505	0.033369361961038485
8519	0.1484169731581123
9085	0.1021282430161955
9495	0.040956648858826314
9514	0.18421892550568203
9515	0.12615258368510257
9585	0.22938555750253833
9651	0.22026511123359307
9800	0.23341291598533787
9998	0.024998891805313082
10671	0.09991837773618854
10948	0.044126651778022344
10984	0.09782188992525417
11188	0.19193441747374468
11203	0.10078803929771915
11372	0.0903699427252733
11544	0.09657354036409982
11636	0.0560317118366504
11656	0.140730798661576
11663	0.07267768327574774
12411	0.11938758629226406
12516	0.06691725545026359
12742	0.08348964891918977
12829	0.02604428258581268
