367
t_index	tf-idf
3	0.05187229813389862
16	0.015710740416204707
32	0.051707605171806226
36	0.05809384998654957
44	0.032567558378840504
75	0.043027895368666046
82	0.024222607684967992
91	0.015527383046903195
189	0.01684233830583795
190	0.0336846766116759
191	0.049402667474274374
240	0.02281903108576689
277	0.035907465315528506
307	0.033455838861037764
314	0.05809384998654957
319	0.019704681096358975
355	0.08976866328882127
393	0.03738239687746662
433	0.016894836474795744
469	0.019776381098089532
483	0.05435813624949978
497	0.023333880309244638
604	0.018564114993231077
618	0.027392904542928323
631	0.020294540328329714
639	0.02037100054908847
729	0.020525851315576563
738	0.015303201580070694
744	0.03893511554231955
754	0.036429680435365215
756	0.05809384998654957
758	0.07111293578913296
831	0.029407776441525365
841	0.02354815516972055
845	0.05809384998654957
864	0.06098591820176317
865	0.02044810061176728
872	0.007636980302104752
911	0.05809384998654957
977	0.01743695775683689
1022	0.02242691217578309
1116	0.016040667361039748
1157	0.015803805891584588
1170	0.024458861750676738
1185	0.040165394172415
1298	0.1976486749665924
1344	0.11618769997309913
1375	0.05809384998654957
1419	0.09594378286951287
1421	0.047971891434756435
1476	0.03146368806821999
1488	0.035789721736329154
1511	0.012146371331656386
1552	0.03377914935767166
1565	0.030965544930414896
1572	0.047971891434756435
1578	0.19194186966695106
1593	0.04238731756481131
1600	0.08027173609149543
1656	0.04655163898715834
1681	0.031723237730977044
1716	0.12948610665423183
1764	0.027727974331170205
1806	0.03146368806821999
1884	0.030965544930414896
1905	0.07447501632796336
1906	0.02060426373545781
1944	0.08553936320786001
1954	0.034461936024300706
2009	0.05809384998654957
2057	0.009946936121584342
2069	0.014100649133174874
2105	0.03687920391562493
2120	0.0269120961303199
2167	0.034323820709954427
2173	0.028813156990526424
2199	0.019423333931023676
2233	0.037128229986462154
2265	0.03837655642590184
2351	0.028813156990526424
2437	0.027900192499076364
2447	0.051707605171806226
2514	0.029407776441525365
2584	0.046667760618489276
2621	0.019776381098089532
2628	0.04158564662001311
2661	0.030265456092082883
2722	0.035591520715253566
2752	0.049651693545111605
2762	0.019492869383531508
2891	0.009464448728793755
2909	0.01796728063237067
2928	0.025469562163460448
2941	0.032265359013018184
2943	0.05435813624949978
2944	0.05809384998654957
2952	0.07470357949031647
2978	0.049651693545111605
2979	0.05809384998654957
2980	0.11618769997309913
3084	0.05809384998654957
3103	0.033143490178575145
3115	0.05368458260449374
3120	0.11618769997309913
3167	0.01531255079098025
3181	0.034762574948651884
3270	0.03784993288296332
3346	0.03146368806821999
3359	0.02060426373545781
3433	0.0319856108317561
3495	0.07337658525203022
3515	0.04084818083904405
3586	0.034114219145913546
3621	0.027900192499076364
3650	0.07375840783124986
3791	0.04158564662001311
3817	0.04201331945636996
3825	0.030265456092082883
3839	0.02365719080587854
3871	0.03266636187265536
3929	0.027392904542928323
3946	0.04201331945636996
3981	0.012630549474405683
3995	0.02755891630863001
4010	0.03377914935767166
4020	0.031723237730977044
4052	0.03254887072757621
4059	0.046043063253564054
4100	0.05232525182566573
4130	0.0229586412547816
4138	0.02271942575107102
4222	0.024458861750676738
4260	0.06513511675768101
4304	0.016533480210166145
4353	0.03803358857829804
4359	0.0263077218835721
4406	0.02843704747418697
4417	0.022620885734492096
4430	0.014955484701683525
4442	0.058688800883483494
4457	0.016675152777388683
4564	0.05965171395491829
4569	0.0264551394881208
4572	0.021341729516426863
4587	0.010071611958073564
4598	0.032081334722079496
4617	0.02242691217578309
4640	0.028201298266349747
4701	0.03735178974515824
4708	0.029825856977459146
4748	0.07375840783124986
4802	0.03784993288296332
4859	0.02867380639776725
4899	0.05809384998654957
4920	0.017216266876795196
4990	0.02085991231607192
5024	0.02862318317302377
5065	0.04238731756481131
5069	0.03735178974515824
5091	0.01599280541587805
5131	0.09147887730264478
5210	0.03893511554231955
5216	0.017381287474325942
5240	0.031211250257397783
5339	0.05435813624949978
5342	0.033143490178575145
5345	0.02587911419827485
5369	0.03452584816026372
5414	0.045777037526029934
5432	0.05809384998654957
5434	0.13270853309312003
5476	0.035591520715253566
5515	0.04373812555603221
5531	0.04624895151224731
5544	0.036914860871969914
5556	0.01999489103274901
5564	0.049651693545111605
5600	0.034461936024300706
5672	0.03254887072757621
5690	0.01999489103274901
5728	0.030965544930414896
5769	0.012114979806487316
5794	0.17828693514422314
5795	0.05687409494837394
5816	0.033455838861037764
5916	0.033143490178575145
5934	0.014786426679143332
6068	0.040165394172415
6153	0.05809384998654957
6155	0.021689446394814033
6250	0.03837655642590184
6265	0.05809384998654957
6348	0.025707719660820572
6349	0.03600107275006797
6391	0.017894860868164577
6484	0.05801426109847087
6535	0.10871627249899957
6544	0.02068334923155108
6612	0.015215034364440584
6696	0.019285817889732246
6702	0.05801426109847087
6760	0.014828401256181298
6763	0.023124475756123655
6779	0.02843704747418697
6789	0.09310327797431668
6793	0.23237539994619827
6798	0.014100649133174874
6826	0.0526154437671442
6867	0.051707605171806226
6909	0.012021441909431949
6933	0.05351449072766362
6959	0.01269707253397377
6986	0.023124475756123655
7001	0.04245797607304028
7057	0.031990311611158506
7133	0.025867520282039282
7179	0.02271942575107102
7256	0.05809384998654957
7321	0.01901679428914902
7340	0.0639712216635122
7366	0.06821660007466165
7374	0.030492959100881584
7379	0.08477463512962262
7380	0.045321360357062884
7438	0.05809384998654957
7481	0.12242561264056555
7501	0.012831577166928492
7551	0.07805933874858827
7572	0.049651693545111605
7575	0.030965544930414896
7641	0.05809384998654957
7726	0.010967333153811548
7811	0.009232360796424876
7832	0.01402322511684809
7862	0.015710740416204707
7926	0.050673985832467405
7944	0.02520630414737334
7979	0.08847235539541333
7981	0.11618769997309913
8035	0.019704681096358975
8037	0.021833544999716337
8060	0.026708433070443037
8089	0.010871463543062614
8098	0.02825459787410873
8145	0.05809384998654957
8212	0.0336846766116759
8344	0.044236177697706665
8396	0.04238731756481131
8505	0.030088202795372134
8645	0.07435283968607885
8722	0.022523388488976944
8800	0.030492959100881584
8865	0.03940936219271795
8905	0.061577553946729695
8922	0.0269120961303199
8933	0.022050802659443626
8938	0.021959126244104694
8944	0.03687920391562493
9004	0.03893511554231955
9068	0.03266636187265536
9077	0.25959269238220967
9085	0.11510765813391013
9117	0.040165394172415
9135	0.027727974331170205
9184	0.11618769997309913
9225	0.02755891630863001
9231	0.05809384998654957
9269	0.0269120961303199
9307	0.01869119843873331
9391	0.03254887072757621
9420	0.07373790034701469
9421	0.021601279179183922
9433	0.026019779582862754
9495	0.018464721592849752
9497	0.02520630414737334
9514	0.062289358377216816
9515	0.02843704747418697
9522	0.022050802659443626
9534	0.02706959404629442
9538	0.02825459787410873
9539	0.01684233830583795
9682	0.040165394172415
9697	0.03893511554231955
9818	0.031211250257397783
9826	0.01339013628334619
9840	0.02722983119336512
9891	0.04482856484459737
9935	0.05809384998654957
9955	0.05809384998654957
9961	0.05809384998654957
9976	0.033143490178575145
9997	0.043736706118730775
10019	0.05809384998654957
10121	0.0172709459911352
10128	0.011191378326681456
10141	0.05809384998654957
10159	0.03952973499331849
10169	0.02520630414737334
10264	0.17428154995964873
10273	0.030492959100881584
10302	0.035591520715253566
10442	0.028813156990526424
10452	0.010721627826828662
10460	0.027900192499076364
10461	0.05809384998654957
10475	0.023992260594120428
10570	0.031211250257397783
10636	0.022236938358280434
10642	0.04655163898715834
10690	0.02722983119336512
10697	0.03146368806821999
10828	0.08847235539541333
10853	0.019633534768119413
10867	0.017663064901119
10873	0.022914939966975904
10963	0.049651693545111605
10976	0.01679013757852678
11016	0.016738230941380314
11022	0.040165394172415
11150	0.03482329228893031
11153	0.015572881429361354
11174	0.054785809085856646
11202	0.043736706118730775
11203	0.06815827725321306
11249	0.03784993288296332
11305	0.021335810407844154
11357	0.02961482793532463
11370	0.044236177697706665
11372	0.02037100054908847
11374	0.024950359807974422
11413	0.044236177697706665
11432	0.030492959100881584
11478	0.09930338709022321
11479	0.11618769997309913
11481	0.020525851315576563
11544	0.032654103529175596
11636	0.012630549474405683
11652	0.028813156990526424
11660	0.029825856977459146
11663	0.01638284900121649
11682	0.024579300115671564
11693	0.029007130549235434
11713	0.058410551801020456
11765	0.040165394172415
11770	0.035199401805269766
11807	0.026019779582862754
11814	0.07722169248888403
11876	0.011520253033826096
12055	0.01964784979757781
12070	0.04158564662001311
12193	0.011656506928997354
12226	0.12049618251724502
12327	0.043202558358367844
12430	0.033455838861037764
12502	0.05435813624949978
12553	0.030265456092082883
12570	0.03952973499331849
12584	0.01772046947139491
12591	0.04043741883386773
12698	0.021778465480790474
12699	0.03764011866526001
12719	0.0169476354945013
12724	0.11205536923547474
12739	0.033830460259127
12742	0.03764011866526001
12772	0.03784993288296332
12829	0.01174169372816986
