293
t_index	tf-idf
3	0.013264716874244352
91	0.015882569103335194
118	0.04761649924225409
166	0.029873341262379408
596	0.10226135259947423
639	0.06251095041855842
742	0.024896750019818958
865	0.020915847185409443
872	0.039058374171164534
1018	0.05942273621401916
1023	0.03233063014038916
1081	0.029873341262379408
1091	0.04635807821278482
1095	0.03422113507571743
1148	0.027852708617697695
1157	0.01616531507019458
1211	0.05505541084602191
1240	0.013696433209698973
1368	0.07123973750295069
1391	0.035619868751475346
1427	0.03982574921216765
1465	0.024658150980587157
1475	0.021156477074483093
1596	0.026052173754645056
1944	0.01749921210934617
1996	0.045110421500482
2057	0.020348940943919407
2111	0.03422113507571743
2154	0.049069239705667636
2167	0.017554485925594023
2260	0.11614722959194834
2274	0.055601568706284805
2294	0.032619868306908995
2358	0.03329342021155048
2386	0.04043397047470432
2389	0.032448901010673596
2424	0.052890407213401984
2468	0.027852708617697695
2493	0.18375136017452204
2560	0.03489457568958177
2626	0.024311210257170823
2635	0.02454107918123025
2636	0.042536910705050474
2645	0.025018353754177672
2666	0.09813847941133527
2709	0.026052173754645056
2716	0.020995376422393786
2729	0.04280682477810496
2730	0.03119047998120433
2737	0.026052173754645056
2762	0.019938765216974054
2770	0.055601568706284805
2778	0.022006075315447692
2809	0.05894450540763226
2813	0.016860041201079708
2814	0.06489780202134719
2891	0.019361892536040676
2896	0.035619868751475346
2991	0.024198344732668225
3000	0.04136241741762811
3093	0.07096033176980522
3105	0.0377228089818215
3153	0.042536910705050474
3187	0.022649926709856872
3214	0.0864065138954655
3241	0.020681208708814056
3294	0.03311201943439905
3308	0.04043397047470432
3369	0.02354814496573563
3422	0.03192520191697562
3506	0.04635807821278482
3522	0.10056618849925951
3635	0.02947225270381613
3819	0.032448901010673596
3869	0.025018353754177672
3900	0.023603869370310955
3936	0.03329342021155048
3993	0.03525024652817048
4108	0.04635807821278482
4122	0.04635807821278482
4127	0.04043397047470432
4144	0.024896750019818958
4155	0.02947225270381613
4162	0.029087539750858173
4191	0.030292261725325578
4200	0.016606005371083338
4206	0.03682459072594274
4225	0.031429079020436124
4264	0.021571705408624103
4292	0.03359262498154556
4298	0.015385255912047716
4362	0.11884547242803832
4457	0.008528296928578975
4493	0.05942273621401916
4496	0.05942273621401916
4546	0.05078746698305584
4564	0.015254059009163322
4620	0.0793777052779063
4673	0.026052173754645056
4734	0.0507857458327169
4765	0.023653443923268406
4859	0.014664857245826156
4883	0.055601568706284805
4895	0.0253702207722344
4903	0.4584744615125905
4921	0.021156477074483093
4949	0.04110541704211158
4970	0.015698677246293532
4985	0.019726977458001276
5024	0.05855586653974369
5103	0.055601568706284805
5128	0.030730673733285398
5198	0.03640567026299657
5239	0.018988765739314843
5253	0.05942273621401916
5424	0.0330034232182084
5425	0.027369312473469982
5533	0.03640567026299657
5544	0.025172854389694882
5548	0.04956843104361263
5612	0.02526637224312383
5739	0.05942273621401916
5769	0.024784215521806315
5771	0.03982574921216765
5790	0.05942273621401916
5918	0.03192520191697562
5970	0.025703828017644172
5983	0.03820620512604921
6019	0.03601750036122616
6048	0.037263002733902574
6168	0.039314852311880345
6246	0.0222766439082754
6367	0.042536910705050474
6388	0.04198691393908216
6489	0.0330034232182084
6512	0.055601568706284805
6544	0.021156477074483093
6554	0.0434281173469863
6582	0.030730673733285398
6603	0.024278190034242364
6630	0.026189755156557346
6634	0.03192520191697562
6645	0.045248072197933295
6668	0.024896750019818958
6671	0.02191758491266488
6760	0.015167598231580495
6799	0.026471094217591227
6829	0.14284949772676225
6909	0.03688929060451606
6945	0.03640567026299657
6958	0.016070120739031964
6959	0.025975031506821428
7030	0.07200916340886661
7120	0.09049614439586659
7143	0.09813847941133527
7187	0.01744426059123466
7235	0.04108417024163692
7244	0.03871574319731612
7296	0.034670619133497484
7340	0.016358637924150134
7374	0.03119047998120433
7377	0.021238072031416082
7416	0.01842502674996507
7445	0.04043397047470432
7481	0.0469597785789569
7483	0.06346943122344927
7555	0.075445617963643
7588	0.09813847941133527
7671	0.02454107918123025
7808	0.01911875619546461
7809	0.04425513798243867
7811	0.03777419746604001
7821	0.010668539503686743
7975	0.018988765739314843
8036	0.04141398603340608
8049	0.029277933269871846
8089	0.005560073144827781
8108	0.14401832681773322
8111	0.030508918592469004
8167	0.03233063014038916
8207	0.03682459072594274
8226	0.05078746698305584
8314	0.042536910705050474
8370	0.303433159402909
8386	0.014265468724907006
8388	0.016358637924150134
8392	0.030730673733285398
8592	0.035619868751475346
8651	0.01384484822431671
8666	0.028189321494979425
8671	0.03329342021155048
8724	0.029411486061597825
8775	0.02140341238905248
8805	0.011274981112048608
8877	0.08369568281625978
8879	0.01503937640800693
8922	0.027527705423010956
8924	0.04425513798243867
8941	0.055601568706284805
8951	0.04043397047470432
8997	0.023341012261762235
9109	0.015341320360888512
9113	0.025018353754177672
9122	0.042536910705050474
9135	0.028362246688964598
9145	0.03390164147408715
9260	0.015341320360888512
9381	0.042640759234161045
9476	0.030957772882554965
9495	0.009443549366510002
9503	0.041517548476967
9552	0.16173588189881727
9593	0.035619868751475346
9629	0.25959120808538877
9652	0.015929108252997363
9722	0.02947225270381613
9783	0.021320379617080523
9820	0.016117597709239706
9842	0.05942273621401916
9870	0.049069239705667636
9891	0.042032842585077855
9998	0.01152820240177637
10027	0.04425513798243867
10131	0.016456807131145838
10166	0.16421587484081984
10167	0.14108795458882237
10181	0.027852708617697695
10216	0.03119047998120433
10375	0.01650627789385155
10442	0.02947225270381613
10625	0.055601568706284805
10626	0.12534772658636292
10627	0.05078746698305584
10660	0.02140341238905248
10671	0.02303860689446872
10696	0.02045227051989485
10717	0.03820620512604921
10722	0.019867639153666974
10729	0.028019512240402583
10757	0.03820620512604921
10771	0.050036707508355344
10867	0.03613420858122866
10876	0.02209540450232208
10985	0.02967066337231768
11011	0.055601568706284805
11132	0.04607721378893744
11153	0.015929108252997363
11175	0.013125097155323005
11251	0.03525024652817048
11258	0.0678032829481743
11282	0.07641241025209843
11305	0.010911931590617494
11316	0.01824436641916967
11364	0.061461347466570795
11401	0.01749921210934617
11437	0.020302677559065393
11446	0.03422113507571743
11592	0.015002772879166727
11608	0.03390164147408715
11636	0.012919470990982689
11643	0.030508918592469004
11702	0.021156477074483093
11711	0.05104218947986403
11712	0.042536910705050474
11731	0.04761649924225409
11736	0.029873341262379408
11774	0.04635807821278482
11775	0.022894758131253325
11807	0.05322995459441431
11876	0.023567553443481503
11889	0.008941417314213353
12066	0.04043397047470432
12093	0.052890407213401984
12162	0.052890407213401984
12262	0.019519844754027883
12331	0.05942273621401916
12370	0.03329342021155048
12434	0.016808683261145065
12469	0.049069239705667636
12488	0.025172854389694882
12566	0.009949181050713869
12581	0.027915427497638604
12612	0.015929108252997363
12624	0.07044034337175586
12639	0.049069239705667636
12649	0.05981629565092216
12737	0.02323912847319404
12739	0.011534775289997162
12766	0.022504159318750088
12807	0.03390164147408715
12829	0.018015424247395835
12830	0.05942273621401916
12850	0.023341012261762235
