314
t_index	tf-idf
3	0.013192341661805796
17	0.023112330677501916
166	0.029710345742715336
176	0.026912649054964027
184	0.02179799774927248
189	0.01713360612948299
250	0.02352438553136454
319	0.020045449668651974
321	0.03254354526978173
469	0.020118389634993152
596	0.020340678434080918
602	0.04880150714254058
607	0.020265994864651745
612	0.019829974929022796
632	0.019550170915777914
687	0.023955391966808442
738	0.015567851899883089
807	0.052371432031619224
847	0.07614553810331764
854	0.023737411482378224
918	0.016768049108431257
991	0.02384576804611407
1020	0.06488377426334908
1023	0.03215422711220041
1044	0.026046858092779825
1100	0.03937805767761541
1101	0.05529819431954249
1122	0.021538827180513517
1157	0.03215422711220041
1171	0.04144658461712315
1211	0.027377508208338033
1273	0.03513925213022389
1301	0.019789792261760336
1369	0.0590985126970046
1378	0.025775165493604577
1497	0.018264220699422892
1638	0.027377508208338033
1640	0.04880150714254058
1706	0.026615076811995056
1860	0.12315544186193333
1904	0.0590985126970046
1905	0.025254323817333568
2076	0.018264220699422892
2087	0.07579830622746818
2088	0.03960845116599888
2169	0.03542551891405611
2173	0.029311445611534863
2281	0.03175101099433547
2294	0.03244188713167454
2349	0.03205931310312138
2444	0.052601825520002685
2615	0.026525099536314458
2631	0.02291290318860877
2664	0.021974847116142473
2679	0.03904023244678364
2729	0.06385989199207674
2730	0.031020297863025584
2731	0.09102736566934795
2754	0.03436331879657786
2772	0.037997743668583966
2778	0.021886005328956924
2809	0.029311445611534863
2813	0.016768049108431257
2837	0.03751698504002749
2872	0.07392452496207849
2891	0.009628124896151129
2894	0.030126980483486807
2909	0.018278002969826408
2918	0.06488377426334908
2970	0.03034245522311598
2992	0.04377201065791385
3005	0.037997743668583966
3009	0.029311445611534863
3030	0.05051035939403131
3054	0.05051035939403131
3061	0.02838269250595883
3115	0.036408661587180445
3178	0.07411937519223533
3187	0.0675790311856878
3293	0.02406631324211385
3359	0.020960589498962692
3482	0.0590985126970046
3488	0.07085103782811222
3546	0.03282334928302661
3577	0.03904023244678364
3582	0.04735669315058168
3587	0.03125759505342671
3635	0.029311445611534863
3651	0.021538827180513517
3841	0.041554600607890714
3900	0.09390032587228178
3901	0.02440717765615046
3981	0.012848979516009584
3995	0.028035514357515428
4028	0.05051035939403131
4070	0.05051035939403131
4135	0.029710345742715336
4155	0.029311445611534863
4171	0.05529819431954249
4212	0.03200781441107467
4236	0.03254354526978173
4260	0.033130774820535516
4288	0.025910027365253233
4304	0.016819406707463985
4336	0.05785766347410841
4342	0.02120405093711804
4344	0.021454005439871464
4378	0.04880150714254058
4428	0.030563000419115756
4429	0.05323015362399011
4436	0.027219979485563484
4457	0.008481764664996066
4472	0.029414727520232276
4501	0.02538184603443921
4620	0.03947230153059409
4670	0.03705968759611766
4673	0.025910027365253233
4675	0.052601825520002685
4709	0.02440717765615046
4717	0.0481326264842277
4734	0.025254323817333568
4735	0.13381341020826826
4744	0.02538184603443921
4796	0.29549256348502295
4859	0.02916968511920357
4949	0.010220284211709613
4990	0.010610329605932521
5008	0.0590985126970046
5030	0.03850450158807657
5073	0.037997743668583966
5091	0.01626938159804907
5107	0.03662366766048871
5118	0.037997743668583966
5216	0.017681875770491497
5391	0.052601825520002685
5448	0.02281475843453296
5580	0.0590985126970046
5673	0.029916348285103284
5675	0.04312035483749062
5683	0.03403441703684224
5784	0.15780547656000807
5792	0.02262149925015495
5797	0.024523610686023677
5833	0.04312035483749062
5838	0.0582363728543137
5885	0.023213658565713426
5899	0.025004369314580152
5929	0.03505791343088881
5970	0.03834537341880229
5978	0.038826680376502644
5989	0.06564669856605322
5992	0.03850450158807657
6186	0.03904023244678364
6194	0.03150105649158205
6213	0.05323015362399011
6218	0.03542551891405611
6219	0.041554600607890714
6340	0.04735669315058168
6388	0.02783854940192041
6391	0.018204330793590223
6473	0.03254354526978173
6523	0.03034245522311598
6554	0.02879410932536147
6556	0.017968526196292415
6559	0.01622094356583727
6570	0.03403441703684224
6582	0.06112600083823151
6599	0.0590985126970046
6603	0.012072861445081521
6612	0.015478159939140566
6620	0.040681356868161836
6671	0.02179799774927248
6702	0.029508773707794648
6726	0.018085686951494817
6744	0.02262149925015495
6779	0.028928831737054204
6827	0.018569548622083428
6926	0.052601825520002685
6959	0.012916653011249413
6985	0.030867267564745407
6995	0.03436331879657786
7001	0.021596117649481338
7006	0.03436331879657786
7136	0.03340933623196593
7187	0.017349080869112167
7206	0.015658410463036888
7264	0.0402133538395673
7296	0.03448144861075264
7327	0.025363806213475452
7340	0.01626938159804907
7366	0.017349080869112167
7455	0.03542551891405611
7481	0.015567851899883089
7483	0.021041042682838424
7498	0.4890080067058521
7519	0.06251519010685341
7676	0.0590985126970046
7726	0.022313999770814903
7764	0.03340933623196593
8023	0.024881848114065793
8035	0.020045449668651974
8036	0.010297005554464013
8068	0.14640452142762175
8089	0.01105947232595986
8109	0.025004369314580152
8112	0.01646567648718964
8285	0.03662366766048871
8342	0.03200781441107467
8388	0.048808144794147225
8475	0.041554600607890714
8501	0.052601825520002685
8505	0.007652135446970925
8521	0.027700738114119952
8546	0.13381341020826826
8549	0.11497290756927851
8651	0.013769307687649838
8665	0.019829974929022796
8700	0.03705968759611766
8724	0.02925101052548028
8777	0.028689005532457634
8805	0.011213462335510701
8877	0.02561200638907201
8879	0.014957318262869558
8885	0.03200781441107467
8899	0.03282334928302661
8938	0.04467776542449213
8957	0.046105138343000784
8965	0.022064539076884992
9026	0.03536375154098299
9068	0.01661564350050001
9212	0.029508773707794648
9260	0.01525761474314079
9364	0.027219979485563484
9426	0.01838516093706389
9495	0.009392023284343692
9508	0.05051035939403131
9549	0.027537729859840335
9578	0.03505791343088881
9587	0.06454370534121297
9595	0.057122452507773806
9883	0.027866631619575956
9891	0.011400955132386315
10006	0.026046858092779825
10023	0.02291290318860877
10027	0.044013672217029405
10066	0.03904023244678364
10128	0.011384919647940328
10137	0.03937805767761541
10157	0.0402133538395673
10185	0.026185716015809612
10217	0.028689005532457634
10245	0.03850450158807657
10375	0.04924864803482058
10379	0.03705968759611766
10535	0.03340933623196593
10678	0.0590985126970046
10685	0.052601825520002685
10687	0.028743226892319628
10727	0.02136994444257405
10750	0.024881848114065793
10803	0.03751698504002749
10867	0.017968526196292415
10873	0.01165561303737805
10896	0.03436331879657786
10907	0.04500118876507849
10920	0.019481505858688707
11064	0.028035514357515428
11102	0.0590985126970046
11174	0.027866631619575956
11175	0.013053483738776012
11180	0.058622891223069726
11194	0.02838269250595883
11209	0.019079755571374837
11210	0.03505791343088881
11235	0.03662366766048871
11265	0.03311176398899696
11305	0.021704787384220523
11306	0.020045449668651974
11312	0.04880150714254058
11346	0.18529843798058834
11360	0.05051035939403131
11437	0.020191901685344182
11446	0.03403441703684224
11493	0.03371666666256539
11519	0.019145529443914112
11536	0.02179799774927248
11544	0.011072938888110038
11612	0.028743226892319628
11663	0.04999851154308085
11667	0.03470418321061447
11823	0.03470418321061447
11893	0.10520365104000537
12063	0.03125759505342671
12140	0.05529819431954249
12156	0.04312035483749062
12183	0.023112330677501916
12193	0.011858092085574784
12228	0.03150105649158205
12280	0.0590985126970046
12328	0.0402133538395673
12330	0.33867746512031666
12371	0.02179799774927248
12406	0.03034245522311598
12434	0.03343394277742304
12435	0.026326662106024704
12453	0.0590985126970046
12566	0.029684688392640508
12600	0.03436331879657786
12624	0.017514001341774933
12632	0.025910027365253233
12638	0.019973072950913617
12651	0.03705968759611766
12654	0.04735669315058168
12829	0.02388950417434024
