312
t_index	tf-idf
3	0.12280735208813405
16	0.01859754145534249
17	0.05378810304972117
56	0.023756493377363196
57	0.06120872124825375
75	0.025467070508960007
76	0.03530719448193083
82	0.11469375437278441
138	0.06434627939575113
189	0.019937067035023365
190	0.03987413407004673
191	0.02924012910969054
277	0.04250535347608616
279	0.03433710306444341
305	0.04421506815174189
319	0.023325356657020378
321	0.03786843462477412
337	0.06876841923445767
355	0.08501070695217232
357	0.02953491296794076
380	0.06434627939575113
393	0.04425129925205
433	0.01999921158376246
470	0.03960324807477877
497	0.02762141024986831
515	0.05678658140954722
542	0.04542813261097804
596	0.023668891791570692
610	0.04679320425272084
618	0.032426267911211296
722	0.03505646300743121
754	0.043123524044912605
758	0.06313479201076043
764	0.019937067035023365
841	0.08362517240384325
872	0.018080504673800415
902	0.012315576595730014
967	0.1653160856094692
1005	0.03185711240684439
1022	0.02654778946473154
1075	0.038551748740311004
1105	0.022669138377094077
1123	0.01963154737123893
1167	0.06776521303796905
1171	0.02411411029410908
1208	0.030800835392331076
1428	0.03505646300743121
1476	0.03724504559843285
1488	0.021182987435144223
1490	0.02153597419313013
1578	0.15147373849909648
1600	0.031673808280313
1651	0.11173513679529855
1716	0.03831969679018339
1885	0.03223323032683144
1906	0.024390234885540468
1944	0.04050278500384196
2018	0.03505646300743121
2107	0.04608932527584591
2109	0.020976552146611687
2133	0.04835391053536137
2180	0.042131355010988726
2198	0.06867420612888682
2233	0.021975214981736834
2349	0.018652485343814217
2429	0.03637207271045092
2430	0.0175530751430303
2464	0.01921770709203557
2584	0.02762141024986831
2590	0.03724504559843285
2601	0.043123524044912605
2629	0.03637207271045092
2698	0.07274414542090184
2759	0.043655646105223454
2801	0.01697126580409006
2833	0.02953491296794076
2891	0.03361053768111828
2898	0.05680153184203956
2909	0.03190307116801757
2952	0.04421506815174189
2965	0.05678658140954722
2982	0.06876841923445767
2990	0.10911621813135276
3009	0.13642994980374182
3115	0.042365974870288446
3167	0.009063092845343021
3181	0.08230018593333495
3193	0.03581474504551218
3199	0.06821497490187091
3242	0.04250535347608616
3265	0.06120872124825375
3270	0.08960948716927353
3305	0.05309557892946308
3365	0.017113834354423596
3388	0.03185711240684439
3433	0.0189314350456863
3440	0.042616160993635126
3442	0.06732453789679414
3761	0.03637207271045092
3768	0.06434627939575113
3791	0.049226883423343304
3817	0.0994662797000295
3939	0.02420537726013951
3946	0.04973313985001475
4011	0.022669138377094077
4052	0.038529627289641995
4059	0.10900667376642585
4100	0.15484964651719035
4209	0.02420537726013951
4298	0.01780496483330071
4304	0.019571457198318917
4344	0.02496438527838273
4353	0.022511072729289316
4359	0.031141686220002147
4376	0.11357316281909444
4385	0.0587750420776313
4406	0.06732453789679414
4407	0.04542813261097804
4426	0.01854287297598923
4494	0.041667185437139376
4587	0.01192224019685284
4598	0.03797618295705523
4638	0.033882606518984525
4640	0.016691600768285648
4644	0.015109440390890159
4708	0.0176531339989325
4709	0.02840076592101978
4764	0.0587750420776313
4878	0.02429741442064047
4894	0.042616160993635126
4921	0.024483852102370925
4949	0.011892563066173041
4970	0.03633535872233563
4978	0.05364902326204983
4990	0.0246928581197113
5020	0.11357316281909444
5041	0.026322908532780607
5065	0.05017585897983905
5069	0.04421506815174189
5086	0.05114089780376462
5131	0.14438379247607813
5263	0.04754566388361914
5306	0.06120872124825375
5333	0.05600825614500952
5345	0.06126864633744934
5369	0.06811644724470152
5414	0.03612561982183869
5416	0.035563826058708684
5450	0.02420537726013951
5484	0.013382824994594172
5515	0.034516582569560174
5531	0.027373528243391513
5544	0.01456595163982108
5548	0.028682141415740298
5762	0.043123524044912605
5769	0.014341070707870149
5781	0.038875889349771035
5794	0.24119613748862617
5795	0.06732453789679414
5850	0.05364902326204983
5857	0.06292965643983507
5858	0.030969929303438067
5934	0.017503387864400907
6173	0.02429741442064047
6315	0.030969929303438067
6321	0.2750736769378307
6517	0.09846871727917893
6569	0.03323451456295354
6744	0.026322908532780607
6769	0.03344629478606759
6799	0.03063432316872467
6933	0.063347616560626
6947	0.023844804295457035
6959	0.015030121213670426
7001	0.025129750387634996
7103	0.06126864633744934
7133	0.01531029945272154
7145	0.06876841923445767
7179	0.026894051524860584
7187	0.02018779850952299
7340	0.0567943051370589
7366	0.08075119403809196
7367	0.03724504559843285
7481	0.01811511859054569
7501	0.015189340666162364
7531	0.022432890754384916
7551	0.030800835392331076
7574	0.01785604848076823
7689	0.05678658140954722
7710	0.06876841923445767
7754	0.039142914396637835
7769	0.03591787846502232
7811	0.03278633751693067
7862	0.01859754145534249
7975	0.021975214981736834
8035	0.06997606997106114
8037	0.03446052381936061
8060	0.015808013437815963
8105	0.04101908550024051
8168	0.042131355010988726
8212	0.019937067035023365
8278	0.03998596589741522
8319	0.1943794467488552
8320	0.10472888314168138
8339	0.04679320425272084
8371	0.031493534113183036
8395	0.06434627939575113
8505	0.02671261429982598
8539	0.024769624052941152
8617	0.04542813261097804
8653	0.14149192940278937
8677	0.03014951718607827
8753	0.033882606518984525
8800	0.03609594811901953
8880	0.023933836126979115
8929	0.030969929303438067
9036	0.04699154333571175
9056	0.06120872124825375
9085	0.0817550053248194
9212	0.03433710306444341
9225	0.03262278383680875
9236	0.06876841923445767
9339	0.14002064036252382
9390	0.021322814206740738
9433	0.1232033415693243
9443	0.013081248025694372
9458	0.05680153184203956
9484	0.03998596589741522
9495	0.010928779172310223
9514	0.024578279867958425
9515	0.03366226894839707
9538	0.03344629478606759
9668	0.030800835392331076
9679	0.07112765211741737
9713	0.02909567217933405
9800	0.031141686220002147
9818	0.11083866930987955
9826	0.015850533331030228
9872	0.042131355010988726
9891	0.04864353822577188
9985	0.06876841923445767
9998	0.006670647518903762
10099	0.04425129925205
10116	0.01999921158376246
10137	0.02291061699722068
10173	0.03223323032683144
10178	0.022278188319474763
10205	0.03609594811901953
10217	0.016691600768285648
10224	0.02220165229453883
10228	0.016152906644627204
10372	0.07846701253303383
10419	0.02291061699722068
10452	0.012691694515717063
10477	0.040630718963487654
10483	0.04079421254915745
10500	0.04608932527584591
10520	0.03694622310329318
10617	0.0587750420776313
10620	0.03755228672679276
10636	0.052645817065561214
10658	0.03366226894839707
10671	0.026661993008711592
10773	0.03878629592052577
10867	0.06272579898045057
10873	0.033906863608331145
10948	0.011774655552452742
10973	0.06120872124825375
11024	0.04608932527584591
11116	0.029837886305678685
11127	0.026434769398458166
11203	0.10757620609944234
11357	0.03505646300743121
11401	0.02025139250192098
11432	0.07219189623803907
11446	0.07920649614955753
11519	0.022278188319474763
11536	0.02536466281950463
11544	0.012884732100096923
11553	0.029837886305678685
11567	0.017503387864400907
11592	0.008681163480237753
11636	0.029902749486170787
11640	0.05680153184203956
11652	0.034107487450935454
11702	0.07345155630711278
11716	0.06776521303796905
11744	0.032426267911211296
11746	0.05877305023417853
11760	0.03609594811901953
11833	0.14448662208328808
11857	0.03902339257654517
11872	0.03530719448193083
11876	0.027274129378604114
11889	0.010347674536552167
12055	0.011629041389478548
12193	0.013798354825652708
12327	0.02557044890188231
12489	0.018652485343814217
12525	0.04915655973591685
12564	0.019813830257187588
12591	0.023933836126979115
12657	0.03998596589741522
12685	0.03637207271045092
12699	0.022278188319474763
12742	0.04455637663894953
12755	0.03302676849516393
12766	0.02604349044071326
12779	0.08244393386920199
12793	0.06876841923445767
12829	0.006949597220775843
12893	0.055105361869823066
