117
t_index	tf-idf
15	0.03407773071947849
37	0.13578816315047004
82	0.05661775566635361
452	0.09239652916462499
752	0.2541126633993622
758	0.04155472106461959
775	0.06646855808035779
841	0.2201651800883521
872	0.035701249873410855
889	0.13578816315047004
918	0.038527240096960375
944	0.11605552507471537
983	0.061270667229341
1075	0.07612318570007569
1123	0.07752778926773002
1298	0.09239652916462499
1320	0.07127403169681104
1490	0.042524321627503366
1651	0.07354300687098787
1716	0.03783249126231715
1806	0.07354300687098787
1885	0.0636468190953173
1906	0.048160263545167614
1981	0.05478941675732086
2057	0.02324989969226897
2180	0.08319137434986916
2271	0.05154139362105634
2430	0.03465980253505613
2464	0.0379467373983742
2487	0.08319137434986916
2530	0.06646855808035779
2664	0.05049068054744177
2801	0.06702195675078318
2878	0.07022331862319646
2898	0.05607934396941001
3016	0.05008434120681032
3115	0.04182732402283356
3167	0.01789572515452923
3181	0.04062690112422299
3193	0.0353593880561071
3203	0.055296154163895016
3220	0.13578816315047004
3270	0.0884701713302893
3365	0.03379249017671442
3388	0.06290414735658077
3495	0.057169974285481956
3536	0.11212916724037966
3809	0.03783249126231715
3817	0.09820164231076503
3871	0.038177064151570406
4227	0.07895515007398539
4271	0.08139572253965922
4393	0.1769403426605786
4430	0.1048705395047882
4553	0.06826420989056772
4569	0.06183606006166078
4640	0.06591751951252649
4644	0.029834670910720326
4894	0.08414865844336374
4920	0.04024118312092521
4970	0.03587338252968841
5369	0.02690015956353212
5448	0.052420509403173936
5515	0.03407773071947849
5535	0.09100666977256575
5794	0.11906475687955756
5934	0.06912338289801236
6282	0.2715763263009401
6554	0.016539753017518945
6614	0.037049301456802165
6985	0.03546121021336044
7001	0.0992409796110876
7181	0.08730581500540767
7508	0.12086099869116862
7544	0.09239652916462499
7646	0.10593383423186717
7694	0.2715763263009401
7769	0.07092242042672088
7811	0.021579656269625793
8060	0.12485621345813416
8319	0.07676322452096221
8505	0.017581989276956
8653	0.04656432271310608
9036	0.09278816387224365
9085	0.05381036879523318
9329	0.045726265753988415
9420	0.057451486086804796
9495	0.021579656269625793
9514	0.24265785907406515
9800	0.12298297434481503
9801	0.13578816315047004
9845	0.0419649305366551
10099	0.043688677952385
10533	0.09907582290266519
10636	0.0519764659161036
10791	0.10880947899258826
10948	0.02324989969226897
11203	0.15931268583261554
11270	0.10339733578959075
11339	0.13578816315047004
11372	0.14284510736016204
11413	0.10339733578959075
11432	0.07127403169681104
11537	0.04182732402283356
11623	0.053390769046495104
11640	0.05607934396941001
11702	0.04834511743673849
11732	0.13578816315047004
12040	0.13578816315047004
12525	0.048531571814813025
12566	0.022735086026031446
12717	0.12367212012332156
12739	0.026358361273384496
12742	0.08797975302901674
12829	0.05488990741679976
12839	0.04062690112422299
12855	0.05454045044525099
