137
t_index	tf-idf
184	0.04700863980324496
536	0.12477338943676604
647	0.07530140835275523
729	0.04503069529360156
738	0.03357297082463878
743	0.06238669471838302
790	0.09326863409755018
872	0.01675441021471008
902	0.13694765231716635
983	0.028754004314395655
984	0.0615939322845725
989	0.07410647961032658
1020	0.03498140068303557
1122	0.04644972351861516
1203	0.15422347492625138
1225	0.07078544650429623
1240	0.02937598726819111
1490	0.03991288434862801
1605	0.15288027266540846
1737	0.08718781036435333
2069	0.030934747835580773
2085	0.06740880717043238
2223	0.07722230434395157
2411	0.22919152634504963
2455	0.06740880717043238
2464	0.035616411578673984
2468	0.05973823996445475
2577	0.053571589677857176
2615	0.028601453770896058
2640	0.045727759234487894
2707	0.0615939322845725
2737	0.05587646891770417
2762	0.04276448504436251
2837	0.08090754281820421
2868	0.07484157338570446
2914	0.06639795398742901
3167	0.01679674080833759
3369	0.05050585040002339
3474	0.053923365078594875
3476	0.047778746320912266
3939	0.08972024339693367
4130	0.025183939092324574
4143	0.05938670325917905
4342	0.36582207387590315
4426	0.034365733258449306
4685	0.07560441301453935
4745	0.08811696034029344
4859	0.031453054466630555
4895	0.0272069111346667
4970	0.03367038234363033
4985	0.04231024455591641
4990	0.022881787968605277
5239	0.040726934673895036
5652	0.0659108737662196
5732	0.08194432653852858
5882	0.04386584661856183
5938	0.08419251373613251
6168	0.08432214309246387
6312	0.06689706208823736
6313	0.11925374653385214
6488	0.1508475051205216
6554	0.015524039516156368
6603	0.02603582226194432
6609	0.05870145624413038
6625	0.029855365888594974
6760	0.03253132882978805
6805	0.03225631981107988
6836	0.05677496577432937
6959	0.027855507457770455
6985	0.06656704342076245
7222	0.06793384580856174
7245	0.258065324519961
7460	0.07639717544834988
7501	0.028150590816265083
7531	0.041575150780538535
7691	0.1021274410702603
7700	0.038500618913306556
7726	0.024060713966972902
7743	0.031453054466630555
7808	0.08201147407982172
7811	0.0202544400947164
7821	0.04576357593721055
7832	0.06152978188935389
7946	0.052142466002261016
8037	0.04789958267481229
8089	0.023850390158075618
8117	0.06689706208823736
8140	0.044523233048814156
8156	0.051661184906344464
8284	0.23850749306770427
8390	0.058367351925506204
8504	0.17481914876858307
8651	0.029694306462178906
8681	0.1512088260290787
8761	0.07459423518030799
9008	0.04857935993022238
9109	0.1645196324834292
9178	0.0500615940318443
9306	0.042918195679179864
9376	0.044191867413355165
9553	0.04058896245852079
9714	0.08419251373613251
9891	0.008195605844106982
9991	0.055298919595936434
9998	0.04945117050472675
10178	0.04128843886596958
10329	0.1049442020491067
10695	0.04962689230864084
10729	0.12019199776071947
10948	0.021822113134770196
11454	0.10101114703089098
11457	0.07560441301453935
11541	0.09439686645303681
11544	0.023879431576319037
11636	0.08312869698239046
11658	0.047390025666398425
11777	0.052142466002261016
11876	0.025273738764624784
11889	0.019177471766584697
11897	0.07140742945809168
11984	0.09123278507391841
12185	0.08961489374450622
12196	0.06325763899302109
12387	0.03938784571049866
12504	0.18579889407446065
12512	0.10679665288093101
12548	0.08541791018805855
12581	0.029936379428187172
12584	0.038876100628303635
12595	0.09299153307837006
12698	0.047778746320912266
12766	0.04826671933542591
12829	0.012879773520106432
12834	0.12238579817726344
12835	0.04307308418475131
12850	0.0500615940318443
12900	0.16388865307705716
