158
t_index	tf-idf
3	0.10272703605659196
15	0.028872752012671588
17	0.13497951810178982
190	0.03335428652023556
321	0.06335308078809622
355	0.07111054680183086
393	0.03701573836193483
720	0.07828402939626906
729	0.162596217560643
742	0.04820248636335094
758	0.03520771867502048
863	0.040495078190127654
871	0.034531860986380156
902	0.02060369610606592
1041	0.07397086286835634
1175	0.06231016428680587
1185	0.07954287825702694
1420	0.032054016367177994
1427	0.07710645493012448
1565	0.06132364990592083
1593	0.08394313836997763
1651	0.12462032857361174
1716	0.032054016367177994
1996	0.21834521327995093
2057	0.03939749355145116
2157	0.06508643297107113
2194	0.08975366789256
2431	0.04916302768444524
2432	0.10764994849577172
2506	0.026234712585507594
2584	0.04621002828292889
2689	0.04260586399667979
2704	0.07710645493012448
2730	0.06038774879305734
2787	0.06084969932578647
2788	0.11489047730785863
2801	0.028392564525478732
2819	0.1479417257367127
2891	0.018743236771751822
2898	0.04751387364348727
2909	0.03558210358438435
3000	0.040040795685005376
3103	0.06563681643383355
3193	0.02995865103424427
3235	0.06970830960846518
3242	0.03555527340091543
3320	0.0628241721199598
3378	0.042778813835864994
3390	0.08807532539324571
3433	0.031671885721394906
3470	0.17520918042335382
3495	0.04843792280957354
3522	0.048676436943485314
3586	0.20267769578274622
3817	0.04160123936972039
3871	0.0323459597381611
3881	0.04127829162182601
3946	0.04160123936972039
4011	0.03792498341246499
4100	0.10362405801050688
4222	0.04843792280957354
4426	0.031021829693554673
4457	0.016511597540851443
4516	0.05631625561842571
4569	0.052391318022255925
4744	0.049411277383597484
4859	0.056785129050957464
4920	0.034094808439896034
4921	0.040960960642152676
4949	0.019896003523100055
4970	0.06078827760930497
4990	0.04131062323668466
5769	0.02399230441252804
5794	0.3026369825324838
5857	0.0350933228681863
5934	0.058565586691207885
5958	0.11504809381743103
6019	0.034866660681051743
6022	0.08235552257090069
6348	0.016970380077840012
6366	0.16179011521976258
6603	0.04700489514176841
6625	0.026950336518923056
6760	0.02936591909950266
6827	0.03614966053331972
6828	0.07693129461590455
6959	0.025145071163876268
7001	0.02102076732597484
7133	0.02561380336233
7206	0.030482497676707503
7327	0.024688079476515874
7340	0.09501565716418471
7366	0.10132126473516043
7481	0.030306205760139218
7483	0.040960960642152676
7591	0.026732686962953212
7726	0.043439048157382226
7769	0.03004492103619867
7811	0.018283613692488685
7944	0.04991814529436644
8037	0.01441292973396236
8386	0.05523862039276238
8505	0.029793088070435368
8539	0.04143905100027916
8604	0.06231016428680587
8653	0.11835648506651189
8660	0.1312736328676671
8677	0.0504394970887473
8722	0.0446049437688537
8865	0.03902282255249636
8877	0.024929667257531072
8905	0.0812981087803215
9008	0.04385242180178799
9056	0.204801761709991
9085	0.04559145814973873
9239	0.0983293876803639
9261	0.034094808439896034
9276	0.04260586399667979
9397	0.07828402939626906
9421	0.042778813835864994
9433	0.2576456925518931
9503	0.040190969960088724
9539	0.03335428652023556
9668	0.05152913851037863
9891	0.051787017251615115
10116	0.03345825302045715
10169	0.14975443588309928
10178	0.03727093233193092
10203	0.06084969932578647
10211	0.030660509541565885
10216	0.06038774879305734
10302	0.14096971074568423
10873	0.034035274350277554
10876	0.042778813835864994
11174	0.21699380932862364
11305	0.042253083898569264
11337	0.06755923192758209
11372	0.04034239050896252
11400	0.049411277383597484
11537	0.035438684688433274
11592	0.014523400735935579
11623	0.02261797370157849
11640	0.04751387364348727
11833	0.06906372197276031
11872	0.05906818083659118
11876	0.01140725870417466
11889	0.034622876143617504
12055	0.05836541219111537
12164	0.06503853098469144
12190	0.10764994849577172
12226	0.15908575651405388
12516	0.029872787010271618
12525	0.16447574509335786
12564	0.03314811402803577
12612	0.030840275246135515
12739	0.02233242685000252
12748	0.02731895655955572
12763	0.06755923192758209
