259
t_index	tf-idf
16	0.02392708100712063
44	0.049599610641577384
56	0.030564445459106835
57	0.07874944304686655
282	0.053607845084638936
355	0.02734310441788125
395	0.04791844262251129
417	0.0730600405847389
433	0.02573043091702667
497	0.035536940308293026
547	0.08847554079691654
741	0.08847554079691654
754	0.05548152994377268
758	0.10830329635678589
764	0.025650477464286593
841	0.10758982735142057
863	0.031141967012252466
875	0.036029334443672706
902	0.015844879257993525
926	0.06221080013015885
1075	0.049599610641577384
1105	0.029165484675101543
1116	0.024429551834488986
1123	0.05051480867776987
1395	0.044177164414211934
1406	0.08847554079691654
1417	0.06221080013015885
1504	0.07874944304686655
1578	0.14616143295965608
1627	0.044177164414211934
1651	0.04791844262251129
1716	0.07395158855825223
1806	0.09583688524502258
1867	0.039845052046666614
1879	0.030229008139142987
1885	0.12441114031172944
1886	0.07874944304686655
1905	0.037807888138482494
1944	0.026054879891732174
2018	0.04510267296438656
2109	0.02698785017725478
2198	0.044177164414211934
2282	0.06902334529681657
2297	0.0730600405847389
2349	0.02399777029008128
2406	0.0756183389275047
2430	0.06774989885838546
2550	0.08847554079691654
2590	0.04791844262251129
2629	0.04679529991798122
2664	0.03289823032431086
2698	0.04679529991798122
2715	0.07089703015595031
2834	0.10288966931170068
2862	0.061170932405900325
2909	0.013681868829204928
2917	0.04006602973159504
2955	0.035699159375032936
3031	0.0542050327839487
3077	0.03150024502037069
3167	0.023320647754037693
3181	0.026471284127213283
3199	0.04388174733458895
3204	0.08278613833478889
3270	0.05764454037256127
3495	0.037250260073470313
3586	0.05195513791043362
3629	0.0491393682523089
3768	0.08278613833478889
3817	0.09597791746725112
3871	0.04975008599395837
3889	0.037619539095865254
3939	0.031141967012252466
3946	0.09597791746725112
4052	0.049571149796716604
4059	0.0701224815061989
4130	0.03496546022426644
4271	0.053035039308042875
4298	0.0229073739084441
4385	0.0756183389275047
4457	0.012697928956268641
4463	0.08278613833478889
4472	0.044036369207619684
4527	0.04679529991798122
4543	0.08278613833478889
4587	0.015338823556943876
4638	0.043592421764934094
4682	0.06204909093035423
4708	0.022712032568190592
4949	0.01530064178374877
4970	0.07012209707878031
4978	0.06902334529681657
4985	0.029371838290971803
5086	0.03289823032431086
5091	0.12178329619721139
5131	0.09288009135470951
5210	0.05929724754676659
5216	0.026471284127213283
5304	0.04330894155799289
5369	0.035054692687307515
5447	0.0500166409592068
5484	0.017217971446316448
5515	0.04440807776737523
5544	0.018740149372361337
5548	0.036901647605412966
5701	0.07089703015595031
5769	0.018450823802706483
5794	0.03878953257177107
5795	0.08661788311598578
5934	0.04503874668984949
6173	0.03126037947017116
6189	0.17695108159383308
6250	0.05844657540326868
6348	0.026101493820467378
6465	0.07874944304686655
6484	0.044177164414211934
6517	0.04222904016038363
6530	0.052484702380108855
6603	0.01807410874781575
6625	0.02072564193853108
6628	0.09288009135470951
6696	0.029371838290971803
6708	0.03208896277208773
6744	0.06773264802976824
6760	0.022583299619461823
6769	0.04303107519109105
6777	0.06688644565043465
6779	0.04330894155799289
6933	0.0407506432152271
6947	0.030678063836897165
6986	0.035218022194120784
7001	0.01616561991964089
7133	0.019697806622891414
7137	0.08278613833478889
7206	0.023441983063771807
7306	0.0542050327839487
7340	0.024356659239442278
7379	0.06455486846448653
7472	0.06423697135270968
7551	0.03962750051069703
7582	0.08278613833478889
7591	0.020558262701468717
7614	0.08847554079691654
7724	0.08847554079691654
7745	0.08847554079691654
7754	0.025180093989092652
7811	0.014060664157825035
7821	0.015884573182600496
7832	0.04271407132484074
7850	0.0756183389275047
7878	0.04388174733458895
8015	0.06020283871532706
8035	0.030009756912905288
8060	0.0813526065252281
8089	0.016556978345369188
8212	0.025650477464286593
8319	0.0500166409592068
8363	0.08278613833478889
8386	0.021240103377465784
8387	0.08278613833478889
8505	0.02291180576381315
8598	0.04029054320915682
8606	0.08847554079691654
8653	0.09101979594463518
8677	0.03878953257177107
8700	0.05548152994377268
8709	0.02457648294657564
8718	0.06902334529681657
8813	0.08847554079691654
8938	0.03344322282521733
8943	0.04791844262251129
9036	0.060458016278285974
9056	0.07874944304686655
9085	0.03506124075309945
9220	0.06589224117745472
9225	0.04197156884502471
9247	0.06221080013015885
9260	0.0228419575056211
9261	0.026219961713351173
9306	0.02979387891656332
9390	0.027433341339744982
9433	0.19813750255348514
9514	0.12648693265794753
9515	0.08661788311598578
9522	0.03358284380794291
9654	0.08847554079691654
9679	0.045755432193722696
9692	0.04029054320915682
9736	0.05144483465585034
9800	0.08013205946319008
9818	0.1426019576655974
9891	0.022757609848510597
9923	0.04388174733458895
9926	0.061170932405900325
9997	0.06660995488208211
9998	0.00858227007790365
10099	0.056932494244822635
10116	0.02573043091702667
10131	0.024502825071444138
10135	0.029165484675101543
10178	0.028662499174525676
10329	0.024284143351994324
10352	0.08278613833478889
10419	0.02947616437000267
10464	0.0491393682523089
10549	0.04609356404907479
10558	0.02323911023360745
10600	0.061170932405900325
10658	0.04330894155799289
10708	0.05548152994377268
10714	0.08847554079691654
10744	0.23624832914059965
10773	0.024950686269070658
10873	0.017449452105313
10948	0.015148945246929203
10984	0.03358284380794291
11046	0.0340102411020443
11055	0.04447893503389872
11064	0.04197156884502471
11202	0.06660995488208211
11203	0.06920228149405834
11215	0.08847554079691654
11302	0.06589224117745472
11372	0.09307363639553136
11373	0.08278613833478889
11524	0.05688588031608744
11537	0.027253444093703737
11592	0.022337888298459573
11652	0.04388174733458895
11661	0.05482877071443655
11702	0.03150024502037069
11720	0.04122634277042068
11737	0.05482877071443655
11744	0.041718736905800365
11746	0.037807888138482494
11775	0.01704420089123521
11833	0.07966820589854123
11854	0.05764454037256127
11855	0.16557227666957777
11876	0.00877253459291363
11889	0.02662606210244832
12055	0.014961602103662989
12165	0.06737063812261126
12194	0.08847554079691654
12327	0.03289823032431086
12417	0.06902334529681657
12430	0.152857321561412
12467	0.03358284380794291
12525	0.06324346632897376
12537	0.017935407852496883
12581	0.020781881665085634
12638	0.029901402760647046
12698	0.03316808081382179
12725	0.06455486846448653
12739	0.08587163321441255
12742	0.05732499834905135
12829	0.035764636109058584
12839	0.026471284127213283
12904	0.05095244052047067
