175
t_index	tf-idf
3	0.018533138893052647
76	0.04262631695132013
102	0.034288197280279514
278	0.026262823574750172
331	0.06183219941559958
356	0.030997163188019088
433	0.024145014755625856
480	0.16604799546049615
604	0.02653064035898688
633	0.06410220379643591
918	0.02355643835330641
968	0.08302399773024807
1123	0.023701134365675697
1170	0.034955033672975665
1185	0.0574018006273845
1240	0.019136322427479643
1320	0.043578577900522886
1341	0.08302399773024807
1420	0.1156582648964633
1471	0.030871160268397632
1578	0.13715549369905863
1593	0.060577230775839236
1681	0.04533681307027435
1716	0.023131652979292667
1764	0.07925407864923578
1806	0.044965881368956274
1944	0.024449472357092928
2057	0.014215521990237278
2281	0.04460511346946977
2294	0.02278784220335911
2430	0.042383596629297
2514	0.04202770456938447
2621	0.08478939955505398
2661	0.04325344521796696
2702	0.027177580522971933
2827	0.05649335737126119
2891	0.013525982009444241
2928	0.036399461762977335
2990	0.043911942658757405
3015	0.06652861138492284
3115	0.025574185364639887
3146	0.047366546613722846
3167	0.02188371372200324
3181	0.024840219268499816
3212	0.030997163188019088
3305	0.03205110189821796
3335	0.04145512720259239
3365	0.06198451093167888
3432	0.028160664149443407
3666	0.08302399773024807
3719	0.049767211858489424
3729	0.036984767216424165
3782	0.0574018006273845
3817	0.060042736709538934
4059	0.03290089381184612
4130	0.016405507466520898
4200	0.023201505687515694
4298	0.02149590431717247
4344	0.03013946066759305
4426	0.02238677958587438
4436	0.0382397358561845
4457	0.011915528465250591
4587	0.028787401370046588
4598	0.02292429114067961
4640	0.02015174174028378
4644	0.01824160215813162
4708	0.02131259920432713
4856	0.034785131901219055
4895	0.03544665368864231
4917	0.09473309322744569
4985	0.02756205176750774
4990	0.014905823191127017
4994	0.055643565457633035
5131	0.043578577900522886
5207	0.058377595460634125
5369	0.049342123821304616
5484	0.03231412454566816
5544	0.03517089819268246
5690	0.05715082708768185
5794	0.07279892352595467
5855	0.03232831644505404
5887	0.0574018006273845
5892	0.05484530865722457
6315	0.03738994394255634
6525	0.07095901017313794
6559	0.02278784220335911
6614	0.02265279276698259
6702	0.04145512720259239
6760	0.0211917983146485
6777	0.031382572301041994
7001	0.015169552843954959
7215	0.06375618067761482
7284	0.05270538865806123
7366	0.02437269543624344
7531	0.027083191555197658
7713	0.047366546613722846
7754	0.023628587600232218
7826	0.03846103862211258
8036	0.014465652801876729
8037	0.01040103321848706
8060	0.019084988231390657
8131	0.11103432343193126
8167	0.022585783947457236
8212	0.0481399754913717
8292	0.034785131901219055
8298	0.04533681307027435
8407	0.03396703002603816
8505	0.05375015774407682
8719	0.0215575775194739
8905	0.029334227864574233
8967	0.04145512720259239
9004	0.055643565457633035
9036	0.11346562363004283
9085	0.06580178762369224
9182	0.07095901017313794
9200	0.7472159795722326
9225	0.03938543246119074
9261	0.02460438243348184
9299	0.05409269212649461
9390	0.0514859959850844
9411	0.05270538865806123
9495	0.02638859369742853
9514	0.14836658125102783
9580	0.020207417107035885
9800	0.03759730578116939
9826	0.019136322427479643
9840	0.03891512515896966
9883	0.039148179112307814
9891	0.026694210221691904
9991	0.07204646064270125
9997	0.03125284509780949
10073	0.055643565457633035
10099	0.026712259853879577
10128	0.031987997662674274
10209	0.023131652979292667
10357	0.03177960352452094
10378	0.06477037621517139
10459	0.14191802034627587
10636	0.03177960352452094
10773	0.023413315154821278
10853	0.02805898638844729
10867	0.025242917461990498
10873	0.008187139965105861
10948	0.014215521990237278
10976	0.023995385820235852
11016	0.02392120418955325
11055	0.041738303807315726
11203	0.03246914350531397
11372	0.029112925098646155
11535	0.08239462915382856
11577	0.0311243835460048
11592	0.03144226252846724
11660	0.04262519840865426
11661	0.05145042001830089
11682	0.03512715644576969
11700	0.08302399773024807
11702	0.05911862753292512
11770	0.05030472341329465
11775	0.015993998831337137
11814	0.03678676040812934
11876	0.008232002715895996
12226	0.114803601254769
12387	0.025658321143680708
12467	0.06302718068682546
12537	0.01683029284053464
12584	0.025324956385446188
12591	0.057790560795289575
12698	0.0311243835460048
12699	0.02689641956381228
12739	0.04834832011335645
12746	0.07389718697270972
12758	0.04781293528153926
12762	0.03802209115518313
12766	0.010480754176155748
12829	0.00839023712202365
