199
t_index	tf-idf
33	0.06493338234941118
43	0.07151441431874227
240	0.03689038538934151
536	0.045972751284435245
554	0.03478052237792916
607	0.09661816452659308
639	0.032932776952615525
660	0.033437735433481344
687	0.03806912380082814
758	0.02874118096391171
790	0.034364825203203254
808	0.23290394356995914
854	0.037722716359053186
872	0.04938529519444506
982	0.042295807788419994
1119	0.04967354562404142
1122	0.06845759648564452
1175	0.050865769639563685
1497	0.058049801889725666
1507	0.0710004405457429
1511	0.01963643056634165
1544	0.1671386611141766
1561	0.032932776952615525
1879	0.032088308389968276
1885	0.0440211051483474
1906	0.03330988187043468
1996	0.07129685788969191
2157	0.05313212609950443
2271	0.035648428944845954
2294	0.025777791890431632
2464	0.026245731378168092
2493	0.020744168543436574
2508	0.05358142163179411
2692	0.06204145790179374
2702	0.030743499474616676
2718	0.046894376057346684
2768	0.06493338234941118
2801	0.046355507585630264
2813	0.026647234087912176
2829	0.11778808187078746
2891	0.015300700533277306
2991	0.19122698128107568
2992	0.06956104475585832
3000	0.06537315100385925
3002	0.0639057439713834
3077	0.033437735433481344
3187	0.07159625435232732
3193	0.02445620003833987
3195	0.041837468590181115
3214	0.027313036487069262
3218	0.046273667552045185
3294	0.02616671342818024
3348	0.087878078072349
3475	0.048928647979165865
3651	0.03422879824282226
3715	0.046273667552045185
3869	0.03954141754642187
3900	0.03730583009790609
3901	0.03878708681152877
4120	0.09020968943503692
4236	0.10343427112440891
4260	0.02632517075921515
4457	0.013478942424678836
4598	0.0518642880696265
4765	0.03738418249940415
4859	0.023177753792815132
4878	0.03318311643601032
4979	0.08322696336594289
4987	0.039349223284452124
4990	0.050584764202000906
5178	0.15515140668661337
5350	0.087878078072349
5469	0.03042544791763936
5544	0.039785605241591596
5664	0.05515075056513551
5792	0.0359493452124559
5798	0.04658078871399183
5885	0.03689038538934151
6019	0.028462764471939482
6036	0.05889404093539373
6421	0.04658078871399183
6428	0.3155781812299226
6492	0.08359309714677716
6554	0.011439663710789694
6580	0.031289159343382146
6614	0.025625022872866603
6630	0.04139281322261516
6696	0.031178416464169915
6708	0.01703133176922944
6796	0.051717135562204454
6828	0.031400731764998864
6909	0.019434463422556923
6910	0.04821923539845886
6985	0.024526624985801392
7119	0.039349223284452124
7169	0.0399334098704178
7178	0.12238018395830594
7187	0.05514118143856055
7296	0.05479678803892779
7343	0.4053194140342089
7366	0.027570590719280277
7574	0.024386106503621913
7651	0.032444377504739094
7671	0.03878708681152877
7726	0.035460677117861335
7751	0.041613481682971444
7769	0.024526624985801392
7811	0.014925495589775403
8036	0.016363663753606743
8037	0.02353146624054675
8089	0.008787675478909966
8543	0.05460906000982188
8665	0.031513146250591824
8722	0.03641243480098854
8775	0.0338280158042957
8805	0.0712802673365489
8874	0.04276869984432839
8877	0.05087720143361348
8879	0.023769679972948116
8880	0.032686575501929625
8882	0.0399334098704178
8914	0.048928647979165865
9070	0.04054144729997438
9109	0.02424690129749326
9275	0.05216179092977041
9316	0.18632315485596732
9370	0.05045766606614415
9409	0.07151441431874227
9414	0.0775537557327597
9503	0.03280916754079856
9525	0.03806912380082814
9534	0.04376205777307064
9538	0.045677794148187005
9553	0.029910003798438445
9652	0.0503517958665643
9707	0.08026940772499015
9735	0.12977129787661446
9820	0.02547380483657437
9844	0.15870276468546635
9845	0.08707470283458851
9891	0.07851143838222686
9946	0.05629707362402454
9998	0.00911014108296763
10036	0.07525770468900046
10121	0.05584214783325169
10128	0.018092541175716962
10171	0.032088308389968276
10184	0.04658078871399183
10198	0.087878078072349
10222	0.051717135562204454
10498	0.06038476890195414
10541	0.032088308389968276
10552	0.05515075056513551
10695	0.036570053717757386
10722	0.031400731764998864
10873	0.01852271823851972
11020	0.051717135562204454
11132	0.03641243480098854
11153	0.0503517958665643
11175	0.020744168543436574
11197	0.05128537058803487
11228	0.06119009197915297
11305	0.017246268379690986
11465	0.03579812717616366
11514	0.027921073916625846
11536	0.03464066361665068
11546	0.06204145790179374
11592	0.011855914114057267
11636	0.020419177135027385
11663	0.026485331965178556
11775	0.036185082351433924
11777	0.11527133942741423
11783	0.15927906655175306
11800	0.06294445246759858
11807	0.04206487527668256
11862	0.07326877480718787
11867	0.04206487527668256
11889	0.04239563309625173
12055	0.015881847664352345
12151	0.08359309714677716
12323	0.03689038538934151
12329	0.061061424607479875
12405	0.038972118366632974
12420	0.03579812717616366
12451	0.038972118366632974
12467	0.035648428944845954
12488	0.019892802620795798
12489	0.17831663385602062
12516	0.024386106503621913
12566	0.031449289272723065
12572	0.0639057439713834
12584	0.028647796027043683
12588	0.05629707362402454
12591	0.032686575501929625
12612	0.0503517958665643
12638	0.03174055293709327
12685	0.04967354562404142
12766	0.023711828228114535
12868	0.09522165881127982
