165
t_index	tf-idf
3	0.058181213146649105
17	0.05096530517234611
251	0.09923271480202228
355	0.0805493478498273
375	0.07896098583411755
722	0.0664334019656808
841	0.052824350739322345
850	0.15968121154781081
864	0.06840326789998367
888	0.09508526310467669
926	0.09163259780449869
983	0.02940140865559372
1005	0.06037050439290309
1006	0.050525544986624656
1116	0.0359831941256237
1480	0.10442686858586496
1578	0.07176220084454739
1675	0.10613788941255987
1806	0.07058085366302638
1905	0.05568864249266482
1944	0.07675440036033879
1989	0.06463505526461959
2057	0.02231344403335021
2069	0.031631252218888385
2075	0.06379134836425657
2078	0.11599297914420462
2129	0.05258261758612649
2461	0.07811727893375453
2491	0.09923271480202228
2506	0.029716955990779777
2514	0.06596893412729928
2640	0.046757332351260575
2986	0.04341653714282251
3167	0.017174924062342747
3298	0.10761284697311344
3356	0.20520980369995104
3388	0.06037050439290309
3433	0.0358758279154019
3442	0.06379134836425657
3586	0.1530533041228663
3621	0.062587049543521
3773	0.09163259780449869
3783	0.0932869164036155
3812	0.07896098583411755
3817	0.04712314630787317
3987	0.08378932566134766
4011	0.04295892548263911
4248	0.057436270275049446
4298	0.06748224345991434
4304	0.07417739107533032
4344	0.047308510321573655
4430	0.13419544141175718
4494	0.07896098583411755
4569	0.05934543734343729
4682	0.04569720515939456
4701	0.08378932566134766
4739	0.06946339509184969
4748	0.08272919846948162
4808	0.08490678423252432
4917	0.07434906629839044
4937	0.10442686858586496
4968	0.055411216193165407
5077	0.1219387775426114
5086	0.04845702517055284
5093	0.05934543734343729
5195	0.045019506773939344
5216	0.03899053744241484
5329	0.05568864249266482
5337	0.0664334019656808
5369	0.10326671733704797
5484	0.02536098955886599
5488	0.07896098583411755
5515	0.09811546035772882
5548	0.027176903578442324
5600	0.07730666723500072
5683	0.07504974183906238
5794	0.1142690860666326
6135	0.11599297914420462
6173	0.046044573823405134
6348	0.01922292978344135
6383	0.13031890971370258
6484	0.06507018605195934
6559	0.035769016571791906
6628	0.06840326789998367
6755	0.03936747097157129
6805	0.0329825797520757
6826	0.059014743104686705
6901	0.07896098583411755
7296	0.03801774852897529
7321	0.042659384747016305
7340	0.0358758279154019
7483	0.04639788070006647
7574	0.033837927288617314
7591	0.0302810285953816
7751	0.11548493542464092
7769	0.03403290938557445
7821	0.023396977738463953
8060	0.059913637651961414
8089	0.012193694136747755
8278	0.07577500744686905
8371	0.05968150895934549
8505	0.01687382478715697
8521	0.06108326292075853
8592	0.07811727893375453
8598	0.05934543734343729
8614	0.07811727893375453
8645	0.03335837099538397
8800	0.06840326789998367
8933	0.04946541779475862
9077	0.09705512903897957
9085	0.051643003557801326
9243	0.13031890971370258
9433	0.175106451389327
9514	0.09315365019836486
9580	0.03171864325390719
9692	0.11869087468687459
9746	0.16344161169055166
9800	0.059014743104686705
9834	0.13031890971370258
9958	0.11138105960847754
9991	0.11308798005841286
9998	0.0379234329402341
10038	0.061821482429953695
10099	0.08385798504806095
10131	0.03609112099744817
10157	0.0886749968678884
10228	0.03061040527132366
10232	0.13031890971370258
10311	0.07984060577390541
10403	0.04001138438997956
10477	0.038498420169824396
10483	0.07730666723500072
10688	0.11138105960847754
10809	0.07896098583411755
10836	0.09705512903897957
10853	0.04404288656027773
10948	0.06694033210005063
10982	0.057436270275049446
10984	0.04946541779475862
11057	0.05596984341531213
11174	0.06144907687737111
11299	0.0932869164036155
11305	0.0239307564471306
11319	0.09923271480202228
11360	0.11138105960847754
11372	0.04569720515939456
11413	0.09923271480202228
11601	0.07896098583411755
11623	0.05124030437914689
11658	0.1453710755116585
11702	0.04639788070006647
11876	0.012921391983332036
11982	0.06144907687737111
12185	0.09163259780449869
12354	0.07116308791114197
12485	0.08734111800520873
12525	0.04657682509918243
12649	0.04372733922509167
12679	0.08608813141404534
12717	0.05934543734343729
12724	0.08378932566134766
12742	0.08443611891941698
12829	0.026339530349625544
12839	0.03899053744241484
12904	0.07504974183906238
