212
t_index	tf-idf
176	0.03467877991661101
433	0.02214663491378142
497	0.030587270205405276
553	0.04229511942831869
578	0.038820664721824084
604	0.024334812465683548
635	0.0483431885386223
638	0.06748415444473989
754	0.09550785931919042
872	0.010010953041585972
919	0.07125548684103579
1020	0.02090178974245871
1070	0.13017207138228176
1075	0.0640368872340474
1157	0.02071645498619265
1206	0.027429272326789652
1208	0.034108087392168265
1271	0.04896267875077763
1471	0.028316086063676336
1490	0.02384840802199977
1561	0.05340674503267811
1606	0.0628840632647765
1627	0.03802406321769858
1758	0.05940960855828188
1862	0.10709186197617428
1944	0.24668483244602674
1945	0.06102232210561917
1947	0.04344621966885762
2129	0.061453790024525
2157	0.021540955350676638
2184	0.10709186197617428
2422	0.04229511942831869
2430	0.019437843595918877
2464	0.02128121606518001
2506	0.017365240239649696
2508	0.04344621966885762
2555	0.23763843423312753
2584	0.06117454041081055
2615	0.017089697993077763
2640	0.08196858818548314
2698	0.08055507708412636
2781	0.3444016279429623
2801	0.018793562246878115
2813	0.021606772468760613
2891	0.012406494195400733
3115	0.023457519169918215
3366	0.08855894990620118
3388	0.03527778257291421
3390	0.029149341347919307
3432	0.025829926142497833
3439	0.030868152894814014
3495	0.03206195469290207
3571	0.13017207138228176
3651	0.027754244702164494
3761	0.04027753854206318
3808	0.021672950230387275
3817	0.1101465112023281
3822	0.04517450741182785
3871	0.021410387470587045
3992	0.07604812643539716
4010	0.04427947495310059
4052	0.08533352281152663
4096	0.05030599649073289
4142	0.05556351187434265
4210	0.05798709439501183
4248	0.03356314933821432
4299	0.04961567081875253
4334	0.04344621966885762
4369	0.03130211854830544
4431	0.038820664721824084
4708	0.01954864631142971
4765	0.06062554353899442
4920	0.022567982689114533
4949	0.039508595323252065
5216	0.022784300315640223
5239	0.07300443739705065
5515	0.11466844321904446
5548	0.015880948901895345
5578	0.031906114965803895
5693	0.04344621966885762
5740	0.035074796092598344
5769	0.015880948901895345
5782	0.0483431885386223
5794	0.033386833633430535
5882	0.026210348499303125
5934	0.019382821125905208
6155	0.028431660259309283
6173	0.05381271799330985
6174	0.08533352281152663
6349	0.047192088298083364
6353	0.02711281549891067
6388	0.12555152934864705
6391	0.023457519169918215
6476	0.046141216112257924
6496	0.04961567081875253
6544	0.02711281549891067
6554	0.009275792380654424
6601	0.021806403646574376
6612	0.01994466248741705
6630	0.03356314933821432
6663	0.05181764324511691
6671	0.05617640723705509
6708	0.04142930284963174
6755	0.023004563161209315
6777	0.05757034140926215
6805	0.01927352254032702
6828	0.07638336470801116
6844	0.04471870194898786
6909	0.03151666907254153
6947	0.02640514967854076
6959	0.033287972961823925
7008	0.0510381849820226
7165	0.028905344942703425
7296	0.044431693258291986
7380	0.05940960855828188
7547	0.07656760500639041
7591	0.03538971733347481
7735	0.03727676851896271
7754	0.021672950230387275
7769	0.019887287504079972
7837	0.07125548684103579
8089	0.021376324159089254
8246	0.07615245571080045
8309	0.04305020349287029
8386	0.018281730941413554
8392	0.03938250608333592
8505	0.029580891927320965
8645	0.058479353657683086
8746	0.04427947495310059
8777	0.036967736132353164
8800	0.039971764962363016
8819	0.22845736713240142
8874	0.03467877991661101
8890	0.03909831858852179
8892	0.03527778257291421
8922	0.03527778257291421
8929	0.1028860134885121
8938	0.028785170704631075
8948	0.1258037187434208
8979	0.2603441427645635
9068	0.021410387470587045
9085	0.030177827222833662
9088	0.05940960855828188
9109	0.019660474992602917
9113	0.03206195469290207
9220	0.05671461211488159
9247	0.05354593098808714
9276	0.028201607374532284
9294	0.093310452158909
9326	0.05940960855828188
9330	0.03752076492417859
9390	0.04722471979390283
9411	0.0483431885386223
9421	0.028316086063676336
9433	0.034108087392168265
9539	0.02207781756930551
9670	0.035484239075169954
9807	0.07615245571080045
9837	0.05265089852935988
9872	0.0466552260794545
9998	0.01477382192002296
10104	0.10902527937703442
10135	0.025103246162719185
10205	0.039971764962363016
10425	0.11342922422976318
10446	0.1450295656158669
10447	0.07615245571080045
10448	0.03802406321769858
10476	0.03115572389189951
10559	0.04517450741182785
10682	0.07269455674545715
10853	0.025736663815908983
10854	0.0483431885386223
10904	0.175422650605717
11020	0.0419345729144736
11027	0.07615245571080045
11037	0.07125548684103579
11056	0.0483431885386223
11081	0.04517450741182785
11116	0.03304174126280562
11171	0.05354593098808714
11184	0.05640321474906457
11209	0.024585563575370048
11306	0.051659852284995665
11316	0.023380836935941257
11370	0.05798709439501183
11379	0.13017207138228176
11381	0.11646199416547225
11404	0.02786454146215365
11437	0.026018639533172995
11514	0.02263965893081735
11516	0.03790287830447019
11592	0.01922661375109148
11627	0.08599854140534892
11693	0.03802406321769858
11720	0.035484239075169954
11735	0.06102232210561917
11775	0.014670243796249396
12027	0.06508603569114088
12057	0.06784739170411881
12188	0.030638215080767008
12348	0.1523049114216009
12387	0.023534691389544605
12480	0.06508382997270197
12516	0.03954669763356331
12534	0.034875164914784575
12581	0.035774662891751095
12591	0.026503741338525285
12739	0.0443467359652639
12743	0.06508603569114088
12766	0.01922661375109148
12829	0.007695812997514048
