267
t_index	tf-idf
3	0.030891636460963913
17	0.027060310267814962
240	0.027178946684541863
304	0.03186961542913158
320	0.07015444161754815
355	0.02138406056154831
358	0.0647440674165051
604	0.0221110655290461
638	0.03065868214937151
644	0.029420891279537172
702	0.06919354487706723
758	0.021175030209758115
765	0.04023315871697889
777	0.1294881348330102
871	0.02076854812250462
872	0.018192278163052047
902	0.02478342272077745
908	0.033439969981555226
1022	0.026711907619281206
1075	0.01939503762226596
1116	0.03821095131967286
1170	0.029132091410351932
1171	0.0242631834696868
1194	0.2772301131793422
1207	0.030335901183424496
1488	0.021313940440113744
1524	0.038767817039288124
1555	0.026046627468330776
1651	0.07495058815521724
1739	0.057137635457060305
1774	0.03431833957872598
1840	0.02502029479808934
1906	0.024541015060430948
1981	0.027919031226492416
2081	0.0647440674165051
2129	0.027919031226492416
2167	0.020440948819853737
2169	0.04147680069954409
2271	0.026263936780654536
2353	0.03017800260793971
2430	0.01766158806848396
2450	0.06919354487706723
2506	0.01577838191307127
2514	0.035026569928014215
2576	0.03478537864398664
2588	0.11529040857296574
2640	0.024826063857398238
2787	0.03659692448043786
2801	0.017076181990345017
2809	0.06863667915745196
2896	0.04147680069954409
2909	0.021400197078393714
2911	0.052688157996498175
2917	0.03133420379585461
2990	0.03659692448043786
3009	0.03431833957872598
3167	0.0091191207897512
3193	0.018018075710875478
3263	0.07753563407857625
3268	0.03778443456738449
3340	0.13838708975413447
3388	0.03205405273984042
3395	0.0463742489987329
3460	0.06919354487706723
3495	0.058264182820703864
3635	0.10295501873617795
3640	0.035525463185937196
3817	0.07506088439426803
3871	0.058361634925110574
3912	0.048652833900444774
3981	0.015043803984099059
4032	0.055446022635868446
4059	0.02742013796856944
4087	0.058841782559074345
4130	0.05469046290948261
4138	0.027060310267814962
4141	0.1301703396475846
4143	0.06448328595470705
4222	0.029132091410351932
4298	0.01791503493816368
4324	0.049531203497615535
4353	0.022650235943543835
4357	0.04708247934802113
4358	0.04871002929427782
4569	0.06301957545675421
4641	0.052688157996498175
4682	0.0242631834696868
4708	0.01776226548717832
4709	0.02857633915648434
4730	0.03604812204419758
4744	0.02971749748849088
4800	0.05398068095817767
4828	0.027298879699801222
4859	0.017076181990345017
4881	0.051531956808583274
4895	0.05908363099343624
4920	0.020505690964377554
4953	0.03688197327740516
4968	0.029420891279537172
4990	0.012422754554122277
5066	0.10537631599299635
5091	0.07619387591009871
5131	0.14527637155877487
5239	0.0221110655290461
5333	0.028177249296971973
5337	0.03527318169210594
5369	0.08224505088401379
5371	0.05913838876802805
5434	0.2634407899824909
5450	0.02435501464713891
5484	0.013465557477601538
5487	0.08209280388199999
5502	0.057137635457060305
5594	0.024172114385478984
5690	0.023815212631060134
5768	0.05913838876802805
5769	0.014429727055773191
5794	0.030335901183424496
5795	0.2032222124405959
5934	0.017611593623621982
5978	0.022729469223979722
6190	0.1231742258352449
6341	0.10097209122199098
6353	0.049270422035817496
6367	0.049531203497615535
6379	0.03282445754251154
6388	0.0325938476189751
6544	0.024635211017908748
6554	0.008428158361676341
6603	0.014135111732468411
6708	0.02509562604116203
6755	0.020902376142897115
6759	0.13838708975413447
6777	0.026154744221366558
6798	0.016794788068238066
6826	0.09400261138756384
6827	0.04348308738382638
6841	0.03365305942777556
7001	0.01264255111978097
7165	0.026263936780654536
7166	0.0647440674165051
7181	0.04448840523684994
7215	0.01771181132167085
7327	0.01484818807948024
7340	0.019048468977524678
7365	0.04783959067642367
7377	0.024730222534947457
7449	0.04508172603705339
7472	0.02511871484494789
7483	0.049270422035817496
7551	0.030991245831960824
7569	0.08575922730310143
7574	0.017966434384201216
7584	0.021669109358515605
7698	0.06919354487706723
7708	0.0647440674165051
7726	0.026125610849881943
7757	0.024635211017908748
7769	0.07227984482194615
7805	0.031509787728377106
7821	0.03726826366236683
7862	0.018712511260525956
7946	0.028308673163194104
8035	0.02346955376593028
8060	0.01590573841020801
8089	0.006474309248917638
8140	0.024172114385478984
8298	0.03778443456738449
8371	0.06337645361800248
8386	0.08305561248931329
8391	0.038767817039288124
8422	0.20194418244398196
8505	0.09855175513248368
8604	0.03747529407760862
8660	0.03947604738857635
8800	0.03631909288969372
8825	0.08384954307634152
8826	0.1301703396475846
8848	0.04508172603705339
8955	0.033439969981555226
8965	0.025833538022110452
9008	0.10549690708392663
9068	0.01945387830837019
9085	0.02742013796856944
9113	0.029132091410351932
9178	0.027178946684541863
9185	0.1231742258352449
9244	0.06919354487706723
9263	0.051531956808583274
9276	0.07687352301096077
9280	0.026154744221366558
9339	0.028177249296971973
9420	0.029275541317960382
9433	0.09297373749588247
9435	0.04023315871697889
9495	0.02199268153983963
9497	0.030022343804208134
9538	0.03365305942777556
9652	0.01854831226192178
9668	0.030991245831960824
9674	0.13838708975413447
9800	0.09400261138756384
9826	0.01594852116095379
9998	0.013423770783059926
10023	0.026826817168365977
10123	0.1294881348330102
10169	0.030022343804208134
10173	0.03243249581684302
10211	0.018440195508886
10216	0.03631909288969372
10228	0.016252763743187182
10273	0.03631909288969372
10284	0.03810253688833769
10302	0.04239181060343141
10311	0.12717543181029425
10342	0.03527318169210594
10357	0.05297127295156022
10375	0.0192203852089212
10415	0.049531203497615535
10500	0.0463742489987329
10660	0.04984549921532841
10661	0.03365305942777556
10693	0.05913838876802805
10697	0.03747529407760862
10722	0.023134451036206375
10727	0.02502029479808934
10835	0.03387036874009931
10867	0.021037856402787852
10873	0.020469885288985242
10890	0.02188786268185096
10948	0.011847446348925412
11046	0.026598188864149823
11174	0.03262672675753412
11175	0.015283241010003366
11221	0.06158711291762245
11413	0.2634407899824909
11416	0.04783959067642367
11437	0.07092306684169769
11516	0.017219631897953464
11537	0.06394182132034124
11553	0.030022343804208134
11587	0.06919354487706723
11592	0.008734830341337933
11627	0.026046627468330776
11640	0.02857633915648434
11699	0.026263936780654536
11716	0.03409206843522488
11769	0.052688157996498175
11775	0.013329657763476867
11867	0.030991245831960824
11876	0.006860684439710694
12055	0.023401864001462148
12188	0.013919227491462379
12244	0.13838708975413447
12327	0.1029141005895103
12411	0.03205405273984042
12430	0.0796961498735966
12488	0.07327999099637143
12566	0.02317022572111795
12567	0.0616474084630876
12718	0.025521466897608456
12739	0.013431424443343075
12748	0.03286096073348185
12762	0.03168822680900124
12827	0.04063224857649125
12829	0.006992559557517757
12855	0.027792165516791385
