63
t_index	tf-idf
3	0.06282962309399757
250	0.11203684033841253
258	0.16057842593086422
1240	0.06487448955419337
2317	0.1466345056951177
2716	0.0994466447977429
2801	0.1389230485984308
2834	0.16365816043854156
2891	0.04585474465678033
2986	0.09377063547487036
3193	0.14658581227627132
3242	0.08698486834772075
3586	0.1652815555270785
3817	0.10177613567679603
3871	0.0791333824853159
4029	0.14247909395370464
4376	0.23242123186227046
4430	0.07245851838446014
4569	0.1281737268433483
4878	0.0994466447977429
5131	0.14773674552715105
5210	0.1886385390776845
5369	0.05575862531507552
5488	0.1705392071005249
5515	0.0706362880222984
5556	0.09687417080695693
5594	0.19665191103019372
5599	0.20148021948139766
5794	0.1233986577551381
5857	0.08585472076540548
5934	0.07163944136498446
6085	0.17243900211317048
6484	0.14053798617075994
6554	0.03428358441999647
6625	0.06593315842608415
6813	0.20148021948139766
7103	0.12538291531923107
7366	0.08262643888229883
8089	0.02633582784890671
8105	0.08394330267103248
8800	0.14773674552715105
8933	0.10683495197661759
8993	0.15911473922422104
9085	0.11153808157283183
9247	0.1979072374674987
9261	0.08341188633382178
9433	0.12606443153609248
9495	0.044730291116837975
9514	0.10059619618176426
9539	0.08160022253464512
9662	0.1536973792688809
9800	0.1274594964842224
9998	0.02730222660316632
10128	0.05422162560468625
10873	0.027755412679620742
10920	0.09278229004246173
10948	0.04819237010444312
11174	0.1327171480576688
11203	0.11007439486618868
11537	0.17339927539189662
11640	0.23248242233809224
12430	0.16209173848488873
12566	0.047125264823709635
