180
t_index	tf-idf
40	0.03139654165887288
56	0.021426097580451577
192	0.03571836315546429
232	0.05520444509244772
233	0.06202257368399689
259	0.06202257368399689
395	0.03359148880704736
735	0.03717829361300043
788	0.06202257368399689
865	0.021830948150015086
872	0.01630689560496308
1100	0.020663197535649408
1154	0.034447374503305705
1202	0.041568187909349394
1203	0.012508677184236637
1208	0.027779424100711325
1225	0.034447374503305705
1234	0.03757983835819838
1276	0.05300949794427326
1475	0.02208210597236595
1488	0.01910503998302026
1491	0.03475005931780022
1513	0.05300949794427326
1694	0.0309688012116225
1786	0.03571836315546429
1884	0.033059657649758815
2018	0.03161759546290756
2082	0.042203019801573066
2106	0.036792499840434964
2116	0.03506235476354991
2271	0.023542036429902092
2354	0.0472277459901457
2358	0.06950011863560045
2372	0.06202257368399689
2538	0.09050770529201178
2576	0.031180346575760496
2613	0.03889331727213864
2634	0.024578413067323713
2709	0.027191997024609477
2748	0.05520444509244772
2762	0.020811117320207365
2778	0.022968875462620237
2834	0.03606353823174049
2986	0.020663197535649408
3000	0.021586043873791188
3167	0.00817404776876904
3238	0.019955231623949025
3242	0.038335786212371235
3335	0.0309688012116225
3392	0.08313637581869879
3483	0.05300949794427326
3495	0.0522258915705973
3585	0.05300949794427326
3592	0.07687144810891344
3946	0.022427281048642153
4060	0.043610628431984134
4186	0.3799847516730966
4219	0.015609152457092984
4359	0.05617367825887691
4457	0.017802846464246236
4587	0.03225818025131081
4618	0.03184373140619615
4644	0.027254556390860864
4994	0.041568187909349394
5042	0.03506235476354991
5223	0.032804150289283955
5296	0.03717829361300043
5357	0.035384891210023896
5363	0.06202257368399689
5414	0.016290936611767816
5583	0.051721429043085104
5665	0.034447374503305705
5725	0.04060569321211242
5764	0.030761709766649204
5769	0.012934281819882237
5809	0.04619136935272408
5978	0.02037386843306031
6046	0.03415372641917316
6086	0.19445596870497928
6099	0.06202257368399689
6174	0.03475005931780022
6348	0.009148753481248838
6414	0.1775918677989902
6460	0.029245409640191324
6641	0.24809029473598757
6659	0.05803422413284588
6716	0.032804150289283955
6757	0.06202257368399689
6805	0.015697372602759926
6850	0.029603139255896346
6959	0.013555739841511141
7054	0.040409617398596526
7321	0.02030284660605621
7327	0.013309375041697399
7481	0.03267622813157493
7509	0.06202257368399689
7738	0.022694351217909598
7743	0.12245174114078775
7757	0.02208210597236595
7821	0.011135304760872575
7930	0.04525385264600589
7968	0.059574008108338815
8003	0.031180346575760496
8037	0.01554005749709363
8105	0.01849765692748441
8297	0.18210633923722755
8386	0.014889605250432043
8390	0.02840417246534036
8505	0.016061491666734755
8541	0.02840417246534036
8645	0.01587622262636043
8651	0.014450581946340123
8877	0.006719807660835313
8966	0.035384891210023896
9070	0.026773360215498188
9261	0.03676110917684442
9276	0.022968875462620237
9307	0.03991046324789805
9364	0.028566762618474732
9390	0.0384623008645542
9469	0.05121609554129671
9514	0.22167270836036848
9732	0.05520444509244772
9735	0.028566762618474732
9792	0.06202257368399689
9844	0.04192259101832431
9845	0.038335786212371235
9860	0.12404514736799378
9891	0.023930097306906095
9960	0.033321979337009276
10087	0.023444160196415074
10155	0.06415037736117896
10169	0.053821871218508094
10178	0.02009280701770488
10260	0.27602222546223865
10329	0.034047038465896615
10449	0.06202257368399689
10452	0.011446701364358455
10456	0.33122667055468635
10474	0.03255511216962575
10549	0.032312223772147944
10677	0.037998475167309656
10696	0.10673544640863808
10727	0.022427281048642153
10775	0.03571836315546429
10824	0.03161759546290756
10873	0.012232306456666137
11008	0.03889331727213864
11081	0.036792499840434964
11089	0.3910470301675148
11135	0.033321979337009276
11150	0.03717829361300043
11175	0.013699340644525652
11305	0.022778691263097305
11376	0.04525385264600589
11455	0.03184373140619615
11544	0.01162080290594197
11592	0.007829583806196895
11627	0.04669449655294594
11636	0.013484718014507043
11734	0.03606353823174049
11736	0.031180346575760496
11876	0.006149667674067041
11879	0.03757983835819838
11889	0.009332618279521903
11982	0.029245409640191324
11991	0.11530717216337015
12055	0.020976578623804715
12193	0.024889607422098784
12196	0.01539200279294174
12262	0.02037386843306031
12270	0.06152341953329841
12287	0.041568187909349394
12405	0.025736983578076574
12489	0.033645535538112704
12525	0.1330036250162211
12566	0.010384473252642731
12739	0.024078879430106514
12748	0.029455368445717545
12829	0.012535751453879381
