224
t_index	tf-idf
33	0.0611888434853323
43	0.06739036449923064
240	0.0347630130455152
536	0.04332162257922064
554	0.03277482033308101
607	0.09104644688374837
639	0.031033629568955046
660	0.031509468410770285
687	0.03587377668604899
758	0.02708375199248116
790	0.032383095330605
808	0.21947298037752885
854	0.03554734565827866
872	0.04653737397921386
982	0.03985671882799739
1027	0.06457377037314334
1104	0.08850144676853858
1119	0.04680900175806945
1122	0.06450982538075228
1175	0.04793247332301416
1497	0.05470222116370597
1507	0.06690603025367427
1511	0.018504048812195754
1544	0.15750021029600791
1561	0.031033629568955046
1879	0.030237859306595158
1885	0.04148252278741816
1906	0.031388987829361364
1996	0.06718535398222479
2157	0.05006813491481392
2245	0.04148252278741816
2271	0.033592676991112395
2294	0.024291253840643227
2322	0.048327876978781575
2464	0.024732208478145994
2493	0.01954790642827502
2508	0.05049152074517151
2692	0.058463688780707956
2702	0.028970602015170925
2718	0.044190099654362464
2730	0.046453643497663136
2768	0.0611888434853323
2801	0.04368230632245797
2813	0.02511055757342749
2829	0.1109955502894649
2891	0.01441834902590956
2991	0.18019941984257987
2992	0.06554964066616202
3000	0.06160325182805468
3002	0.06022046633327975
3077	0.031509468410770285
3187	0.06746748503145432
3193	0.02304587474497278
3195	0.039424810856327014
3214	0.025737964884122607
3218	0.04360518579023427
3293	0.03603988396851598
3294	0.02465774728731627
3348	0.08281037842793872
3422	0.04754790401865543
3475	0.04610706041825727
3651	0.03225491269037614
3715	0.04360518579023427
3839	0.03603988396851598
3869	0.03726116708993707
3900	0.03515450014089517
3901	0.03655033664181446
4120	0.0850075318423785
4236	0.09746948638519944
4260	0.0248070667972045
4457	0.012701646957698603
4598	0.04887340979857861
4646	0.0690435555923221
4765	0.03522833416368126
4859	0.021841153161228984
4878	0.0312695326270341
4979	0.0784274813801432
4987	0.03708005616996121
4990	0.0476676727363909
5178	0.14620422957779916
5350	0.08281037842793872
5369	0.03506495683337316
5469	0.02867089166225216
5544	0.0374912731173789
5548	0.018456226273417947
5664	0.051970350570522544
5727	0.046453643497663136
5792	0.03387624020212604
5798	0.04389459607550577
5885	0.0347630130455152
6019	0.026821391053706213
6036	0.05549777514473245
6421	0.04389459607550577
6428	0.2973796103020755
6492	0.07877250118043033
6554	0.010779968130378684
6580	0.029484795101963366
6603	0.0361588018298802
6614	0.024147294614017798
6630	0.039005797604491486
6696	0.029380438475863573
6701	0.034916412403571274
6708	0.016049179270631327
6763	0.10568500249104379
6796	0.04873474319259972
6828	0.02958993343291998
6909	0.01831372858701907
6910	0.045438557811480616
6958	0.023934086946569944
6985	0.02311223846932796
7119	0.03708005616996121
7168	0.06022046633327975
7169	0.03763055423862079
7178	0.11532283782224478
7187	0.05196133327052827
7296	0.05163680014034086
7343	0.41132613866209
7366	0.025980666635264136
7574	0.022979823321652305
7651	0.030573394843869846
7671	0.03655033664181446
7726	0.03341575232247851
7751	0.0392137406900716
7769	0.02311223846932796
7811	0.014064781173255273
7821	0.015889224245463636
8036	0.01542001392870809
8037	0.022174467934308262
8089	0.008280913145498427
8543	0.05145989789722407
8665	0.029695865268218775
8677	0.03880089029302358
8722	0.03431262462146728
8775	0.031877242330148964
8777	0.02148123852955946
8805	0.06716972016302622
8874	0.040302340431978084
8877	0.047943245875306385
8879	0.02239894450183911
8880	0.03080162591402734
8882	0.03763055423862079
8914	0.04610706041825727
9048	0.04360518579023427
9070	0.03820352773490592
9109	0.022848645716821648
9135	0.042241404982414306
9275	0.04915375644443525
9316	0.17557838430202308
9370	0.04754790401865543
9409	0.06739036449923064
9414	0.07308143283983047
9503	0.030917148389639874
9525	0.03587377668604899
9534	0.04123841399887852
9538	0.04304367485199987
9553	0.02818517186152618
9652	0.047448139077457804
9707	0.07564048026198784
9735	0.12228772547118985
9820	0.02400479692761892
9844	0.14955079002005173
9845	0.08205333174555894
9891	0.07967495676839795
9941	0.0850075318423785
9946	0.05305056816732888
9998	0.008584782998910835
10036	0.07091778907344054
10121	0.052621876760815485
10128	0.017049191497459613
10171	0.030237859306595158
10184	0.04389459607550577
10198	0.08281037842793872
10222	0.04873474319259972
10498	0.056902536716126245
10541	0.030237859306595158
10552	0.051970350570522544
10695	0.034461154066254225
10722	0.02958993343291998
10873	0.01745456137061942
11020	0.04873474319259972
11132	0.03431262462146728
11153	0.0711722086161867
11175	0.03909581285655004
11197	0.048327876978781575
11228	0.05766141891112239
11305	0.016251721047155904
11465	0.06746748503145432
11514	0.026310938380407742
11536	0.032643026861922046
11546	0.058463688780707956
11592	0.011172214458148748
11636	0.01924165642706269
11663	0.024957991923996472
11736	0.04449195863362344
11775	0.03409838299491923
11777	0.10862394182108433
11783	0.15009385806025893
11800	0.05931461000421387
11807	0.03963910359211858
11862	0.0690435555923221
11867	0.03963910359211858
11889	0.05326771662745817
12055	0.014965982917117492
12151	0.07877250118043033
12323	0.0347630130455152
12329	0.05754017145130874
12405	0.0367246979095549
12420	0.03373374251572716
12451	0.0367246979095549
12467	0.033592676991112395
12488	0.01874563655868945
12489	0.16803357849333247
12516	0.022979823321652305
12537	0.017940659407476616
12566	0.029635690755774127
12572	0.06022046633327975
12584	0.02699575232144666
12588	0.05305056816732888
12591	0.03080162591402734
12612	0.047448139077457804
12638	0.029910158004010343
12685	0.04680900175806945
12766	0.022344428916297496
12868	0.14955079002005173
