141
t_index	tf-idf
498	0.0743180250255072
536	0.129859203013618
612	0.0890151653364052
738	0.03494141862914228
875	0.10803174789440097
1006	0.05142709138492
1023	0.036084435972581055
1171	0.046512597664997844
1203	0.0535032286139382
1475	0.04722577562420347
1507	0.10027745093872083
1713	0.15902231014157173
1779	0.08762423448493463
1944	0.03906197906990231
1989	0.0657883629883238
2244	0.07126386955543343
2418	0.08420536683013495
2615	0.02976726053916891
2634	0.05256448919179131
2813	0.075270426165361
2872	0.055306876210280936
2909	0.041024243908577174
2991	0.27007936973600244
2992	0.09824452072600531
3002	0.09025725835692842
3005	0.08528441027222282
3167	0.017481382724659014
3710	0.07304268092095777
3839	0.054015873947200484
3840	0.056682315991456574
3900	0.02634443898246583
4011	0.043725457828876324
4120	0.06370381392697952
4130	0.052420893173382256
4193	0.07868607932107285
4236	0.07304268092095777
4353	0.043420572274678784
4436	0.061094151228974714
4501	0.056968534488463084
4587	0.02299626047895908
4598	0.03662525586037008
4620	0.029531332066148858
4673	0.058154016282017974
4695	0.057552925817421566
4709	0.05478093044075049
4949	0.022939017627270776
4990	0.04762891771302818
5028	0.10348113215346091
5178	0.14608536184191553
6213	0.11947294292306067
6298	0.0890151653364052
6348	0.019565931786003295
6388	0.031241253287098154
6421	0.0657883629883238
6428	0.049522972193119144
6554	0.016156805615524586
6603	0.02709705285720203
6612	0.03474010862387453
6614	0.0361914933792837
6696	0.04403482715460792
6701	0.052332036715972696
6708	0.048108392646089966
6798	0.032195660609120685
6805	0.033571100390296316
6827	0.0416786064211789
6901	0.08036991655230068
6985	0.03464017145247939
7001	0.02423580955187538
7059	0.09495147011627754
7165	0.05034804794283213
7177	0.058154016282017974
7343	0.4403482715460792
7366	0.03893931554442937
7448	0.07712708954836073
7591	0.0616426888702066
7726	0.025041438353112924
7808	0.08535429477432709
7811	0.021080019225733337
7821	0.02381445885651409
7926	0.05785132422503478
8036	0.023111215601160258
8060	0.030491349668232852
8112	0.0369565498728337
8134	0.08762423448493463
8212	0.038455691141409135
8379	0.12289543624673127
8645	0.033953597018811316
8805	0.10067266422290193
8877	0.014371280041203895
8882	0.05639993946962561
8997	0.0521021247552245
9109	0.03424510378508028
9115	0.09025725835692842
9381	0.047591641107085705
9443	0.050463634689753276
9495	0.021080019225733337
9580	0.032284610995411904
9602	0.07498591397902875
9844	0.04482876043377004
9891	0.008529662037183394
9941	0.06370381392697952
10023	0.05142709138492
10169	0.057552925817421566
10189	0.2580520755350975
10190	0.10655533430199388
10375	0.03684553782094314
10419	0.04419123482689359
10475	0.05478093044075049
10541	0.09063982548695662
10657	0.08762423448493463
10665	0.047045201682729215
10671	0.05142709138492
10828	0.10100336164307101
10853	0.04482876043377004
10873	0.026160555556246877
10948	0.0681347737497443
11046	0.10197762043892226
11175	0.02929802022902718
11202	0.04993146531979751
11279	0.05426781390474173
11316	0.04072532264630408
11516	0.06602017508621769
11544	0.049705533638493525
11592	0.016744696747904183
11623	0.05215460449946832
11650	0.06859742751117735
11695	0.09326763288504973
11775	0.025552995110444083
11777	0.10853562780948346
12052	0.06074642868384075
12166	0.06714604275576817
12339	0.06040436041505189
12420	0.05055947419499606
12488	0.028095593823186688
12489	0.25184544441713447
12537	0.026889109796537934
12545	0.10100336164307101
12590	0.045486211910017095
12732	0.20200672328614203
12838	0.058461127356980905
12868	0.08965752086754009
