330
t_index	tf-idf
102	0.02771529142811756
136	0.06710864014844582
152	0.06279323208140733
156	0.04372334637958596
160	0.11083198652803178
162	0.05377535126063898
166	0.03373724329334686
167	0.04803875444662445
175	0.08744669275917193
178	0.03373724329334686
240	0.026360004475955417
381	0.04158758692532344
589	0.05377535126063898
612	0.02251770122350207
646	0.06710864014844582
690	0.04639811244324753
742	0.028116965733928374
764	0.01945587047314911
837	0.06710864014844582
872	0.017644117683141235
880	0.07839333497159938
918	0.019040766378985635
983	0.015140462406110628
984	0.03243237380096686
991	0.027077789166614446
1012	0.029268694370452722
1020	0.018419506937662658
1023	0.01825618241517461
1122	0.024458168852528626
1157	0.01825618241517461
1427	0.044976923696271494
1471	0.024953286303414243
1475	0.023892915359649342
1488	0.020671719618964916
1507	0.12683331380439644
1510	0.04372334637958596
1511	0.014031200600308859
1555	0.02526180372689877
1737	0.01530295572817205
1756	0.039407938312547484
1774	0.06656855362368312
1779	0.17732675771488055
1780	0.05541599326401589
1864	0.04260198325825956
2076	0.020739726916536937
2087	0.08607189968654967
2110	0.06279323208140733
2181	0.06279323208140733
2237	0.027077789166614446
2277	0.021517974921637418
2294	0.018419506937662658
2353	0.029268694370452722
2379	0.043147903220196134
2431	0.028677258562137438
2463	0.05377535126063898
2464	0.018753872839808353
2531	0.039809612618358296
2535	0.07269221512438905
2582	0.059731401331054375
2635	0.02771529142811756
2642	0.029894940040893513
2668	0.037599684878880046
2679	0.044331689428720136
2685	0.0328498040028562
2701	0.04022704282024764
2778	0.07455720908433525
2808	0.05541599326401589
2819	0.043147903220196134
2891	0.021866214206532727
2941	0.03727217885828495
2957	0.06279323208140733
2991	0.05465645348285232
3000	0.09342469778409646
3002	0.045663814008612524
3003	0.059731401331054375
3212	0.025055134983575415
3231	0.031835407669920074
3238	0.021591629927411638
3241	0.04671234889204823
3263	0.037599684878880046
3283	0.06710864014844582
3294	0.0373948212146984
3305	0.02590703799445012
3343	0.08314587428435269
3359	0.023801557666889895
3378	0.024953286303414243
3395	0.044976923696271494
3432	0.022762381099575964
3529	0.04997922207565101
3577	0.044331689428720136
3608	0.08744669275917193
3621	0.03222964184550319
3629	0.03727217885828495
3663	0.06710864014844582
3713	0.05735646089304245
3729	0.029894940040893513
3808	0.01909908491316002
3812	0.040661515629233
3871	0.037735407868104746
3900	0.03998529039401791
3999	0.043147903220196134
4110	0.03664593318784416
4119	0.03263904254429021
4130	0.026521278837968627
4136	0.024458168852528626
4143	0.031270154177040786
4236	0.07390890122265739
4260	0.018810636205597763
4298	0.01737522821020437
4354	0.06710864014844582
4394	0.06710864014844582
4426	0.018095326368073313
4442	0.045197275559522694
4457	0.0192627417087562
4598	0.01852979917705868
4617	0.05181407598890024
4640	0.032577472099260686
4665	0.059731401331054375
4673	0.02942183522630837
4682	0.0235320975564382
4684	0.03496193835117539
4695	0.029117725798686104
4708	0.017227061930675455
4856	0.028116965733928374
4888	0.040661515629233
4949	0.011605526841172532
5002	0.05541599326401589
5178	0.036954450611328696
5216	0.04015690358622443
5369	0.013294480801573473
5415	0.034210348107932
5448	0.02590703799445012
5469	0.021740486981294667
5556	0.04619524949490566
5586	0.05235416251366293
5652	0.03470546555881761
5682	0.03864739299443223
5725	0.04393550109083825
5731	0.06710864014844582
5748	0.06710864014844582
5769	0.013994937853619323
5779	0.06710864014844582
5789	0.059731401331054375
5792	0.0513751694760985
5798	0.03328427681184156
5822	0.06279323208140733
5866	0.06710864014844582
5888	0.047186851435749744
5899	0.0567868511708265
5900	0.05735646089304245
5903	0.04803875444662445
5912	0.05541599326401589
6045	0.13421728029689164
6155	0.025055134983575415
6173	0.02371097749583568
6176	0.044331689428720136
6219	0.09437370287149949
6269	0.11946280266210875
6315	0.06044489212297721
6379	0.06367081533984015
6421	0.09985283043552469
6428	0.37582702475363133
6580	0.06707295450852634
6587	0.05764412991444947
6603	0.05483679891802664
6619	0.06279323208140733
6625	0.015720385930061385
6630	0.05915442358787451
6642	0.04803875444662445
6682	0.038286575191221084
6708	0.012169728695707274
6760	0.03425883614558962
6777	0.02536666276087929
6798	0.016288736049630343
6810	0.04022704282024764
6909	0.02777377017885021
7001	0.01226161219465003
7033	0.03090933637382964
7105	0.048964825742714886
7177	0.02942183522630837
7206	0.017780728906801435
7215	0.051534384073323565
7296	0.01957750729261086
7343	0.22278520239752675
7430	0.06710864014844582
7443	0.06279323208140733
7574	0.01742507891425618
7726	0.050676814442676105
7731	0.06656855362368312
7774	0.047186851435749744
7778	0.030222446061488606
7804	0.044976923696271494
7808	0.021591629927411638
7811	0.010665004618412181
7821	0.01204843842740253
7862	0.01814867538131546
7926	0.029268694370452722
8007	0.06710864014844582
8017	0.044331689428720136
8035	0.022762381099575964
8037	0.008407198093487826
8041	0.030057433362954935
8089	0.006279228653009342
8108	0.040661515629233
8111	0.03445502798400589
8112	0.11218446364409519
8113	0.05377535126063898
8115	0.05735646089304245
8167	0.01825618241517461
8210	0.04158758692532344
8217	0.05735646089304245
8233	0.04639811244324753
8351	0.04022704282024764
8364	0.048964825742714886
8386	0.016110604596878783
8388	0.0738980407645054
8517	0.045663814008612524
8555	0.06279323208140733
8722	0.05203697029480264
8724	0.08303912610276025
8731	0.030057433362954935
8754	0.02601848514740132
8775	0.024171789982751442
8778	0.026131111657199793
8811	0.03522474444086812
8877	0.02181256568658595
8879	0.016984611677707512
8899	0.03727217885828495
8910	0.04260198325825956
8914	0.03496193835117539
8948	0.036954450611328696
8955	0.03243237380096686
8964	0.04208270437620905
9109	0.01732560991121108
9160	0.06279323208140733
9161	0.059731401331054375
9186	0.022928683012072484
9212	0.033508350474591234
9241	0.06279323208140733
9272	0.028534395935817712
9306	0.022598637779761347
9365	0.04997922207565101
9381	0.09631207007349905
9389	0.030057433362954935
9402	0.06710864014844582
9414	0.05541599326401589
9441	0.04639811244324753
9443	0.012765521968098706
9502	0.02973489032023355
9522	0.02547256518546475
9560	0.06279323208140733
9601	0.044976923696271494
9783	0.024078017518374763
9820	0.03640458631292717
9826	0.03093593685341144
9891	0.012946224201115448
9998	0.032548231360168316
10038	0.06367081533984015
10054	0.06279323208140733
10125	0.04260198325825956
10137	0.022357651502842107
10155	0.03470546555881761
10171	0.022928683012072484
10173	0.03145525633576621
10189	0.06527808508858042
10190	0.053909492220004594
10191	0.05764412991444947
10192	0.06710864014844582
10215	0.06279323208140733
10255	0.038286575191221084
10279	0.04639811244324753
10375	0.01864124633000988
10485	0.048964825742714886
10541	0.022928683012072484
10558	0.017626849997073753
10657	0.044331689428720136
10671	0.02601848514740132
10722	0.02243737551499785
10738	0.060780114983558245
10766	0.040661515629233
10916	0.044976923696271494
11175	0.044468202477463116
11279	0.027455690610503663
11357	0.034210348107932
11401	0.01976260945133628
11493	0.038286575191221084
11504	0.13421728029689164
11592	0.008471636872717177
11615	0.16132605378191692
11660	0.017227061930675455
11713	0.03373724329334686
11737	0.04158758692532344
11775	0.012928015290160128
11777	0.027455690610503663
11783	0.11381276890762122
11832	0.11946280266210875
11857	0.019040766378985635
11876	0.019961885348752255
11889	0.02019585078665773
11956	0.06710864014844582
11961	0.05110058519697741
11982	0.03164363480846465
11984	0.04803875444662445
12057	0.029894940040893513
12085	0.06279323208140733
12193	0.013465320839762953
12329	0.02181570359016131
12420	0.10231812789542012
12434	0.018982765658563973
12435	0.029894940040893513
12442	0.05541599326401589
12476	0.029268694370452722
12488	0.042643173330060596
12489	0.07280917262585435
12537	0.013603995190620752
12584	0.020470266806085238
12590	0.023012818674387682
12591	0.023356174446024114
12612	0.017989423943487844
12649	0.02251770122350207
12698	0.02515796772419288
12719	0.01957750729261086
12721	0.03470546555881761
12766	0.008471636872717177
12790	0.03263904254429021
12829	0.006781863306696425
12867	0.0567868511708265
12868	0.136081167273381
12905	0.04208270437620905
12906	0.06710864014844582
