96
t_index	tf-idf
738	0.04168956257416659
977	0.04750242213717169
983	0.03570556410942078
1269	0.09202244076054744
1507	0.17946565550436877
1797	0.11328919689654945
1879	0.05407242786070555
2264	0.06415077807853814
2517	0.13526302807498605
2813	0.044903602439710574
2852	0.31652294214598153
2868	0.09293525059517804
2891	0.025783410448104147
2909	0.02447357392149598
3160	0.12681774178630306
3167	0.020857516024686846
3818	0.09202244076054744
3839	0.06444781709698394
3840	0.06762922205464326
3900	0.031432270941764644
3981	0.03440862226797577
4120	0.15201352670362772
4128	0.1425464370172035
4200	0.08845404995179637
4236	0.08714922107654283
4260	0.04436088931516977
4454	0.08789851564805419
4620	0.07046928054852286
4737	0.06444781709698394
4783	0.06762922205464326
5073	0.10175516330293903
5369	0.03135220865978728
5415	0.0806778382858621
5725	0.05180627278085358
5816	0.09114166603443674
5899	0.06695986227718344
6015	0.08642164827542057
6323	0.06762922205464326
6428	0.3545232785222663
6559	0.043438494029165074
6603	0.12932094058981872
6701	0.12487756965222459
6708	0.028699719763080722
7006	0.09202244076054744
7187	0.04645956276745925
7296	0.04616939185799542
7343	0.21015662833718216
7481	0.04168956257416659
7584	0.1982488470572225
7811	0.025151147693897088
7821	0.028413682432473428
8036	0.02757462366356351
8037	0.03965318131716728
8112	0.044093870795612534
8176	0.07553760008230023
8379	0.07331495372106149
8389	0.11328919689654945
8651	0.07374638686684087
8719	0.04109334679458562
8724	0.03916602757727845
8754	0.061359069792056534
8805	0.09008648258906761
8877	0.017146767419710465
8882	0.06729231090054005
8927	0.07956212108816095
8938	0.059821885168122924
9055	0.14086382056011296
9067	0.06975157056366503
9215	0.08184546760986175
9443	0.030104771624293893
9458	0.06536062693161453
9495	0.025151147693897088
9941	0.22802029005544158
9998	0.061406471232197474
10128	0.030487977603912798
10190	0.06356704237087323
10211	0.04217694690010152
10541	0.1081448557214111
10643	0.14808449792230505
10948	0.027097820916249907
11003	0.15826147107299077
11175	0.10486880861372826
11357	0.0806778382858621
11455	0.08125486379321487
11623	0.031113542797001032
11707	0.10942009127342525
11992	0.11786537756210827
12052	0.14495645220654815
12166	0.08011378074785905
12411	0.14662990744212298
12420	0.060323891984490674
12591	0.055080575590396266
12698	0.05932972225976175
12737	0.06189312194200551
12867	0.13391972455436688
12868	0.16045926180575248
