298
t_index	tf-idf
16	0.017134922447454813
56	0.02188814433467253
117	0.026418392332989427
184	0.023369837962813052
240	0.049775162420401316
498	0.03549943292895302
534	0.03325715246673512
596	0.02180743224794682
607	0.021727363292250994
616	0.0351902208158889
635	0.04022231176108761
660	0.022558299332009923
729	0.022386524195742274
742	0.026546401717263315
758	0.019389834716204733
854	0.15269460976570065
858	0.021108792601074854
872	0.016658548450629546
875	0.02580172029099663
918	0.03595436563705573
960	0.03684123658409476
977	0.01901762176496601
1020	0.01739062583168695
1022	0.024459916635854898
1105	0.02088630526647079
1203	0.01277842269766356
1206	0.022821596511502
1240	0.014603955045895546
1243	0.03684123658409476
1435	0.05077155517279974
1466	0.03549943292895302
1471	0.02355943982877873
1507	0.023949725807862334
1536	0.04380639587844725
1675	0.02580172029099663
1691	0.037585918010361444
1720	0.04622973710898703
1811	0.112789821624021
1829	0.0541526303497926
1944	0.018658705012521964
1948	0.04942975151765801
2057	0.010848628041574401
2063	0.033511561011615815
2069	0.0153788760398913
2121	0.024049712710164723
2198	0.031636633234146255
2277	0.02031601886979202
2430	0.01617259905092289
2506	0.0433444789952582
2621	0.02156911434024804
2642	0.028225061521536404
2645	0.026676062881071286
2678	0.0563949108120105
2702	0.020740670822087644
2765	0.12933934217008342
2778	0.023464191714950372
2795	0.0541526303497926
2801	0.01563654658797316
2813	0.017977182818527865
2861	0.04246459222330552
2891	0.01032240306182653
2894	0.03229941852028204
2909	0.029394027786537092
2964	0.06163176661712421
2991	0.02580172029099663
3061	0.030429351009302868
3103	0.03614795476234197
3157	0.0351902208158889
3167	0.008350318423106608
3189	0.05232055381326486
3195	0.028225061521536404
3202	0.031217880944884008
3212	0.023655599421656463
3214	0.018426357070953973
3238	0.020385559637109255
3242	0.03916248484582165
3285	0.05361483802002648
3293	0.10320688116398652
3294	0.017653006293505354
3474	0.02680741901001324
3476	0.023752688107112452
3488	0.03798003129886971
3590	0.05928571310761735
3591	0.05232055381326486
3608	0.20640518760083365
3609	0.112789821624021
3704	0.04824619681451923
3839	0.05160344058199326
3871	0.017813787335926895
3900	0.10067142062916343
3981	0.013775511527735155
3986	0.044551077304713936
3988	0.031636633234146255
4120	0.030429351009302868
4192	0.039264577814634535
4200	0.017706314645441267
4209	0.0223017253737445
4220	0.03881789979890564
4230	0.05928571310761735
4269	0.03973203887970162
4280	0.031636633234146255
4289	0.03684123658409476
4304	0.01803224378244571
4329	0.03489024030730774
4353	0.04148134164417529
4442	0.06400895343133292
4504	0.03404055687260913
4564	0.016264788695461777
4576	0.05077155517279974
4587	0.04393842307888857
4598	0.034989514683004805
4617	0.024459916635854898
4618	0.06506086202176964
4620	0.014106208307137888
4644	0.0139211459721183
4682	0.022217636173636993
4856	0.026546401717263315
4859	0.03127309317594632
4895	0.013525622254697207
4921	0.022558299332009923
4990	0.11375433949246871
5100	0.06336007010636299
5314	0.05021660163812815
5362	0.01907870767206803
5604	0.0541526303497926
5718	0.04622973710898703
5725	0.06222201246626294
5767	0.04942975151765801
5769	0.013213205357433387
5797	0.026291993172382625
5798	0.03142507593020738
5838	0.031217880944884008
5885	0.024887581210200658
5899	0.02680741901001324
5978	0.02081322421145502
6019	0.019202004933970472
6298	0.04251980445436782
6428	0.23655599421656462
6485	0.0563949108120105
6547	0.0774051608729899
6554	0.023152826131921243
6559	0.0347812516633739
6582	0.03276687958534912
6603	0.06471714029983895
6604	0.06919791224375373
6635	0.04022231176108761
6637	0.04535539451891237
6701	0.024997403076798205
6708	0.03446984747253687
6798	0.0153788760398913
6827	0.019908587354320283
6847	0.04128103752016673
6881	0.0563949108120105
6958	0.034269844894909626
6959	0.013848064917102526
6986	0.02522071450627073
7001	0.023153400413167324
7055	0.05928571310761735
7103	0.028225061521536404
7169	0.08082154501731474
7296	0.018483942333264284
7315	0.04622973710898703
7327	0.040789162023991084
7340	0.017442556700615727
7342	0.0563949108120105
7343	0.3155112220574731
7348	0.047187471055440106
7366	0.055800337266539504
7385	0.05928571310761735
7448	0.03684123658409476
7475	0.05232055381326486
7481	0.10014264076382383
7496	0.04942975151765801
7497	0.07678047044911976
7501	0.01399476242425027
7547	0.03185274050455315
7574	0.016451744800281852
7726	0.011961524286412874
7755	0.028073951895427343
7793	0.04942975151765801
7811	0.11076203938774394
7821	0.011375433949246871
7832	0.015294433519667267
7843	0.04622973710898703
7885	0.05928571310761735
7976	0.039264577814634535
8017	0.04185539960166024
8037	0.007937586865464244
8053	0.2819745540600525
8109	0.02680741901001324
8176	0.030241521227068604
8379	0.08805505047028431
8386	0.015210694695290645
8388	0.017442556700615727
8448	0.04942975151765801
8505	0.008203926228553584
8509	0.024252721650531515
8645	0.016218588150752136
8651	0.014762203997898503
8724	0.015680141453630263
8753	0.031217880944884008
8754	0.049130277095590674
8775	0.045643193023004
8778	0.02467147393979376
8805	0.02404411641814566
8877	0.06178246294566322
8879	0.01603588128515851
8891	0.039264577814634535
8892	0.02935168349009477
8905	0.022386524195742274
8927	0.2548219240364252
8934	0.0541526303497926
9007	0.044551077304713936
9055	0.0563949108120105
9067	0.027925081012955256
9159	0.0563949108120105
9186	0.0432958545986908
9294	0.03881789979890564
9316	0.03142507593020738
9364	0.029182795467989485
9372	0.062435761889768016
9389	0.028378478253791053
9443	0.01205246247061352
9489	0.06414719552719268
9502	0.11229580758170937
9525	0.07704840165221205
9561	0.04128103752016673
9820	0.03437109045687655
9826	0.014603955045895546
9885	0.03253043101088482
9891	0.03666921298871073
9941	0.030429351009302868
9986	0.017547230571827777
9991	0.02749126109337998
10038	0.03005713805806414
10049	0.04246459222330552
10181	0.059396442611240184
10184	0.06285015186041476
10189	0.09244764992568631
10190	0.12724550813808386
10191	0.24490903809618916
10216	0.03325715246673512
10256	0.04535539451891237
10279	0.04380639587844725
10419	0.021108792601074854
10541	0.0216479272993454
10594	0.04824619681451923
10619	0.03377257830436573
10847	0.06336007010636299
10853	0.02141331895943856
10873	0.018744138189242684
10876	0.02355943982877873
10887	0.05928571310761735
10920	0.06265891579941238
10948	0.021697256083148802
10985	0.031636633234146255
11046	0.024355785126039437
11051	0.04824619681451923
11057	0.02721211534402102
11153	0.01698456651350984
11175	0.0419842872727508
11180	0.03142507593020738
11235	0.039264577814634535
11258	0.03614795476234197
11305	0.011634953127827344
11336	0.04380639587844725
11437	0.0216479272993454
11468	0.0541526303497926
11519	0.020526101799027488
11663	0.053603873465058745
11672	0.04824619681451923
11699	0.024049712710164723
11711	0.02721211534402102
11736	0.0637054810091063
11775	0.024411758405736332
11800	0.04246459222330552
11807	0.028378478253791053
12052	0.029016699111625993
12057	0.028225061521536404
12166	0.03207359776359634
12346	0.06336007010636299
12405	0.026291993172382625
12420	0.024150704522790764
12434	0.017922421915848166
12488	0.013420400342756763
12489	0.03437109045687655
12534	0.029016699111625993
12537	0.02568820012140621
12566	0.010608411006247266
12591	0.0661546194518205
12666	0.019710903586718797
12719	0.018483942333264284
12742	0.041052203598054976
12766	0.015996852416728373
12829	0.012806080815035195
12867	0.1340370950500662
12868	0.17130655167550848
12905	0.03973203887970162
