130
t_index	tf-idf
56	0.03002196234201852
176	0.03957543324589811
277	0.026857796332206037
367	0.05913430882337954
470	0.05004809436461505
612	0.029160260198414858
645	0.03892415877893803
738	0.02289274765882666
872	0.011424502383814657
960	0.05053174908066666
1163	0.05385562423667424
1206	0.031302293176481144
1241	0.05053174908066666
1301	0.02910117101463961
1320	0.04561578924612057
1488	0.02676972737379383
1507	0.06569928956164016
1720	0.06340909514055382
1754	0.15470346529081427
1905	0.03713684239563297
1936	0.08690520354928671
1955	0.06340909514055382
2057	0.014880069207638728
2069	0.02109379535664027
2087	0.05573124373841615
2121	0.03298678765459318
2271	0.03298678765459318
2538	0.06340909514055382
2648	0.04869131993376837
2894	0.04430215333279466
3031	0.053242956924078995
3238	0.027961004568888375
3293	0.03538985594628687
3496	0.06617488818440673
3713	0.8170382215353527
3808	0.024733176805724955
3900	0.034520441212764284
3981	0.018894607144589362
4406	0.04254025855847277
4442	0.029265072453300848
4599	0.07735173264540714
4816	0.07176331041490693
4990	0.015602640608844377
5040	0.08690520354928671
5091	0.023924357058669892
5145	0.08690520354928671
5314	0.02295917065531942
5484	0.016912372614738356
5857	0.026508847438361398
5896	0.03732436562978677
6233	0.044943326850166464
6348	0.012819111434508585
6428	0.06489243712541248
6554	0.01058553683394043
6580	0.028952996967909917
6603	0.03550662896328095
6614	0.023711765515926204
6620	0.05982251393389076
6777	0.03284964478082008
6827	0.027306785385520067
7278	0.04706794637664755
7302	0.07735173264540714
7343	0.1154020902184798
7481	0.02289274765882666
7496	0.06779826174152755
7497	0.05265636860714776
7501	0.01919533351307386
7574	0.022565351146381238
7575	0.09264550329562773
7976	0.05385562423667424
8103	0.01899412198194004
8112	0.07263903445585938
8140	0.030359515827941344
8388	0.07177307117600969
8414	0.02825117834127028
8505	0.011252574020182173
8509	0.09979570925941737
8877	0.0094157049262796
8879	0.02199494926125317
8927	0.08737897204039885
8997	0.034136015116319834
9000	0.029265072453300848
9139	0.03257938621794592
9186	0.0593849572833992
9188	0.06472273105387974
9381	0.031180858513434072
9389	0.03892415877893803
9406	0.06220983951102734
9465	0.11324283456105427
9502	0.038506467871789504
9525	0.03522674463318523
9531	0.05209372946235235
9541	0.034136015116319834
9580	0.021152073435419298
9820	0.02357183796791465
9891	0.005588422230500207
10014	0.06963869088842584
10190	0.0698124024604705
10191	0.07464873125957354
10256	0.06220983951102734
10532	0.05053174908066666
10541	0.0296924786416996
10696	0.02991125696694538
10733	0.06779826174152755
10746	0.040494623460735464
10766	0.05265636860714776
10835	0.04254025855847277
11064	0.04122662264514685
11071	0.045275457261025685
11175	0.01919533351307386
11544	0.016282914138527706
11559	0.05516926015000016
11636	0.018894607144589362
11775	0.03348337256706211
11814	0.038506467871789504
11876	0.008616832376195973
12055	0.014696051185793748
12372	0.047855746224712614
12420	0.06625061774358848
12434	0.07374763263732073
12442	0.07176331041490693
12545	0.06617488818440673
12567	0.038713731102294445
12591	0.0302460769563274
12638	0.02937068787505845
12719	0.02535273032635567
12829	0.0351298556971604
12855	0.03490620123023525
12867	0.07353856148786857
12868	0.02937068787505845
