230
t_index	tf-idf
16	0.018543844282712788
45	0.05106746867576714
190	0.0198795022148088
194	0.04821429701238182
383	0.058605339346313866
534	0.03599172733467371
631	0.023954236762107634
716	0.030545871878346578
738	0.01806281433019494
775	0.033565074990197265
827	0.06416049068378135
872	0.009014150177562841
918	0.01945535965224972
932	0.03626705466427944
1081	0.03447183736637391
1122	0.07497216162263727
1156	0.03876364196768773
1269	0.0398705133619973
1301	0.01148068935766244
1490	0.02147379280604871
1797	0.0490847493426879
1879	0.02342793170576483
2071	0.04026600598757657
2157	0.01939609602528046
2199	0.022925926488895885
2261	0.03233264269145059
2265	0.04529696676387323
2277	0.04397301377013673
2280	0.038418379679150134
2294	0.03764114584010004
2375	0.05349412102024357
2379	0.04408740481768887
2515	0.042009708036920626
2626	0.02805351027875491
2633	0.04595625034969686
2634	0.027172983979562366
2648	0.038418379679150134
2709	0.06012493137763647
2718	0.03423796063987709
2801	0.03384452844020062
2813	0.01945535965224972
2818	0.046658096998211475
2833	0.05889927206734453
2891	0.011171164362657594
2909	0.010603652196010598
2918	0.01882057292005002
2920	0.058605339346313866
2992	0.025393538763660434
3167	0.01807384947600476
3193	0.017855668093113713
3247	0.054946254703090745
3294	0.03820905531756716
3318	0.01957486468601879
3432	0.023258008738691008
3566	0.05662262001323462
3840	0.029301676626981653
3886	0.03140260200035211
3900	0.027237286214621615
3907	0.05662262001323462
3931	0.04821429701238182
3963	0.05106746867576714
3981	0.029816410487808163
4134	0.027667380416246674
4457	0.019682168268492145
4587	0.023775633595700636
4636	0.03195102990009152
4684	0.03572319891034429
4726	0.03572319891034429
4737	0.027923271013894916
4769	0.03293140943420716
4921	0.024413159229544797
4949	0.023716450709467485
4990	0.07386468533487353
5086	0.025496618669418488
5091	0.018876773813274624
5227	0.061031991690790294
5255	0.054946254703090745
5318	0.06416049068378135
5362	0.020647457569250852
5397	0.10989250940618149
5484	0.01334418441052915
5767	0.05349412102024357
5806	0.03713750699458552
5842	0.020515639608208187
5885	0.026933966695827184
5888	0.04821429701238182
5946	0.023954236762107634
6179	0.04821429701238182
6211	0.04740838403254402
6233	0.03546114168444164
6356	0.044675377665132236
6364	0.05221324833567897
6580	0.04568893313532975
6583	0.05662262001323462
6603	0.028015407150464244
6726	0.041968334172209534
6798	0.016643406668540098
6805	0.017354434278879265
6879	0.06416049068378135
6959	0.014986724347724793
6986	0.02729449193232324
7082	0.04299901235498836
7133	0.015266093620746417
7169	0.029155703312641605
7206	0.03633577229777489
7343	0.022763612302006696
7366	0.020129509745699953
7481	0.07225125732077976
7501	0.030290968163372706
7526	0.06856986236133703
7531	0.022368119676427434
7575	0.07309906829428431
7581	0.06856986236133703
7600	0.5485588988906962
7784	0.03626705466427944
7811	0.010897224219562483
7821	0.02462156177829118
7842	0.06856986236133703
8036	0.011947242348102387
8037	0.0343610250387889
8089	0.006415952454405169
8103	0.014986724347724793
8111	0.03520525108679339
8112	0.2101498042466194
8140	0.023954236762107634
8176	0.0654562706340597
8201	0.061031991690790294
8212	0.0198795022148088
8222	0.06856986236133703
8379	0.12706052209921437
8388	0.13213741669292237
8392	0.03546114168444164
8464	0.04939621212642905
8505	0.017756990842028385
8589	0.031051770006885967
8719	0.03560898448077565
8722	0.026585011132119002
8724	0.050908331042412096
8729	0.03520525108679339
8754	0.079755033396357
8777	0.016643406668540098
8805	0.026021147871593642
8848	0.044675377665132236
8877	0.014858341375698999
8965	0.05120137000148332
8976	0.05106746867576714
9000	0.023090700075045906
9026	0.020515639608208187
9067	0.06044245084555959
9307	0.022061765653492077
9370	0.03683954729752837
9394	0.09481676806508804
9421	0.025496618669418488
9458	0.028318763639474186
9531	0.04110294566074399
9553	0.021837534026195368
9580	0.033378778367420286
9602	0.03876364196768773
9668	0.03071190332681195
9704	0.026933966695827184
9736	0.0398705133619973
9820	0.018598629530244184
9891	0.017637486710222673
9954	0.06416049068378135
10021	0.04740838403254402
10049	0.04595625034969686
10056	0.036549534147142154
10102	0.057458367987465425
10120	0.027667380416246674
10131	0.018990054510877857
10135	0.022603685175135935
10179	0.026471137331047747
10216	0.03599172733467371
10403	0.021052778346095764
10442	0.03400900800159446
10535	0.03876364196768773
10541	0.02342793170576483
10558	0.01801065668280082
10577	0.04026600598757657
10694	0.06416049068378135
10696	0.02360055197517412
10738	0.062103540013771934
10791	0.054946254703090745
10920	0.022603685175135935
10929	0.046658096998211475
10948	0.0234813165569838
11016	0.01975662126177652
11175	0.030290968163372706
11179	0.04740838403254402
11279	0.02805351027875491
11305	0.012591639075153234
11374	0.029449636033672264
11431	0.0406764263418351
11437	0.02342793170576483
11544	0.012847529672801476
11592	0.00865609812764024
11636	0.014908205243904082
11655	0.05106746867576714
11660	0.01760216363889474
11757	0.06416049068378135
11795	0.027923271013894916
11826	0.47998903652935915
11876	0.013597690032251699
11982	0.03233264269145059
12057	0.030545871878346578
12075	0.054946254703090745
12090	0.05221324833567897
12162	0.061031991690790294
12166	0.06942170930021818
12180	0.05221324833567897
12193	0.01375851447133178
12370	0.038418379679150134
12371	0.050582853517263084
12372	0.07551819218665302
12380	0.0406764263418351
12413	0.061031991690790294
12434	0.01939609602528046
12435	0.030545871878346578
12436	0.03447183736637391
12488	0.014523894982945356
12504	0.09996288216351637
12537	0.04170062494434671
12576	0.033565074990197265
12657	0.0398705133619973
12698	0.02570575681943417
12719	0.020003787551989127
12766	0.01731219625528048
12829	0.006929531465172232
12868	0.04634806531253047
12895	0.13713972472267405
