401
t_index	tf-idf
91	0.01240381663053561
189	0.013454248880446398
240	0.01822864010112734
612	0.015571585804636195
634	0.018309077941371137
680	0.028758916009576776
687	0.018811089919680127
742	0.019443625268236352
743	0.045433016151939336
758	0.028403750101449972
764	0.013454248880446398
847	0.01993122002523944
854	0.14911935733688758
863	0.01633465791788331
864	0.024358842186558396
865	0.01633465791788331
872	0.030503434800371078
918	0.013167193423232323
977	0.013929251694047469
983	0.010470030094926069
984	0.022427844053756682
1022	0.01791540180191667
1023	0.01262463286644362
1116	0.01281384609220654
1166	0.030235850145526717
1203	0.009359417713132909
1276	0.03966350931568878
1301	0.015540032166602054
1320	0.024358842186558396
1368	0.027818063785679796
1466	0.026001176297147124
1475	0.016522582742921153
1528	0.030235850145526717
1561	0.01627306769132794
1600	0.02137462340103807
1632	0.029101302818661506
1633	0.033860471719286904
1720	0.06772094343857381
1722	0.0434231803504673
1754	0.0413058434262775
1794	0.0434231803504673
1807	0.027251631360006395
1811	0.082611686852555
1840	0.01678085447505145
1879	0.015855790578531485
1887	0.03157773482045832
1895	0.022716508075969668
1906	0.03291881296543205
1911	0.03620428771656738
1944	0.01366636699459398
1948	0.07240857543313475
2057	0.01589192091353608
2076	0.014342069558526226
2087	0.014880248632332428
2120	0.021498323609039263
2121	0.01761495236625954
2157	0.026254168782834424
2198	0.023171910374329488
2216	0.04640739913598763
2264	0.018811089919680127
2271	0.01761495236625954
2277	0.014880248632332428
2349	0.012587367019115869
2353	0.02024007607417285
2506	0.0105823985237477
2535	0.10053717774326637
2615	0.020828965487077928
2616	0.030235850145526717
2645	0.019538594187481106
2656	0.030656535449689108
2678	0.0413058434262775
2685	0.022716508075969668
2689	0.017186093836245316
2712	0.021133290661708624
2718	0.023171910374329488
2762	0.015571585804636195
2778	0.08593046918122656
2801	0.011452819692250654
2809	0.023016957511626794
2813	0.09217035396262627
2826	0.04640739913598763
2891	0.02268159795886733
2905	0.04640739913598763
2909	0.007176446077233464
2913	0.023491960325227868
3000	0.0323028244175053
3019	0.05751783201915355
3061	0.022287649545955444
3133	0.03465257668809311
3187	0.017688922728825992
3202	0.022865199782086155
3207	0.057771859430544796
3214	0.013496186253873995
3227	0.038321624640757175
3238	0.014931183016396336
3242	0.014342069558526226
3254	0.03718707731389195
3294	0.03878926148460177
3319	0.029101302818661506
3328	0.03620428771656738
3359	0.016459406482716026
3426	0.026476179110748194
3476	0.017397399903266435
3543	0.10601221756571053
3575	0.06526191094635388
3579	0.07240857543313475
3590	0.0434231803504673
3608	0.030235850145526717
3609	0.082611686852555
3651	0.0169134704795678
3659	0.02188241018476158
3700	0.03718707731389195
3704	0.03533740585523685
3708	0.03208552160418183
3713	0.03966350931568878
3808	0.01320752223166101
3822	0.027529399763466807
3826	0.031102732006857252
3900	0.13825442795286141
3901	0.019165856864775937
3928	0.025341631783882976
3980	0.02555497973997898
3988	0.023171910374329488
4023	0.020453424030268855
4087	0.039464578580898683
4120	0.022287649545955444
4130	0.01834016558684413
4136	0.0169134704795678
4138	0.01814907187618829
4144	0.038887250536472705
4209	0.01633465791788331
4220	0.02843175152054759
4230	0.0434231803504673
4234	0.028758916009576776
4260	0.026016104646556522
4344	0.016846863788574296
4353	0.1367215233214969
4358	0.01633465791788331
4417	0.01807035466461936
4430	0.01194696423087601
4436	0.02137462340103807
4442	0.03125511114679567
4455	0.04640739913598763
4504	0.024932638283804747
4587	0.008045555875352075
4620	0.010331939944286621
4654	0.03620428771656738
4673	0.020345977025317135
4856	0.019443625268236352
4861	0.04640739913598763
4900	0.03966350931568878
4920	0.013752956100656114
4949	0.01605105736341417
4990	0.09998176505958412
5042	0.026234846371418746
5043	0.030235850145526717
5139	0.045141521908917306
5195	0.03206346990399699
5230	0.02811851322133692
5314	0.01226020253008668
5362	0.013973993407049181
5369	0.02758045501292876
5469	0.015034121605205113
5484	0.009031210954170206
5508	0.021498323609039263
5556	0.015972618255670815
5594	0.016211988592876057
5609	0.024736360275344767
5699	0.02555497973997898
5725	0.06076512147622084
5767	0.03620428771656738
5769	0.009677869577145577
5899	0.03926960913126928
5918	0.024932638283804747
5930	0.08529525456164276
6019	0.028128602310131617
6155	0.017326288344046554
6198	0.09281479827197527
6428	0.2079154601285586
6547	0.018898191399241246
6554	0.01130535831822246
6559	0.012737576092338698
6580	0.0154609071907969
6587	0.01993122002523944
6592	0.038321624640757175
6603	0.05688164465334557
6612	0.012154301578942397
6625	0.02174212509192137
6630	0.12272054418161311
6636	0.03263095547317694
6637	0.03322006893104704
6660	0.03583080360383334
6668	0.019443625268236352
6692	0.023330195810837468
6701	0.018309077941371137
6708	0.008415689182631267
6799	0.020673141514346325
6805	0.011745308078864168
6909	0.019206296467191075
6958	0.012550288909850374
6959	0.010142865605896882
6986	0.01847263998639038
7004	0.04640739913598763
7033	0.02137462340103807
7060	0.06772094343857381
7119	0.038887250536472705
7133	0.010331939944286621
7165	0.05284485709877861
7207	0.03966350931568878
7278	0.025134294435816593
7296	0.013538363957400823
7315	0.033860471719286904
7342	0.0413058434262775
7343	0.27731134493995335
7348	0.03456195360597865
7366	0.06811725742264096
7367	0.025134294435816593
7384	0.03456195360597865
7441	0.027251631360006395
7472	0.03369372757714859
7475	0.038321624640757175
7481	0.07334839580601855
7483	0.016522582742921153
7496	0.07240857543313475
7501	0.010250312610848602
7554	0.03322006893104704
7574	0.024099805639369566
7591	0.010783268394136743
7713	0.026476179110748194
7726	0.008761089293343838
7731	0.023016957511626794
7755	0.020562462900507027
7778	0.06269886176231097
7808	0.014931183016396336
7811	0.09587672504236376
7818	0.025341631783882976
7821	0.008331813754965344
7847	0.04640739913598763
7862	0.012550288909850374
7872	0.0868463607009346
7878	0.023016957511626794
7980	0.0434231803504673
8008	0.0413058434262775
8011	0.03263095547317694
8017	0.030656535449689108
8044	0.04640739913598763
8053	0.0413058434262775
8060	0.010667815216962166
8089	0.017369010590692662
8103	0.010142865605896882
8112	0.07757852296920353
8167	0.01262463286644362
8168	0.02843175152054759
8212	0.013454248880446398
8332	0.04640739913598763
8379	0.23648155969943194
8380	0.03718707731389195
8388	0.12775612296493946
8397	0.023999747108951378
8414	0.015086135879099032
8505	0.042062140214190614
8634	0.03533740585523685
8650	0.0434231803504673
8651	0.010812416904010793
8665	0.015571585804636195
8677	0.020345977025317135
8719	0.08434931973779349
8724	0.011484750280828486
8754	0.01799247045504591
8775	0.03343086383748733
8777	0.011264091681843625
8805	0.07924884040171563
8874	0.021133290661708624
8877	0.02011195458107313
8879	0.011745308078864168
8882	0.019732289290449342
8898	0.04640739913598763
8905	0.03279353579865827
8924	0.03456195360597865
8927	0.023330195810837468
8929	0.020899620587436996
8938	0.035083436078815616
8997	0.01822864010112734
9000	0.046882666720193505
9006	0.023171910374329488
9007	0.03263095547317694
9008	0.017688922728825992
9012	0.03966350931568878
9068	0.026095032332956333
9071	0.2065292171313875
9151	0.0434231803504673
9154	0.027818063785679796
9159	0.0413058434262775
9186	0.015855790578531485
9260	0.011981117373939466
9272	0.039464578580898683
9280	0.017541718039407808
9294	0.02843175152054759
9364	0.02137462340103807
9381	0.01665058578011431
9416	0.021133290661708624
9443	0.008827695984337343
9502	0.04112492580101405
9505	0.04640739913598763
9525	0.1316776294377609
9589	0.03208552160418183
9602	0.10493938548567498
9603	0.06644013786209409
9698	0.030235850145526717
9786	0.029101302818661506
9826	0.02139301833603348
9885	0.023826562903948446
9891	0.029842187855203282
9941	0.022287649545955444
9998	0.009003185047770824
10068	0.03456195360597865
10082	0.04640739913598763
10102	0.038887250536472705
10120	0.018725007194238318
10131	0.012852279543109866
10184	0.023016957511626794
10185	0.020562462900507027
10189	0.045141521908917306
10190	0.07455967866844379
10191	0.318899520403831
10215	0.3039622624532711
10349	0.028758916009576776
10476	0.01898633603508265
10541	0.015855790578531485
10549	0.024177104826469436
10552	0.027251631360006395
10570	0.024932638283804747
10594	0.03533740585523685
10619	0.07420908082603428
10671	0.01799247045504591
10727	0.01678085447505145
10771	0.03907718837496221
10804	0.04640739913598763
10835	0.045433016151939336
10867	0.042329621966225375
10873	0.004576313867435449
10948	0.01589192091353608
10961	0.09281479827197527
10976	0.013412549113808807
11056	0.02946039789626852
11064	0.022015026189277927
11086	0.024358842186558396
11109	0.027251631360006395
11124	0.030235850145526717
11127	0.017839131802048824
11175	0.04100125044339441
11184	0.017186093836245316
11235	0.028758916009576776
11279	0.01898633603508265
11288	0.04640739913598763
11305	0.017043791549636134
11306	0.015740788408717992
11316	0.014248310467363953
11378	0.031102732006857252
11488	0.0434231803504673
11514	0.027593271379062242
11534	0.04640739913598763
11544	0.008695079979820995
11592	0.011716721805647885
11623	0.009123500428282564
11648	0.04640739913598763
11660	0.01191296883961295
11663	0.01308719275379577
11772	0.04640739913598763
11775	0.017880128826317947
11876	0.009202781031247222
11904	0.0434231803504673
12052	0.02125296791846278
12055	0.007847694789820584
12057	0.04134628302869265
12064	0.04640739913598763
12150	0.033860471719286904
12166	0.023491960325227868
12183	0.01814907187618829
12279	0.04640739913598763
12307	0.04640739913598763
12407	0.03966350931568878
12420	0.035377845457651984
12422	0.038321624640757175
12434	0.013127084391417212
12488	0.029488881920058628
12504	0.0169134704795678
12520	0.01761495236625954
12551	0.01963480456563464
12566	0.015540032166602054
12591	0.01615141220875265
12649	0.015571585804636195
12657	0.0269839658944717
12679	0.030656535449689108
12698	0.03479479980653287
12742	0.015034121605205113
12766	0.017575082708471825
12839	0.013884780325372525
12867	0.058904413696903905
12868	0.0627358169338313
12905	0.029101302818661506
