267
t_index	tf-idf
190	0.021536752873093798
250	0.029569891700064976
351	0.05952683804934573
355	0.0229579228476746
435	0.052233672075153566
541	0.20852765081466995
585	0.04238147603770454
607	0.02547413077135811
612	0.049852117096483836
690	0.10272114864737793
729	0.026246960443741425
738	0.03913723434505296
804	0.04776274235213502
872	0.029296838920419517
875	0.030251088821866765
917	0.06950921693822332
983	0.033519589645170295
1022	0.05735579661987892
1023	0.040417506852171874
1044	0.032740611732602586
1059	0.07428617498873197
1105	0.12244018395880103
1122	0.08122220062560634
1144	0.06349096153952674
1200	0.10840361555144178
1203	0.014981993280706447
1223	0.04090687545825935
1253	0.03760451798719589
1391	0.04452948436466473
1409	0.07428617498873197
1497	0.0229579228476746
1507	0.02807972780504137
1951	0.06349096153952674
2069	0.018030880879891135
2076	0.0229579228476746
2167	0.04389079656679471
2198	0.03709220126399615
2199	0.024837141687092012
2219	0.030251088821866765
2277	0.023819407559086455
2294	0.02038954615308294
2633	0.04978738381176165
2634	0.029438254261539117
2668	0.04162112008610488
2682	0.05795364753741842
2762	0.024926058548241918
2909	0.011487623504355188
2918	0.02038954615308294
2922	0.05795364753741842
2991	0.06050217764373353
2996	0.035240330600858884
3000	0.025854209802593946
3028	0.04603554405006411
3103	0.04238147603770454
3124	0.06950921693822332
3163	0.06349096153952674
3167	0.019580572261021986
3214	0.021603883699621726
3294	0.06209151816254838
3300	0.029569891700064976
3305	0.02867789830993946
3343	0.030679551609727046
3356	0.07798434072511284
3370	0.08324224017220976
3435	0.06950921693822332
3471	0.03239909714882696
3488	0.08905896872932946
3692	0.02655036162701736
3900	0.01475395851967192
3981	0.01615102474146188
3999	0.04776274235213502
4049	0.05795364753741842
4110	0.04056536087448373
4120	0.07135345936568367
4219	0.01869551942106187
4260	0.04164501649049655
4276	0.026448357282634914
4298	0.01923357767997161
4329	0.04090687545825935
4344	0.026967446887987037
4358	0.026147538518873116
4366	0.03899217036255642
4415	0.03112418657333137
4420	0.4457170499323918
4457	0.010661484111241886
4472	0.05546097937396815
4552	0.03760451798719589
4564	0.019069564430050773
4598	0.020511634584282686
4620	0.016538748410038672
4659	0.03991066866415246
4682	0.026048948586391
4683	0.04551183880187936
4717	0.030251088821866765
4920	0.022014905435918396
4949	0.012846783899252274
5091	0.020450432222338926
5257	0.04551183880187936
5369	0.014716378174635036
5414	0.019512111413467165
5484	0.014456619629462954
5515	0.07457216324933555
5577	0.05054773976336131
5584	0.034020473528250716
5734	0.052233672075153566
5780	0.03814012968225516
5781	0.04199516509509378
5838	0.03660123738430272
5873	0.07428617498873197
5882	0.025568007189802733
5899	0.03143021490082148
5934	0.018907803149545342
5935	0.04776274235213502
5946	0.051902353674106075
5978	0.024402353300057168
6019	0.022513287884070275
6034	0.06349096153952674
6061	0.07005609374475083
6149	0.053176689486909776
6165	0.07428617498873197
6194	0.11878943587943473
6246	0.027848712007667538
6342	0.04162112008610488
6348	0.010957718483265384
6388	0.03499274783624693
6421	0.1842208101779811
6428	0.05546976179636651
6435	0.07428617498873197
6554	0.036193876061738794
6587	0.06380939790205485
6601	0.021271990535882346
6603	0.030350905868719028
6604	0.04056536087448373
6612	0.019455875372661538
6620	0.025568007189802733
6630	0.032740611732602586
6660	0.02867789830993946
6696	0.024661296211030467
6732	0.030111662009054123
6798	0.018030880879891135
6805	0.018801183162330266
6807	0.05795364753741842
6958	0.02008974808918573
7177	0.06513723405142788
7222	0.03959647862647824
7327	0.06376404619231726
7343	0.19729036968824373
7366	0.043615204461883224
7387	0.06950921693822332
7472	0.026967446887987037
7497	0.090020851522506
7501	0.06563233712515616
7519	0.039290450298988144
7574	0.019288760114250007
7591	0.03452241572642302
7632	0.035676729682841836
7671	0.06135910321945409
7726	0.02804845022364323
7779	0.030251088821866765
7811	0.03541700729979775
7821	0.02667413326746467
7843	0.10840361555144178
7873	0.06611991126307519
8018	0.032740611732602586
8021	0.02675705865113015
8036	0.012943221776165423
8089	0.006950817025645162
8112	0.02069717272084946
8131	0.024837141687092012
8207	0.04603554405006411
8212	0.021536752873093798
8390	0.034020473528250716
8392	0.038417352547523535
8414	0.02414897948783072
8464	0.02675705865113015
8494	0.053176689486909776
8521	0.0348195205759696
8524	0.037869280324407346
8645	0.019015396848747382
8651	0.017307867045701343
8719	0.038577520228500015
8724	0.09192048950680294
8805	0.028190395570734012
8877	0.0160970039820271
8879	0.018801183162330266
8880	0.025854209802593946
8917	0.16788128795540003
8936	0.04162112008610488
8943	0.04023346771074435
8992	0.04551183880187936
9000	0.05003130317946696
9026	0.044451843461784
9029	0.04056536087448373
9156	0.031904698951027426
9280	0.02807972780504137
9307	0.023900940259430806
9364	0.06843042462409554
9389	0.0998165847008747
9426	0.13865966031012664
9443	0.028261690198073383
9495	0.05902834549966291
9497	0.03223198189041543
9499	0.055324697813869964
9553	0.0236580156081373
9576	0.06950921693822332
9587	0.04056536087448373
9652	0.09956732039692297
9820	0.0604473014931998
9891	0.038215664404069205
9998	0.007205878721567847
10179	0.05735579661987892
10190	0.08951298887334909
10191	0.09571409685308228
10205	0.07798434072511284
10211	0.01979738995643716
10224	0.04796608227297143
10419	0.02474889087609801
10452	0.041130105222442204
10513	0.07428617498873197
10541	0.025380996466748244
10645	0.06950921693822332
10699	0.032740611732602586
10746	0.034614621008291685
10747	0.09475878776549793
10750	0.03127620711067788
10846	0.20852765081466995
10873	0.02197646447047128
10984	0.028196956913351185
11036	0.05054773976336131
11124	0.04839973143640112
11180	0.03684416203559623
11200	0.04839973143640112
11209	0.023983041136485715
11259	0.07428617498873197
11519	0.02406571816475866
11535	0.02457434800694581
11536	0.027399841405628376
11544	0.013918561370553223
11567	0.018907803149545342
11592	0.0375108479489723
11660	0.019069564430050773
11702	0.026448357282634914
11777	0.03039218545654877
11833	0.02229710882469346
11889	0.022355877011743047
12042	0.04978738381176165
12055	0.012562118094713288
12063	0.039290450298988144
12327	0.08286641729495493
12364	0.06950921693822332
12370	0.04162112008610488
12383	0.056565995162057896
12420	0.028315364223390038
12476	0.03239909714882696
12488	0.015734676533774035
12489	0.1208946029863996
12566	0.024875549381165638
12609	0.090020851522506
12649	0.049852117096483836
12690	0.03127620711067788
12699	0.07219715449427598
12766	0.01875542397448615
12781	0.06134295321256654
12792	0.038417352547523535
12829	0.022521631338520514
12867	0.09429064470246443
12868	0.025105931174634794
