263
t_index	tf-idf
50	0.08077631072883733
612	0.027103765281270533
632	0.026721326961157116
638	0.07158168410750336
803	0.08077631072883733
854	0.09733344063814516
855	0.11787447846441006
872	0.0318564061801198
875	0.03289402571785959
902	0.02893208402856578
977	0.024245132974625962
991	0.032592582813988795
1006	0.03131753580926645
1023	0.021974324918944618
1030	0.05193561410427538
1075	0.022641701452889174
1123	0.023059479746664138
1170	0.0340087051779796
1240	0.037236499539124175
1420	0.022505415781083674
1428	0.04117779324384068
1454	0.04608420447125826
1490	0.025296445121728846
1496	0.057822559772085017
1497	0.02496368011832254
1507	0.2137307208365041
1511	0.01688886285107426
1627	0.08066564674709924
1764	0.07710845368225383
1782	0.05193561410427538
1869	0.08077631072883733
1879	0.027598449610799842
1906	0.02864909814411676
1934	0.08077631072883733
2277	0.02590042988027626
2315	0.12301595559575848
2486	0.06903795542801058
2493	0.017841603966974942
2506	0.01841962978588375
2531	0.04791743107507485
2584	0.09733344063814516
2615	0.03625471411173556
2640	0.0869455894425692
2664	0.030035393411215024
2765	0.05496392746544044
2768	0.05584777667461191
2891	0.01315979663202213
2909	0.012491258916809779
3005	0.05193561410427538
3187	0.030789183307064753
3252	0.0430558911100932
3293	0.03289402571785959
3294	0.04501083156216735
3432	0.02739827784560084
3438	0.059349007693889476
3471	0.03522969837960298
3659	0.03808833068624755
3708	0.05584777667461191
3824	0.02739827784560084
3853	0.05336049594370365
3900	0.016042962745708315
3908	0.05005751623802285
3981	0.017562085991146465
4087	0.034345849170431514
4098	0.03903770808089268
4119	0.03928646798113351
4134	0.032592582813988795
4136	0.02943943794301392
4141	0.050653471706223946
4353	0.05288361797065728
4457	0.011592942475916499
4587	0.028008047573159094
4598	0.022303667795356304
4695	0.035047982817548166
4895	0.017243507846696315
4949	0.055876658517934524
4970	0.021340000681072068
4985	0.026815871540300167
4990	0.07251140866931054
5216	0.02416772650148797
5230	0.048942836777902836
5269	0.06150797779787924
5314	0.021340000681072068
5332	0.032592582813988795
5342	0.04608420447125826
5469	0.05233651964673198
5483	0.08077631072883733
5556	0.027801798837992723
5594	0.028218444741390552
5702	0.07189658773465514
5725	0.05288361797065728
5788	0.04696805368042972
5797	0.06703812690256372
5899	0.034176168115911024
5930	0.04948805660621234
5934	0.06167914484649524
6071	0.03786158614170524
6253	0.06903795542801058
6298	0.054207530562541066
6323	0.06903561578188441
6353	0.057518124373841656
6388	0.019024973845438133
6421	0.12018934135116197
6428	0.241263880693684
6554	0.019678007244870965
6603	0.04950384517156554
6665	0.02864909814411676
6671	0.11917469723741286
6702	0.04033282337354962
6708	0.014648274565475086
6755	0.04880272670779971
6799	0.03598348827545271
6805	0.020443779928372072
6828	0.027007080050049957
6842	0.03763878518110301
6847	0.05262825480369705
6898	0.07558200576044936
6947	0.028008428032515353
6985	0.042189623433389924
7165	0.03066043114463729
7187	0.023712859819806618
7206	0.021402038246997254
7234	0.08077631072883733
7296	0.02356475721853287
7327	0.01733372464438983
7343	0.24134284386270152
7353	0.042723126106686896
7366	0.047425719639613236
7367	0.04374853180951488
7382	0.08077631072883733
7472	0.117294011690217
7497	0.048942836777902836
7500	0.07558200576044936
7584	0.10118578048691539
7591	0.037538524230795726
7726	0.03049894991996823
7784	0.042723126106686896
7790	0.17681171769661508
7808	0.02598908582115052
7811	0.03851127329099808
7821	0.029004563467724214
7826	0.037419792971035204
7961	0.08077631072883733
7985	0.05262825480369705
8035	0.02739827784560084
8037	0.050597243816613756
8060	0.0185683053307533
8089	0.022674260290073005
8098	0.03928646798113351
8103	0.017654582655277848
8104	0.05336049594370365
8177	0.0601582324338284
8212	0.023418347255476316
8300	0.06301686474047297
8360	0.06472749966879408
8379	0.037419792971035204
8386	0.01939176833367937
8388	0.022237118386849844
8505	0.04183599501210478
8645	0.02067670875125228
8709	0.044875625630168545
8719	0.10486977427489018
8722	0.03131753580926645
8724	0.019990255317021238
8805	0.10728653795777592
8811	0.04239878644546404
8873	0.04339753088512438
8877	0.035006691235691736
8896	0.0541371417462908
8905	0.028540069976853027
8927	0.040608333612030166
8929	0.07275539151585288
8938	0.03053296011950058
8944	0.05127850943964622
8950	0.04525741875210862
9000	0.05440237153691515
9008	0.030789183307064753
9068	0.022710391871232354
9110	0.08077631072883733
9124	0.03637769575792644
9130	0.040608333612030166
9139	0.03028176124117943
9274	0.05193561410427538
9275	0.04486321126963489
9495	0.012837091096999358
9497	0.035047982817548166
9502	0.07158168410750336
9503	0.028218444741390552
9525	0.03274241764869472
9528	0.1624114252388724
9580	0.019660346982670846
9652	0.021653237125318407
9826	0.018618249769562088
9891	0.005194304968387959
9997	0.030406744986951336
9998	0.007835432350312442
10131	0.02237056472193156
10135	0.053254950045024195
10171	0.027598449610799842
10180	0.04948805660621234
10190	0.2595558417017204
10191	0.06938421251515813
10211	0.02152702199276916
10217	0.019606178900578218
10402	0.06150797779787924
10452	0.01490783518495293
10532	0.04696805368042972
10541	0.027598449610799842
10619	0.0861117822201864
10682	0.038554226841126915
10696	0.027801798837992723
10722	0.027007080050049957
10727	0.02920860769206537
10824	0.04117779324384068
10873	0.007965491663634172
10948	0.02766133775410035
11016	0.0698207750330723
11056	0.10255701887929244
11175	0.035683207933949884
11265	0.04525741875210862
11305	0.044499410476873336
11306	0.02739827784560084
11316	0.07440145160689854
11401	0.04757511635827021
11404	0.029556431745434455
11481	0.028540069976853027
11493	0.04608420447125826
11514	0.04802860544735483
11537	0.024881822125248115
11543	0.08066564674709924
11567	0.020559714948831746
11592	0.01019701145633073
11608	0.04608420447125826
11623	0.07940142296814681
11627	0.030406744986951336
11650	0.04177374871204177
11656	0.08821884274757032
11775	0.04668299243771754
11802	0.10680314986601791
11807	0.03617907577424811
11876	0.016018279713784167
11889	0.012154517771241704
12055	0.02731925704304543
12188	0.032498518379230505
12236	0.05005751623802285
12315	0.08077631072883733
12420	0.12315673322825901
12488	0.017109362826968347
12516	0.020973954854978032
12566	0.013524421648229699
12576	0.03954015413881947
12581	0.09486710766550005
12596	0.06472749966879408
12632	0.0354140286436422
12658	0.06903795542801058
12748	0.07672354927823893
12829	0.008163090424279706
12838	0.035601049955339296
12843	0.05893723923220503
12867	0.1367046724636441
12868	0.19109546946046152
12899	0.08077631072883733
12905	0.050653471706223946
