58
t_index	tf-idf
1240	0.044450347353129416
1374	0.15045031415351356
1454	0.11002424618822002
1507	0.07289625500941871
1797	0.1380491130223311
2689	0.07141842526987914
2718	0.09629304746022135
2757	0.12399425915465234
2801	0.04759326669073403
2996	0.18297101338961116
3167	0.025416029647437423
3343	0.07964551626870693
3659	0.09093440844651335
3900	0.03830194972386077
4222	0.08119446118199328
4675	0.17165030751359037
4709	0.07964551626870693
5369	0.07640877886577212
5934	0.04908551997465193
5976	0.1132467107599662
6428	0.07200101669955783
6960	0.14684790525122549
7178	0.2512958237822973
7343	0.12804370113155658
7543	0.2400763817977464
7565	0.10122545395932563
7778	0.08685033407328308
7821	0.03462363371754663
8035	0.13082464594556276
8112	0.053730805052966006
8464	0.13892509103201278
8865	0.06541232297278138
8877	0.06268283556602734
8882	0.08199937935410892
9000	0.06494177330253845
9070	0.16649585034199
9495	0.030648055823069342
9528	0.12925032079343673
9765	0.14362544067947927
9766	0.1928503008736672
9844	0.06517614322552356
9845	0.17879944670512615
9891	0.012401201131182446
10375	0.0535694056003876
10419	0.06424925031432861
10452	0.03559187681205698
10541	0.13178045055700705
10876	0.07170833384129664
10920	0.12714412241073714
10934	0.281420733777987
11316	0.059210190868932484
11431	0.11440100341971148
11817	0.10360991747278041
12084	0.16482543403955613
12402	0.3857006017473344
12420	0.07350797790647494
12788	0.09762304505703757
12868	0.26070457290209426
