238
t_index	tf-idf
44	0.026722460605225512
75	0.07061083459434211
190	0.027639082834656083
278	0.030157072115027588
282	0.05776390217081503
305	0.0612960737423997
320	0.03221956974970966
355	0.02946293413113624
392	0.05714668846282263
538	0.08920430187634194
557	0.0371219555892783
604	0.03046460074205634
632	0.06307473036199357
644	0.04053607028250775
645	0.0426997029848853
647	0.19714461098101677
687	0.0386436490896066
692	0.0787241686411663
731	0.03882258178440086
808	0.04728376893563939
817	0.043172230074437254
831	0.04825956789910997
872	0.025065300000932184
896	0.06824403540599067
902	0.05121985712662295
983	0.02150859788951684
991	0.03846680922286555
1020	0.026166820894813366
1023	0.05186960292668224
1052	0.09651913579821994
1053	0.0629777648865237
1105	0.031426598119679246
1123	0.05443107183348162
1157	0.02593480146334112
1203	0.019227065275519487
1211	0.044164037124364834
1329	0.1032668344513516
1388	0.0710006710245641
1511	0.019932776392442862
1544	0.11310737109325351
1710	0.16841951944594596
1737	0.02173943651453402
1983	0.07639346643506702
2057	0.03264679599984132
2069	0.023139839750110743
2083	0.05907948254018299
2157	0.053933976708161385
2287	0.06824403540599067
2440	0.03221956974970966
2451	0.04522549997844154
2453	0.04728376893563939
2493	0.021057231945821153
2529	0.0516334172256758
2565	0.04468545556208482
2577	0.10018167974837064
2626	0.039003657436642726
2638	0.0787241686411663
2763	0.05490263197376874
2788	0.047602088824453936
2986	0.03176136388902501
3103	0.054390052844249206
3145	0.0743745203511299
3167	0.012564314171716938
3177	0.0743745203511299
3218	0.0469720128134772
3242	0.05892586826227248
3263	0.05341425388077864
3300	0.03794837090464792
3318	0.08164660775022244
3365	0.07117556727520064
3369	0.03777943466393433
3522	0.04033580727204843
3761	0.050423200601487514
3859	0.06591333319989137
3880	0.07259368369602708
3939	0.03355631126493389
3973	0.10589799519008751
4011	0.031426598119679246
4219	0.0959712010367553
4342	0.034205322326909184
4430	0.02454266581018527
4442	0.0321037099011954
4472	0.023725189091733545
4505	0.04094473397723198
4514	0.04636714670620882
4524	0.050423200601487514
4564	0.024472829028997004
4572	0.07004559809072182
4617	0.07360727140092752
4644	0.08378585953801446
4730	0.04966706123387698
4859	0.02352754397345395
4921	0.03394236550341746
5135	0.07392391589096521
5239	0.09139380222616902
5324	0.04522549997844154
5333	0.03882258178440086
5362	0.02870679476352571
5414	0.02504076946110151
5474	0.06285319623935849
5484	0.03710565931663987
5531	0.03794837090464792
5544	0.02019301752014888
5548	0.019881261397986693
5561	0.044164037124364834
5690	0.03281257266590553
5764	0.18913507574255756
5857	0.08724041425158462
5858	0.042934120645602994
5891	0.05598306551571219
6017	0.14185130680691818
6018	0.04073902146725565
6019	0.028892314100221674
6066	0.05655368554662676
6078	0.0629777648865237
6246	0.03573950365470456
6348	0.028125065150019276
6388	0.044907765890119807
6391	0.029366322708195884
6544	0.03394236550341746
6603	0.01947534074322758
6612	0.04993719844531881
6732	0.0386436490896066
6744	0.03649187957830157
6777	0.07207195321888336
6850	0.04550293228053655
6910	0.04894694245804119
6958	0.025782076566336787
6987	0.08148080425973973
7179	0.037283664470271934
7313	0.06052053778938846
7366	0.02798667598768991
7416	0.05912033370733943
7418	0.04495306672954011
7481	0.02511328584109985
7671	0.03937244733539731
7726	0.03599583668360305
7743	0.11763771986726974
7803	0.039186927998701354
7811	0.015150745708710129
7924	0.04201749841617242
7949	0.059782848254752136
8012	0.047602088824453936
8037	0.03582989178006107
8041	0.0426997029848853
8089	0.017840591724517185
8292	0.039943067366311875
8326	0.22751466140268276
8485	0.2231235610533897
8497	0.09719869861001473
8504	0.03269209683926162
8537	0.04201749841617242
8589	0.043172230074437254
8645	0.02440331333759174
8651	0.02221196360408598
8761	0.16739415406215746
8777	0.023139839750110743
8805	0.01808900076331033
8877	0.041316017235343255
8905	0.033683903889189196
8927	0.04792725482443197
9068	0.026803531235096295
9186	0.03257257340065281
9188	0.1420013420491282
9307	0.030673150755324514
9339	0.07764516356880172
9376	0.06611288610712421
9390	0.029560166853669714
9393	0.08920430187634194
9443	0.018134748562951022
9458	0.03937244733539731
9467	0.06955961577535863
9495	0.015150745708710129
9539	0.027639082834656083
9665	0.04728376893563939
9785	0.0853994059697706
9799	0.05598306551571219
9840	0.04468545556208482
9891	0.09195727417708863
9893	0.0629777648865237
9894	0.04502994493509055
9916	0.0953347868214812
9946	0.05714668846282263
9997	0.03588701347103318
10023	0.036961957945482606
10087	0.07207195321888336
10121	0.056684897098450454
10128	0.018365587187968203
10137	0.03176136388902501
10206	0.05341425388077864
10329	0.20933456715850693
10403	0.08781097408574995
10413	0.17144006538846787
10487	0.06487018607942485
10558	0.07512230838330453
10677	0.0584073880596076
10699	0.04201749841617242
10717	0.0612960737423997
10724	0.07259368369602708
10773	0.10754015562205677
10873	0.01880225632562211
10976	0.027553418944049952
11055	0.04792725482443197
11126	0.0612960737423997
11127	0.036646954129989
11242	0.05004040455421281
11305	0.01750654275251428
11316	0.029270324695249986
11372	0.06685957274779587
11374	0.04094473397723198
11452	0.0584073880596076
11453	0.035448732457835044
11454	0.10074460679591139
11567	0.04853046701618053
11592	0.012034839232369634
11605	0.043909919609073575
11653	0.0629777648865237
11682	0.04033580727204843
11736	0.04792725482443197
11807	0.0426997029848853
11889	0.12910635744137805
12063	0.050423200601487514
12183	0.037283664470271934
12196	0.04731803979941457
12215	0.05004040455421281
12371	0.035163447838634815
12372	0.052497631651348055
12488	0.02019301752014888
12552	0.0710006710245641
12566	0.01596195522033793
12624	0.02825271750694797
12659	0.030673150755324514
12739	0.018505801202842162
12753	0.0584073880596076
12795	0.04341414941541118
12807	0.054390052844249206
12823	0.06487018607942485
12834	0.09154714215106526
