48
t_index	tf-idf
44	0.12288325381496618
607	0.1503346302195264
632	0.1450245958799871
866	0.23011083540100627
902	0.07851151629385411
1020	0.12032814421735306
1023	0.11926120269917441
1052	0.22192165679485631
1203	0.1768313462800328
1240	0.1010467838198437
1710	0.15489545563348137
1737	0.09996881404279963
2440	0.1481617140671678
2493	0.0968316958556189
2577	0.092137104902094
3242	0.1354853232438507
3318	0.12515066098041935
3365	0.10910029866027589
3619	0.2250825491856782
3692	0.1566859663718198
4219	0.11033090880130819
4430	0.11285946592280281
4644	0.09632233344654646
5469	0.14202293588498563
5857	0.1337250353522699
6348	0.06466656589843464
6614	0.1196150337827727
7416	0.13593244798654242
7743	0.1081914274453964
8037	0.054921260817713764
8089	0.041019986772182375
8497	0.22348414182792734
8677	0.1922024755728709
8877	0.04749793355071313
9036	0.1497850016033453
9539	0.25419668355838193
9891	0.11276415726103632
10329	0.12032814421735306
10558	0.11514999591051406
11134	0.1481617140671678
11453	0.16301102104284354
11454	0.11581853623324363
11544	0.08213986948604912
11567	0.11158369328724901
11669	0.22671856955915365
11791	0.25246979159632543
11889	0.13193237225477358
12196	0.10879601958438478
