242
t_index	tf-idf
44	0.04449956288409749
257	0.0636070890660551
433	0.023084716065640894
498	0.044474028507128914
557	0.030908658104686976
607	0.05444049635261686
632	0.10503516018252315
644	0.03375133441599897
647	0.02344963967420827
687	0.06435131547720112
721	0.035552828502189375
731	0.03232464152459332
808	0.03936963515884401
817	0.03594626624070072
866	0.041664878135706386
871	0.023825458119447154
874	0.049776677653377906
902	0.014215639836917706
962	0.06044329600373599
975	0.0548810710016628
976	0.0532000465715212
983	0.017908590426477383
991	0.03202841649299236
1020	0.02178714208035853
1023	0.021593956964779896
1052	0.040182109503528886
1053	0.20974737695523063
1157	0.021593956964779896
1203	0.06403571983467098
1240	0.018295974313952034
1378	0.1038596535043671
1388	0.05911691426449097
1544	0.09417599387600835
1565	0.04231060854616032
1643	0.0532000465715212
1686	0.11823382852898194
1737	0.03620158474680958
1885	0.037206215197875425
1888	0.03656048478742149
1917	0.05243684423880766
2057	0.027182529577294164
2063	0.04198360358971929
2069	0.019266802733851424
2071	0.04661288459105879
2180	0.048631435485139145
2186	0.05243684423880766
2210	0.10802504183241214
2219	0.03232464152459332
2233	0.025365579848491998
2287	0.0568216712876286
2422	0.04408664461965425
2493	0.140262175849908
2577	0.01668274873207363
2674	0.0897474246602177
2689	0.02939616340677749
2697	0.08894805701425783
2701	0.14274523748602846
2721	0.041664878135706386
2784	0.049776677653377906
2894	0.04046501990354687
2934	0.0532000465715212
2945	0.05039089620009868
2995	0.05401252091620607
2996	0.037655869532124346
3017	0.23166822412932578
3133	0.0296359608092196
3181	0.0474987830511033
3242	0.024531567460934704
3318	0.02266032813824409
3324	0.14854741483282635
3357	0.05581401500239647
3365	0.03950835813818168
3375	0.0532000465715212
3414	0.06044329600373599
3552	0.044474028507128914
3619	0.04075443455738465
3692	0.02837024898493204
3716	0.05171727793934369
3822	0.047087996938004174
3824	0.05384804628941493
3880	0.06044329600373599
4079	0.05103662661055261
4082	0.11823382852898194
4130	0.01568507974049362
4144	0.06651517105065398
4219	0.05993099623228092
4248	0.03498480811002308
4252	0.057917056032331445
4264	0.028815923242325743
4276	0.028261252780348148
4342	0.028480197133483133
4358	0.027939814475772394
4430	0.020434830397881923
4442	0.05346068532632464
4457	0.01139227265654416
4564	0.020376682567073586
4644	0.034881089174296956
4811	0.0548810710016628
4841	0.05243684423880766
4859	0.019589614856618993
4921	0.028261252780348148
4949	0.027454726455139956
5044	0.07427370741641318
5364	0.04661288459105879
5425	0.03656048478742149
5469	0.02571529630845576
5484	0.015447544712572507
5544	0.01681320568177453
5548	0.016553629825950354
5632	0.0636070890660551
5690	0.08196167798540717
5769	0.016553629825950354
5857	0.02421284200692181
5892	0.05243684423880766
5918	0.04264633465500293
5970	0.034335696745342245
6017	0.31495708127075206
6018	0.03392031659061064
6046	0.04371082617441537
6247	0.06554768935202088
6348	0.046835249333958544
6353	0.028261252780348148
6388	0.018695658136931977
6395	0.0548810710016628
6556	0.024134405722103874
6560	0.036352397686350776
6603	0.016215650251964663
6609	0.03656048478742149
6614	0.02165802317423525
6625	0.018594541264076767
6665	0.0281531921770421
6696	0.026351698090851694
6799	0.03536062655526197
6826	0.07189253248140144
6910	0.04075443455738465
7001	0.014503400548299171
7103	0.03536062655526197
7230	0.05171727793934369
7281	0.05289059381709748
7366	0.04660479685720014
7416	0.0492250516598035
7418	0.03742903487287822
7448	0.1384651588118115
7531	0.05178773287412683
7632	0.03812218147116978
7671	0.06556494635676322
7726	0.044956535488945654
7743	0.019589614856618993
7811	0.012614885495871551
8012	0.03963467616907927
8018	0.03498480811002308
8180	0.0636070890660551
8292	0.03325758552532699
8326	0.30309493221333206
8464	0.08577334200200147
8497	0.04046501990354687
8504	0.02722024817630843
8505	0.010277957106787944
8719	0.04122180592034173
8761	0.023229418612691462
8777	0.03853360546770285
8805	0.030122698611819036
8877	0.06880147506794677
8892	0.03677206931398719
8905	0.056092102499189785
8938	0.06000889030810804
8966	0.04528650285181378
8997	0.031179399356354557
9191	0.20352879698664977
9261	0.04704782235140518
9376	0.08257083552958393
9390	0.02461252582990175
9523	0.11583411206466289
9539	0.023012983774762283
9549	0.03698727084474044
9563	0.09057300570362756
9580	0.03864006637040521
9714	0.05243684423880766
9764	0.04371082617441537
9891	0.06125272017941876
9894	0.018746522783858723
9946	0.09516349165735233
10121	0.04719724692040207
10128	0.06116656800792909
10169	0.034441314372848045
10205	0.041664878135706386
10329	0.06536142624107558
10366	0.03936963515884401
10403	0.04874239216427265
10476	0.032475409589943945
10558	0.02084956381379369
10636	0.1519202061931377
10660	0.02859111400066716
10771	0.033420026269296174
10773	0.02238514815479583
10873	0.007827611761558063
10880	0.027626379621958484
10976	0.022941657901309996
11039	0.047581745828676164
11050	0.0532000465715212
11127	0.03051316014475082
11134	0.026826810437797083
11316	0.04874239216427265
11350	0.03498480811002308
11372	0.0278344667230292
11400	0.03409159791288429
11401	0.02337580378519823
11453	0.05903098230634162
11454	0.04194122531956953
11516	0.01975417906909084
11544	0.014872605395808747
11567	0.04040766680667953
11592	0.010020504719466432
11623	0.031210804733996737
11636	0.017258092364768513
11656	0.04334590256584799
11669	0.041050659588985614
11702	0.056522505560696296
11743	0.07065208270030578
11775	0.030583284003964546
11874	0.05401252091620607
11876	0.03148201767882796
11889	0.023888254555985824
11897	0.044474028507128914
11982	0.07485806974575644
11986	0.13109537870404175
12030	0.05581401500239647
12183	0.03104330091743166
12188	0.015967990140511597
12196	0.019699084963703952
12209	0.05401252091620607
12371	0.17566773675149816
12516	0.020610902960170863
12562	0.057917056032331445
12566	0.013290318593297474
12584	0.02421284200692181
12590	0.08166074452892527
12624	0.02352391117570259
12649	0.026634608490869675
12807	0.04528650285181378
12823	0.10802504183241214
12834	0.019056103539610594
