158
t_index	tf-idf
34	0.10693532657765893
190	0.03894230870486345
307	0.0773555061802257
320	0.04539602269138342
393	0.04321718317537384
557	0.10460655752826065
632	0.08886965012286527
647	0.03968121283830632
817	0.060827861803289286
865	0.04727943543180899
871	0.04031716852552687
1006	0.10415569758663262
1075	0.11295247926288789
1203	0.13545064355554565
1208	0.06016209094892252
1490	0.04206539275890353
1639	0.11480303640990262
1654	0.048954764739276235
1710	0.09491841617790629
1928	0.11955664863302895
1971	0.10479058037548984
2180	0.0822935605377622
2506	0.03062995443384432
2577	0.14115178577637344
2689	0.04974385248473345
2729	0.048381557060452295
2762	0.045070780748653186
2986	0.08950085969589697
3025	0.08873302983404993
3181	0.12056534850838833
3193	0.034977784227194365
3216	0.05098515115661991
3356	0.07050483163728533
3365	0.06685559309030834
3552	0.07525844386041165
4010	0.07810305423078799
4141	0.08423152627457775
4148	0.045070780748653186
4157	0.10228145620553025
4166	0.11091905241927957
4219	0.03380484945817071
4304	0.038228177027346995
4415	0.056278106958299476
4417	0.05230327876413032
4430	0.03457958696162448
4564	0.03448118986544524
4572	0.04934565521916357
4730	0.06997880655460109
4783	0.057399572909224185
4806	0.08873302983404993
4821	0.11480303640990262
4895	0.028674184322027854
5135	0.05207784879331631
5248	0.10197030231323982
5357	0.07663330368107507
5369	0.0532196979991466
5414	0.07056278823686704
5441	0.09615298416174049
5448	0.051854779389123196
5474	0.08855751783381915
5578	0.056278106958299476
5837	0.08751538794799113
6144	0.19474710951614652
6560	0.12303022560823572
6726	0.041106256270984104
6769	0.06532936536276147
6985	0.03507850750442709
7133	0.05981004192887647
7179	0.05253111979639773
7215	0.03438324517130577
7281	0.044750429847948484
7310	0.13432271689056804
7311	0.09139937193861418
7416	0.08329807105896334
7417	0.06333698597324891
7455	0.0805172876716981
7515	0.07274931969045204
7743	0.19889593716894274
7751	0.059516498105487585
7769	0.03507850750442709
7811	0.021346765376660026
7926	0.05858337375012259
8036	0.023403664471288454
8037	0.03365521002531123
8039	0.09615298416174049
8076	0.13432271689056804
8089	0.05027329123544162
8105	0.04006050357195086
8131	0.04491000312927988
8207	0.16648102695496148
8407	0.054954517760335206
8504	0.04606179354575019
8519	0.0773555061802257
8537	0.059200893318971735
8607	0.10228145620553025
8805	0.025486643536668813
8826	0.08423152627457775
8844	0.06333698597324891
8865	0.04556052492540885
8885	0.07274931969045204
8899	0.07460291726373139
9008	0.05119925279244293
9036	0.045893390032811086
9048	0.06618159634362526
9280	0.050773179920663526
9376	0.046575142083312635
9495	0.021346765376660026
9539	0.03894230870486345
9580	0.032693139831414045
9614	0.13432271689056804
9668	0.06016209094892252
9786	0.08423152627457775
9840	0.06295993306023237
9991	0.05828119941489654
9998	0.01302952006361538
10106	0.11091905241927957
10128	0.02587634221071801
10175	0.11480303640990262
10329	0.2580756735831683
10403	0.0824813201648481
10474	0.07050483163728533
10531	0.11955664863302895
10558	0.07056278823686704
10589	0.10003696815236353
10873	0.013245795357258616
10902	0.1076351907458662
10976	0.0388216118752038
11124	0.08751538794799113
11164	0.12568512067681867
11184	0.04974385248473345
11203	0.05253111979639773
11213	0.07216564116676327
11305	0.04933196924816003
11316	0.04124066008242405
11372	0.047101167165996875
11374	0.057689413209492967
11453	0.09989155507274648
11454	0.0709724631903706
11481	0.047459208088953146
11516	0.03342779654515417
11541	0.0994877049694669
11577	0.05035546195964857
11640	0.055474127262953324
11658	0.14983733260911972
11663	0.03787989242855877
11746	0.057399572909224185
11876	0.03995513347269821
11889	0.06063514790896581
12196	0.06666913385661719
12342	0.0813869159042014
12488	0.028451114917834742
12504	0.048954764739276235
12525	0.04800781179955769
12537	0.02722936406591335
12762	0.06151511280411786
12768	0.050773179920663526
12800	0.1076351907458662
12834	0.06449304218996456
