367
t_index	tf-idf
553	0.029964737990006422
612	0.018102966823188665
616	0.029964737990006422
634	0.021285476938201982
638	0.09562072568873425
645	0.02416448790926588
701	0.043232361514798597
748	0.02575088302882075
833	0.05395157676613311
854	0.06501030496588434
863	0.018990087076907466
872	0.021277319154739138
875	0.02197035910221005
983	0.01217208123977979
986	0.05395157676613311
1001	0.07724091987390691
1006	0.020917400437014014
1020	0.014808248838650371
1022	0.02082780318672682
1023	0.014676945097532767
1075	0.015122694797886081
1116	0.01489691760331794
1203	0.021761846284758392
1210	0.07872993847155442
1301	0.018066283696007556
1350	0.0320046921895365
1454	0.03078025565668283
1475	0.019208561734247807
1488	0.016618901313505373
1490	0.01689583355046688
1497	0.03334715072071367
1507	0.1427536029864135
1640	0.04455134552036232
1645	0.025288259054922723
1675	0.06591107730663016
1737	0.024605433484896255
1782	0.03468849030069351
1860	0.028107434402989268
1879	0.018433373093774567
1906	0.019135115281403804
2057	0.018475376924604957
2069	0.0130952287434372
2087	0.03459848607477213
2109	0.01645694456881811
2129	0.02176902136071073
2160	0.10790315353226622
2245	0.025288259054922723
2277	0.03459848607477213
2315	0.08216399971600084
2430	0.027542179727358996
2431	0.02305490490248352
2493	0.023833291156030712
2531	0.0320046921895365
2534	0.029964737990006422
2537	0.01989959298886854
2589	0.04455134552036232
2597	0.05395157676613311
2615	0.03632251164762371
2621	0.01836626326567985
2637	0.028318715735635863
2643	0.03383213026902781
2685	0.026409397038774117
2718	0.026938831407363424
2721	0.028318715735635863
2773	0.03936496923577721
2787	0.02853534652717459
2801	0.013314637155263027
2813	0.04592311958830421
2819	0.03468849030069351
2891	0.043948019649142835
2894	0.027503198068959456
2899	0.033053733958706595
2909	0.025029235982994048
2914	0.028107434402989268
2917	0.024431899023257018
2929	0.03424960131904474
2991	0.02197035910221005
2996	0.05118775874419543
3000	0.03755410438359329
3019	0.03343408365236833
3091	0.036711141240091706
3167	0.02133107703335615
3214	0.07845090893719801
3216	0.020478511455365243
3238	0.017358457524364906
3252	0.02875760471728463
3285	0.06848015740162729
3294	0.015031667777486232
3300	0.04295125660364896
3432	0.018299675698348825
3522	0.022826719133875756
3569	0.04018048690245362
3577	0.03564018791165086
3589	0.04018048690245362
3672	0.02591082150266029
3825	0.028107434402989268
3881	0.019357373471513842
3886	0.02470793777520552
3900	0.06429185450448867
3902	0.027699906944119612
3946	0.019508819181163088
4119	0.02623995666588008
4148	0.018102966823188665
4163	0.028107434402989268
4200	0.015077060240545666
4214	0.0461113724858625
4264	0.019585559240121612
4268	0.03268957435354457
4285	0.04018048690245362
4304	0.015354591354793105
4344	0.019585559240121612
4358	0.03798017415381493
4415	0.02260446094376571
4457	0.00774308111241189
4587	0.028060423564999663
4644	0.011853960614728843
4683	0.033053733958706595
4859	0.013314637155263027
4895	0.011517169191243227
4920	0.03197738639269753
4930	0.06766426053805562
4949	0.01866038325014217
4985	0.03582135749710027
5090	0.048020691182724236
5107	0.06686816730473666
5216	0.06456778923637804
5314	0.01425327146716502
5332	0.15238314952497514
5333	0.0878814364088402
5369	0.02137603146019299
5414	0.014170997186928727
5447	0.03049969087489102
5469	0.017478130233452526
5515	0.013539820130641422
5548	0.011251143850875535
5596	0.048020691182724236
5725	0.052982512116566446
5769	0.011251143850875535
5788	0.09411177104394253
5794	0.04730700542587161
5816	0.03107033290106557
5885	0.02119196279188884
5917	0.03615892001590649
5949	0.042089805599315355
6117	0.05462181998864184
6173	0.019062293912332533
6213	0.024297148849088727
6323	0.02305490490248352
6353	0.07683424693699123
6388	0.012707034124664389
6421	0.026758688770135694
6428	0.24171505227262502
6554	0.019714805780870447
6560	0.02470793777520552
6591	0.032340282622183
6603	0.02204285290158302
6604	0.0294612716511191
6614	0.014720489513237445
6625	0.012638307175094622
6671	0.01989959298886854
6673	0.1009644622075424
6708	0.009783778221360217
6726	0.04953177077066851
6742	0.035151114274591534
6763	0.02147562830182448
6805	0.04096402097013821
6824	0.022387830152226982
6909	0.011164275498464845
6947	0.01870720315721848
6958	0.014590515481654378
6959	0.0235834630922361
6985	0.01408950648316857
7001	0.009857647392837772
7133	0.012011542586427552
7169	0.022940051376412213
7177	0.023653502712935804
7178	0.035151114274591534
7185	0.043232361514798597
7187	0.015838135777301858
7206	0.028589414372012616
7296	0.031478432143771794
7343	0.3761242537195528
7356	0.0802760663104071
7358	0.10149639080708343
7472	0.05875667772036485
7483	0.019208561734247807
7531	0.017599500484301343
7543	0.22387830152226984
7565	0.028318715735635863
7584	0.01689583355046688
7610	0.04018048690245362
7726	0.02037065598870165
7731	0.10703475508054278
7769	0.042268519449505715
7790	0.11809490770733164
7808	0.03471691504872981
7826	0.02499317949574141
7862	0.014590515481654378
7996	0.05395157676613311
8035	0.03659935139669765
8089	0.030288882560179423
8109	0.04565343826775151
8112	0.06012667110994493
8131	0.018038389465950114
8140	0.018847476122012426
8153	0.035151114274591534
8386	0.012952021062185872
8391	0.030228034432497605
8414	0.017538600161592633
8464	0.05829828379525573
8505	0.0069857049551946705
8530	0.03615892001590649
8538	0.038620459936953455
8543	0.03137059034798084
8589	0.024431899023257018
8661	0.038620459936953455
8666	0.025593879372097714
8704	0.048020691182724236
8716	0.0461113724858625
8719	0.02801756914218123
8722	0.020917400437014014
8777	0.0130952287434372
8792	0.02623995666588008
8805	0.04094749234114729
8865	0.018299675698348825
8873	0.028985790485892397
8877	0.07598966900803966
8879	0.027309347313425467
8882	0.04588010275282443
8896	0.03615892001590649
8913	0.03615892001590649
8927	0.027122848375297718
8944	0.10274880395713423
8993	0.03049969087489102
9000	0.018168035267707133
9006	0.026938831407363424
9014	0.03564018791165086
9026	0.01614194730909451
9050	0.08646472302959719
9068	0.015168574045711359
9070	0.13973605864664274
9109	0.013928817080440116
9124	0.024297148849088727
9130	0.027122848375297718
9171	0.0504822311037712
9196	0.05395157676613311
9267	0.05387766281472685
9280	0.02039337185520193
9306	0.018168035267707133
9316	0.10703475508054278
9389	0.07249346372779765
9390	0.016728601011211524
9495	0.008574064593003895
9502	0.023905181422183563
9507	0.03078025565668283
9527	0.029964737990006422
9529	0.029220228691182668
9538	0.02623995666588008
9553	0.017182029434284412
9652	0.01446248627179305
9670	0.025139447317656688
9783	0.07742949388605537
9826	0.024870755364541947
9844	0.20056962558442706
9845	0.05002072608107052
9883	0.025439704764571965
9891	0.01734672831180955
9998	0.005233389915055969
10116	0.06276072714975842
10128	0.010393398045586387
10131	0.07470799477018973
10135	0.035569692396275436
10137	0.03594859167754937
10157	0.036711141240091706
10189	0.02623995666588008
10190	0.10835050827647387
10191	0.06951396332835087
10211	0.014378185499062323
10397	0.05395157676613311
10403	0.06625829762319643
10420	0.0294612716511191
10424	0.027901244685618932
10476	0.022072832892503388
10541	0.018433373093774567
10657	0.03564018791165086
10660	0.019432761265085242
10680	0.0461113724858625
10682	0.25750883028820754
10705	0.029964737990006422
10722	0.018038389465950114
10738	0.024431899023257018
10771	0.02271486840103381
10835	0.026409397038774117
10853	0.05470080697757103
10873	0.021281033069866628
10876	0.060183121216044945
10920	0.053354538594413164
10948	0.0461884423115124
10974	0.023905181422183563
10976	0.015592948249970623
11016	0.015544742718415602
11032	0.06501030496588434
11057	0.023171321109450287
11132	0.020917400437014014
11175	0.059583227890076786
11305	0.039629000775571924
11306	0.03659935139669765
11401	0.015888027809151935
11404	0.019741135511868572
11489	0.042089805599315355
11514	0.016039473518801174
11516	0.02685297577620994
11541	0.019979935919251412
11577	0.04045118553883037
11592	0.006810720140688022
11623	0.07424657921530421
11660	0.013849590040147623
11663	0.015214700622212904
11713	0.054245696750595436
11714	0.0320046921895365
11744	0.025439704764571965
11747	0.037301475931389716
11775	0.020786796091172774
11777	0.022072832892503388
11807	0.02416448790926588
11863	0.05395157676613311
11867	0.02416448790926588
11876	0.01069882295739825
12098	0.07030222854918307
12188	0.021706194468432114
12193	0.0324760845709332
12262	0.03544523425905386
12271	0.04018048690245362
12371	0.03979918597773708
12387	0.016673575360356834
12405	0.044775660304453964
12420	0.04112901348847126
12434	0.03052215441695992
12467	0.020478511455365243
12476	0.02353038606771022
12488	0.09142057552764825
12489	0.02926724232165351
12516	0.042026353713271854
12537	0.0437473916461041
12551	0.022826719133875756
12567	0.024033852406597542
12572	0.036711141240091706
12581	0.07603560988039562
12590	0.05550304031954443
12591	0.07510820876718657
12596	0.043232361514798597
12600	0.06274118069596168
12614	0.048020691182724236
12624	0.015988693196348765
12632	0.023653502712935804
12657	0.03137059034798084
12719	0.031478432143771794
12721	0.055802489371237864
12737	0.021099459629120236
12739	0.01047274754055432
12742	0.017478130233452526
12748	0.08967819571462991
12766	0.020432160422064066
12829	0.01635671135636001
12867	0.022826719133875756
12868	0.09116801162928502
12904	0.03107033290106557
