171
t_index	tf-idf
167	0.09448801552443284
169	0.08277298756418451
183	0.06928398202478371
607	0.04526419540253698
632	0.08733079845275818
706	0.06590798567350843
716	0.05880072435734063
738	0.10431261259566697
817	0.05977457694624729
836	0.10899839706814317
863	0.04646075280984107
871	0.039619043327174905
872	0.01735221577624309
951	0.1796334320759549
957	0.06590798567350843
999	0.11281512665591466
1023	0.03590830918354726
1163	0.08179913497527783
1203	0.10648416269258842
1411	0.07148960490649564
1420	0.036776166328310086
1605	0.1055567437757144
1665	0.06777001728187558
1731	0.11748642614237005
1737	0.09029871413630076
2057	0.022600736818277394
2069	0.03203851478790804
2167	0.03899409973992369
2223	0.07997763398072254
2245	0.12373945924352485
2521	0.07675063509470108
2577	0.027741525116484693
2698	0.06981398642212637
2707	0.06379163395264295
2891	0.08601785001328723
2909	0.02041200305042589
2934	0.08846566305494943
3000	0.04593954608251421
3046	0.09830474511220434
3133	0.09856250481786527
3167	0.017396056746181627
3357	0.09281239704006357
3366	0.07675063509470108
3369	0.05230792387632992
3824	0.04477160666393838
3878	0.07751195737597906
3879	0.07395528151123912
3939	0.04646075280984107
4143	0.06150564991468579
4148	0.08858068562726061
4209	0.04646075280984107
4219	0.03321949046357014
4298	0.03417554954907278
4430	0.06796162548969623
4457	0.01894406150395089
4600	0.08179913497527783
4686	0.08981671603797745
4970	0.03487175807491646
4990	0.023698221369134145
5091	0.03633774076480244
5204	0.09830474511220434
5239	0.04218009164810293
5402	0.11281512665591466
5469	0.042761630584733964
5515	0.033126242846164194
5548	0.02752681497280523
5602	0.09448801552443284
5656	0.050739935734421905
5842	0.039492553181038455
5882	0.04543100150816258
5913	0.14375286792723477
5970	0.05709638195422949
5978	0.043359787149143354
6006	0.11574033738570734
6017	0.06546725243701222
6018	0.05640565171663848
6141	0.16359826995055565
6155	0.049281252408932635
6174	0.07395528151123912
6342	0.07395528151123912
6348	0.019470431201137797
6388	0.03108876589250429
6488	0.10415321198478923
6496	0.08599998645020594
6554	0.03215588969724065
6618	0.18562479408012714
6744	0.05052522559074244
6798	0.03203851478790804
6799	0.05880072435734063
6805	0.03340724109870127
6810	0.07912306408203862
7008	0.08846566305494943
7051	0.06928398202478371
7133	0.029387190733396594
7254	0.08846566305494943
7281	0.043975539054361266
7296	0.03850723929674857
7435	0.20595208919731947
7501	0.029155017682668777
7555	0.08379436356849403
7726	0.02491921202447437
7751	0.17545776179421477
7821	0.04739644273826829
7832	0.03186259731995341
8037	0.11575354756542718
8089	0.012350691879537287
8105	0.03936682274006058
8156	0.053504481283634005
8250	0.07830201549635327
8325	0.09448801552443284
8645	0.033787870775407805
8651	0.061507627717653335
8761	0.03862789701114303
8777	0.03203851478790804
8877	0.028602268716352575
8947	0.08846566305494943
9036	0.04509870793604095
9109	0.034077954707999555
9260	0.034077954707999555
9307	0.04246884181907501
9376	0.04576865488457503
9510	0.05530360487841605
9539	0.11480397103244067
9553	0.04203719651651554
9563	0.15061266898853423
9696	0.09281239704006357
9759	0.09630951651898816
9875	0.11281512665591466
9998	0.07682341872879722
10023	0.0511760776658236
10026	0.05451354675804185
10116	0.03838727303436965
10178	0.042761630584733964
10366	0.06546725243701222
10477	0.03899409973992369
10487	0.08981671603797745
10636	0.05052522559074244
10660	0.09508758057751997
10729	0.062240253550990776
10948	0.04520147363655479
11071	0.06876706550251224
11134	0.044609952922477235
11209	0.0852294486585221
11404	0.048298252319118114
11418	0.05503692540584525
11453	0.14724277497092544
11454	0.20923054844949873
11514	0.039241842933053564
11544	0.024731461389343255
11592	0.04998889951878665
11623	0.02595001990796777
11658	0.09816184998061697
11695	0.09281239704006357
11710	0.06546725243701222
11721	0.08981671603797745
11791	0.0760160314583961
11876	0.013087759070478192
11889	0.11917040010555063
12371	0.048685931092783095
12387	0.04079322333470574
12504	0.0481070724014018
12516	0.03427360151050707
12520	0.05010230099461798
12537	0.0267578650523485
12566	0.022100297318103736
12581	0.031004524106811558
12624	0.03911760485033648
12766	0.04998889951878665
12829	0.040017990440595674
12834	0.15844072923968644
12839	0.039492553181038455
