311
t_index	tf-idf
17	0.02702626784880298
44	0.01937063827166887
190	0.020035081486699684
282	0.04187202932547773
433	0.02009753154997904
557	0.026909047945841216
607	0.023697921818317595
631	0.048283410750900375
729	0.024416865177735673
765	0.08036508917503067
817	0.03129478473212369
858	0.023023249991763153
868	0.06466261806689602
880	0.08072714383752363
979	0.044432437920981824
983	0.01559120155900386
987	0.06466261806689602
1001	0.04946889223928383
1116	0.057244321752178355
1151	0.06466261806689602
1169	0.041424622043249454
1203	0.055749435949026864
1265	0.031829522806709594
1269	0.040182544587515336
1273	0.020544938832207323
1420	0.1925404189062177
1443	0.06910649799459184
1488	0.021287127070862694
1490	0.021641849179563535
1587	0.033610723196640824
1703	0.06910649799459184
1764	0.03298426947008609
1791	0.06910649799459184
1793	0.04631590925317356
1870	0.06910649799459184
1879	0.02361128139517391
1956	0.061509635080785746
1973	0.13821299598918368
2069	0.016773659884304546
2121	0.052461792431274516
2129	0.027883908519102347
2130	0.033610723196640824
2141	0.06910649799459184
2156	0.06910649799459184
2158	0.04333552757362561
2180	0.08467696169224853
2192	0.18452890524235727
2200	0.044432437920981824
2219	0.02814180174601342
2233	0.04416649872054014
2271	0.026230896215637258
2353	0.030140038068747186
2393	0.040182544587515336
2506	0.01575853238869036
2538	0.05042253314192406
2577	0.0871439097703923
2615	0.01550848451390531
2640	0.14876899299404284
2664	0.02569615814105137
2683	0.0590639914758237
2801	0.017054699807151734
2829	0.04333552757362561
2891	0.022517182360877647
2897	0.06466261806689602
2917	0.03129478473212369
2986	0.06906974997528946
3167	0.027322946252674753
3187	0.026341047458920228
3195	0.030784927386616052
3226	0.05146712856201761
3321	0.06910649799459184
3325	0.08467696169224853
3331	0.061509635080785746
3343	0.028540389542390267
3365	0.03439593850373542
3433	0.019024505617309957
3475	0.03600277277572732
3476	0.025906933030294843
3619	0.035480771432908446
3729	0.030784927386616052
3735	0.03318913443389542
3785	0.120547633762546
3800	0.04565146603814274
3824	0.04688005718281305
3944	0.04333552757362561
3963	0.10293425712403521
4141	0.04333552757362561
4172	0.04187202932547773
4207	0.03450591085964731
4226	0.037736900982553286
4234	0.04282567022811797
4245	0.06910649799459184
4298	0.16103247714857552
4344	0.025087114992347108
4426	0.018634033301831165
4456	0.04946889223928383
4478	0.035480771432908446
4505	0.029680112274076166
4572	0.025387406556279992
4644	0.03036744260508638
4709	0.057080779084780535
4713	0.04282567022811797
4895	0.04425697694071697
4949	0.04780411676359952
4966	0.06910649799459184
4971	0.057065755153089925
4996	0.05537627041512753
5109	0.028540389542390267
5195	0.023873284862692707
5212	0.13821299598918368
5252	0.027631944400505776
5275	0.057065755153089925
5357	0.03942638572051568
5369	0.013690264157056596
5414	0.018151610154507947
5484	0.013448617533257006
5485	0.05537627041512753
5508	0.03201372809154177
5544	0.014637560656363627
5564	0.0590639914758237
5577	0.047023248634321786
5612	0.058767758403495074
5633	0.06466261806689602
5656	0.02656472780323397
5683	0.03979794525053846
5895	0.04631590925317356
5906	0.04946889223928383
6155	0.02580103890745851
6168	0.02286087729672446
6348	0.010193680728667803
6352	0.061509635080785746
6388	0.04882926584665982
6544	0.04920843884585253
6603	0.014117329475294874
6612	0.01809929522724527
6667	0.06466261806689602
6671	0.025489360374758928
6684	0.05262187522539411
6708	0.037596082852116866
6726	0.0211483915923935
6798	0.03354731976860909
6805	0.017490252078541012
6817	0.05537627041512753
6827	0.021714192389100974
6828	0.04621069485542282
6844	0.04058113238389219
6945	0.042338480846124266
6959	0.01510401217701015
6985	0.018047228827889995
7111	0.044432437920981824
7165	0.026230896215637258
7206	0.09155035058244373
7268	0.03474161793231817
7270	0.0590639914758237
7278	0.03742814939778192
7281	0.04604649998352631
7327	0.014829508757803294
7406	0.06466261806689602
7417	0.03258568167370924
7472	0.025087114992347108
7501	0.03052802876583673
7531	0.02254317515494109
7551	0.030952258216302552
7738	0.025286392417696358
7743	0.22171109749297258
7801	0.13821299598918368
7805	0.03147014777649881
7811	0.010982507150261233
7821	0.04962850590800054
7832	0.033363117735854896
7924	0.030457740210530555
7949	0.04333552757362561
8037	0.01731496918735309
8045	0.047023248634321786
8060	0.031771457337542656
8089	0.02586465774641827
8131	0.02310534742771141
8167	0.03759935622812305
8212	0.04007016297339937
8223	0.061509635080785746
8298	0.037736900982553286
8311	0.038719046339367465
8376	0.03404917992185711
8482	0.061509635080785746
8505	0.035791918191351996
8527	0.05146712856201761
8541	0.031648362377141345
8607	0.05262187522539411
8709	0.038392411149202964
8723	0.061509635080785746
8761	0.04044701889585713
8778	0.05381809589168243
8811	0.036273402734405415
8836	0.04387026564821151
8865	0.04688005718281305
8947	0.04631590925317356
9016	0.06910649799459184
9115	0.047023248634321786
9117	0.04777940750132143
9118	0.06910649799459184
9186	0.02361128139517391
9212	0.03450591085964731
9260	0.0713656080013368
9269	0.06402745618308354
9420	0.05847742418673927
9426	0.021498579734847555
9443	0.013145557954041808
9451	0.040182544587515336
9522	0.026230896215637258
9526	0.057065755153089925
9539	0.020035081486699684
9560	0.06466261806689602
9570	0.02679306848840758
9670	0.03220108233673236
9692	0.03147014777649881
9708	0.06466261806689602
9759	0.05042253314192406
9775	0.0590639914758237
9786	0.04333552757362561
9872	0.042338480846124266
9878	0.06910649799459184
9891	0.048882679204654056
9894	0.03264140932292136
9991	0.029984575086946956
10016	0.0485916276488768
10056	0.03683557500717573
10083	0.06910649799459184
10087	0.10448736409121176
10101	0.04333552757362561
10128	0.053251555134913246
10131	0.05741601858806392
10135	0.022780584216349282
10137	0.023023249991763153
10209	0.01925404189062177
10211	0.07366798947611454
10311	0.042338480846124266
10329	0.018967864889427876
10354	0.06910649799459184
10367	0.028954021893568785
10419	0.023023249991763153
10558	0.018151610154507947
10658	0.03382775912944336
10665	0.02451014196587296
10671	0.02679306848840758
10722	0.02310534742771141
10731	0.061509635080785746
10758	0.061509635080785746
10786	0.05391277216697966
10831	0.029984575086946956
10873	0.006814711252743003
10948	0.011832542021190785
10964	0.06910649799459184
10984	0.026230896215637258
11016	0.039822477706377826
11024	0.09263181850634712
11110	0.04946889223928383
11202	0.026013860282834728
11262	0.06910649799459184
11284	0.06910649799459184
11305	0.012690182691490156
11322	0.04631590925317356
11446	0.03979794525053846
11454	0.018256995163120425
11514	0.020544938832207323
11516	0.01719796925186771
11525	0.17719197442747112
11541	0.025592271520089322
11559	0.04387026564821151
11567	0.017589437881737634
11585	0.2362559659032948
11592	0.008723841747654582
11627	0.0780415808485042
11693	0.03450591085964731
11699	0.026230896215637258
11702	0.04920843884585253
11710	0.06855033282334329
11716	0.10214753976557132
11796	0.0590639914758237
11814	0.03062011290556925
11820	0.057065755153089925
11857	0.01960761953563943
11867	0.030952258216302552
11876	0.006852053559573173
11897	0.038719046339367465
11934	0.0485916276488768
11936	0.05537627041512753
12055	0.011686211991017312
12164	0.039067010690304896
12170	0.07200554555145464
12188	0.01390171682104146
12238	0.08565134045623594
12313	0.03573866465981951
12342	0.04187202932547773
12387	0.021357158979762685
12388	0.11075254083025506
12430	0.03979794525053846
12467	0.1311544810781863
12489	0.01874418454511413
12497	0.06910649799459184
12566	0.011570538553671985
12567	0.030784927386616052
12638	0.02335539530249646
12649	0.023188064472809952
12705	0.19398785420068806
12737	0.08107880354640894
12748	0.016409810489282865
12755	0.03318913443389542
12766	0.008723841747654582
12828	0.04777940750132143
12829	0.013967525551616072
12855	0.02775720240903654
