88
t_index	tf-idf
304	0.09098302206944664
557	0.07691810266813613
632	0.06534661911979227
817	0.08945450132042784
902	0.0353764967979465
1020	0.054218647270492956
1023	0.0537378941914138
1116	0.05454329743863934
1123	0.05639162464859018
1170	0.08316779728990319
1173	0.20895757559935396
1203	0.159356839626898
1654	0.07199372026543947
1710	0.06979432889469321
2069	0.047946627309077026
2255	0.39507460230341407
2451	0.09370895458870368
2493	0.043631384796528075
2565	0.09258996203555604
2577	0.12454814849103135
2615	0.044330189847988574
2801	0.0487499651931565
3167	0.026033736425619968
3181	0.05910182607995962
3242	0.06104831915314859
3318	0.05639162464859018
3365	0.04915949338902764
3672	0.09486940061911338
3824	0.06700209272979875
4219	0.04971399389760026
4342	0.07087472771229185
4587	0.10273991368651296
4937	0.15829016551392125
5122	0.11599903918473112
5248	0.07497964150394382
5357	0.11269825639271082
5548	0.04119472913286038
5690	0.06798889748822272
5743	0.16883132281272173
5857	0.060255151196400736
5925	0.07286000018272058
5970	0.04272324988187916
6017	0.09797376608516772
6612	0.05173588643166086
6625	0.04627366316495853
6726	0.06045156852236667
7215	0.0505645925961324
7281	0.06581075295509647
7417	0.09314446254412866
7515	0.10698640263494942
7821	0.03546512050872979
7965	0.29423217697891507
8037	0.024746965785058056
8089	0.05544957603161895
8326	0.09428380486146691
8464	0.07115075117952854
8504	0.1354785339943273
8520	0.39507460230341407
8645	0.0505645925961324
8761	0.05780784140548536
8877	0.021402089444773766
8997	0.07759185897686145
9376	0.136988412397738
9390	0.06124978904921981
9443	0.03757588816869277
9495	0.03139292085834977
9529	0.10698640263494942
9575	0.13049232208958486
9891	0.025405195546965017
9894	0.04665187855375521
9998	0.019161436637448855
10121	0.05872663044738196
10477	0.05835587510407116
10558	0.05188542590828468
10824	0.10069969860442478
10873	0.03895898961919237
10976	0.0570917311212107
11372	0.06926778774618243
11453	0.07345112075492506
12188	0.19868664321687404
12196	0.04902238830862574
12512	0.08276355347641277
12516	0.05129150364936131
12619	0.19753730115170703
12624	0.05854070431787615
12659	0.06355593398842102
12766	0.02493664423049101
12834	0.04742228936467911
