289
t_index	tf-idf
169	0.05578390671567754
190	0.02579027369163162
320	0.030064366717325146
607	0.030505285941713246
632	0.11771118229885522
633	0.03434179937302089
634	0.03509643201528987
638	0.03941591616822406
647	0.07883888040166429
655	0.06939952555641067
661	0.09410067271044369
665	0.04634477599504807
790	0.0325500538422723
808	0.044120904782446374
817	0.04028439135113873
866	0.04669314596340065
871	0.026700800371784742
872	0.03508298110256048
875	0.03622569589682657
902	0.03186246908997843
920	0.05028923384642705
991	0.035893721359579495
1023	0.024199993606119907
1040	0.0435449771892416
1041	0.1143918217182472
1049	0.040510128437001566
1052	0.0450314314625995
1100	0.02963681075879857
1105	0.02932443784593219
1129	0.06367911560129735
1203	0.12558661772398824
1206	0.03204159280008286
1210	0.06490669532933357
1305	0.07603046219167711
1411	0.04817960023675855
1420	0.024784875986599928
1455	0.08895773637526165
1490	0.02785859463084715
1497	0.027492125536370874
1514	0.08895773637526165
1589	0.03745327562486278
1654	0.12968484130759225
1706	0.0400622093281342
1710	0.06286149981905603
1737	0.04057052261579932
1774	0.044120904782446374
1809	0.1779154727505233
1910	0.08895773637526165
2069	0.021591990005817373
2109	0.027134935144549673
2158	0.05578390671567754
2159	0.08323732642014832
2198	0.04441793189811184
2199	0.08922747346395847
2200	0.0571959108591236
2245	0.0833927909891696
2449	0.09200960261250411
2451	0.04220031573632355
2493	0.019648690165288318
2537	0.03281132551050834
2577	0.11217649826027667
2615	0.019963385745227335
2626	0.03639465919630164
2697	0.0498413147375597
2704	0.05962042014698518
2718	0.04441793189811184
2817	0.06773781105560953
2861	0.05962042014698518
2891	0.014492686147469106
2909	0.013756435614482723
2934	0.05962042014698518
2945	0.1694167541184784
2996	0.04220031573632355
3115	0.027401976559493627
3133	0.033212535491484195
3167	0.011723873153631645
3305	0.03434179937302089
3318	0.050790116600908534
3357	0.06254985171976066
3365	0.06641455402720148
3375	0.05962042014698518
3439	0.03605873220998025
3471	0.03879793707778084
3476	0.03334884830918335
3552	0.0498413147375597
3619	0.04567282676900498
3808	0.025317326605864384
3824	0.18103986842679706
3834	0.05123013355634888
3854	0.058765111802990266
3868	0.08895773637526165
3869	0.03745327562486278
3900	0.017667873634409127
3945	0.08895773637526165
4115	0.07603046219167711
4134	0.035893721359579495
4138	0.03478971848188824
4209	0.06262338419703896
4219	0.13432737019853347
4222	0.07490655124972556
4264	0.03229353283217646
4276	0.03167192273749791
4299	0.05795870564618403
4304	0.025317326605864384
4358	0.06262338419703896
4369	0.03656567058562258
4375	0.08895773637526165
4430	0.045801958925588505
4561	0.08323732642014832
4572	0.03268008487221974
4587	0.03084484163634117
4640	0.021591990005817373
4644	0.0195453324365067
4739	0.04741680544969812
4821	0.07603046219167711
4828	0.03509643201528987
4878	0.031430749909528016
4895	0.01899001590157478
4949	0.01538403095263671
4985	0.029531916098060693
5086	0.033077527122667524
5135	0.034489531266113586
5239	0.02842678954812334
5248	0.03376587177981611
5337	0.0453484845104826
5369	0.017622871150068137
5414	0.09346305761508018
5467	0.15206092438335422
5469	0.028818711052314597
5484	0.017311810145969532
5548	0.018551381601781276
5584	0.0407395362050442
5585	0.0498413147375597
5764	0.08824180956489275
5769	0.03710276320356255
5838	0.043830002375745566
5857	0.027134935144549673
5916	0.050751841417712815
5918	0.04779304819671526
5970	0.05771917877678961
5978	0.029221831816374368
6017	0.044120904782446374
6018	0.07602788557457955
6168	0.029427795574713804
6173	0.031430749909528016
6230	0.0571959108591236
6246	0.03334884830918335
6348	0.026243748106737536
6388	0.04190383523630118
6559	0.024416492998492766
6612	0.023298421713242038
6618	0.12509970343952131
6769	0.043265596438451466
6777	0.03362548985661016
6909	0.018408149235717153
6910	0.04567282676900498
6918	0.08895773637526165
7001	0.01625372325731193
7051	0.0933862919268013
7054	0.05795870564618403
7133	0.039610321066070854
7165	0.03376587177981611
7230	0.05795870564618403
7281	0.17782086455279142
7296	0.025951512782384587
7418	0.04194610585193989
7460	0.05332408259866709
7501	0.019648690165288318
7743	0.04390752052064797
7811	0.028274590788519526
7826	0.04120985531895351
7921	0.061504316670790864
7924	0.039206900984139294
8003	0.044721347180913175
8012	0.04441793189811184
8018	0.07841380196827859
8036	0.03099903072907761
8037	0.033433190271807925
8041	0.07968694425350126
8089	0.016647214603627482
8298	0.04857704248720633
8325	0.06367911560129735
8326	0.08491838056329046
8414	0.028918416533573035
8438	0.06254985171976066
8464	0.03204159280008286
8497	0.0453484845104826
8504	0.09151585782513974
8505	0.023036676110258066
8537	0.039206900984139294
8541	0.0407395362050442
8651	0.020726180532287763
8709	0.024710425856688097
8761	0.02603282866673742
8805	0.016879007284168867
8877	0.019276171331770797
8879	0.022514427422750966
8892	0.04120985531895351
8965	0.033212535491484195
8966	0.050751841417712815
9008	0.03390766460025595
9068	0.02501061307246276
9078	0.08323732642014832
9124	0.0400622093281342
9209	0.08895773637526165
9225	0.04220031573632355
9280	0.03362548985661016
9299	0.05795870564618403
9376	0.030845260630509262
9386	0.09881435992958953
9495	0.028274590788519526
9539	0.02579027369163162
9570	0.034489531266113586
9656	0.06773781105560953
9665	0.044120904782446374
9666	0.08323732642014832
9799	0.10447659138214142
9826	0.04100799701856647
9891	0.017161229865339956
9894	0.02100892079419713
9915	0.08895773637526165
9939	0.06490669532933357
9998	0.025887131478874996
10023	0.06897906253222717
10121	0.02644659048740108
10128	0.017137092533740614
10135	0.02932443784593219
10137	0.02963681075879857
10180	0.10900090518067732
10209	0.024784875986599928
10228	0.020895143831762834
10420	0.04857704248720633
10532	0.051725211261365374
10558	0.04673152880754009
10660	0.03204159280008286
10661	0.043265596438451466
10695	0.03463882648868635
10722	0.02974249115465282
10824	0.0453484845104826
10873	0.07895048573120207
10948	0.01523150766303727
10976	0.025710339954414702
11016	0.025630856550500677
11116	0.038597816461740084
11132	0.034489531266113586
11136	0.07345822101072283
11175	0.019648690165288318
11209	0.028719705264407095
11212	0.061504316670790864
11213	0.04779304819671526
11291	0.05962042014698518
11305	0.016335510540728522
11306	0.03017331140446618
11350	0.039206900984139294
11372	0.031193630598861845
11431	0.10554149262067032
11453	0.1323101084906701
11454	0.16450995302882734
11516	0.022138184675733825
11553	0.038597816461740084
11592	0.03368944615431492
11623	0.12242103042196964
11627	0.03348649102902597
11717	0.05962042014698518
11773	0.05795870564618403
11814	0.03941591616822406
11857	0.025240020840505396
11867	0.03984347212675063
12032	0.05795870564618403
12055	0.09025886094853441
12183	0.03478971848188824
12188	0.08947532403005908
12193	0.017849332944644546
12196	0.022076441614919538
12209	0.06053094682713831
12371	0.03281132551050834
12377	0.040510128437001566
12504	0.03242121032689806
12516	0.09239320438880513
12581	0.020895143831762834
12584	0.027134935144549673
12612	0.023846384447184676
12624	0.026362861654834174
12739	0.03453585495288478
12748	0.04224724556547109
12766	0.04491926153908657
12800	0.07128342208021635
12834	0.10677931436287731
12835	0.06012873343465029
