61
t_index	tf-idf
304	0.10289051132621026
607	0.07660470777592887
632	0.221696759518798
647	0.06599325557424698
902	0.04000642934999943
1023	0.0607708920322301
1203	0.04505320426712482
1208	0.1000547100223864
1706	0.10060400169018882
2493	0.04934168364025978
2577	0.046949501828277077
2934	0.14971847408886796
3357	0.15707484668641786
3365	0.055593288684934426
3375	0.14971847408886796
3809	0.0622396454779631
3824	0.0757710551275501
3912	0.15707484668641786
4219	0.2248814398927252
4276	0.07953435973829663
4430	0.05750881479629151
5469	0.07236939010700205
5836	0.14181280982351557
5855	0.08698483226602058
5857	0.06814110122549691
5918	0.12001764211703161
6348	0.032951578596951955
6612	0.05850686960920273
7215	0.05718228158267211
7281	0.07442379763055461
7416	0.06926591325012764
7418	0.1053348323718604
7743	0.05513016309823408
7755	0.09898103382989416
8088	0.19092728222219468
8167	0.0607708920322301
8298	0.12198640430584762
8464	0.0804626731844298
8504	0.07660470777592887
8761	0.0653734974458739
8877	0.024203108188044536
8966	0.1274477475255498
9164	0.6270753611667625
9188	0.16637004602285516
9495	0.07100299826649856
9539	0.06476439471452826
9553	0.07114336455622668
9894	0.05275748738111058
9998	0.06500762346189286
10023	0.0866099229168874
10128	0.04303457335835493
10477	0.06599325557424698
10558	0.0586759802065792
10974	0.09898103382989416
11453	0.0830641058085423
11876	0.022149603016682617
12188	0.1348139675905809
12196	0.055438239847172104
12209	0.15200498372488938
12694	0.147570628437618
12835	0.07549747382304685
