179
t_index	tf-idf
34	0.09089218260694455
190	0.03309992635004439
304	0.05258550414973603
320	0.03858541153935429
557	0.04445639543559838
632	0.07553683825257346
644	0.048545060228585006
647	0.033727975205135714
817	0.10340412844953405
865	0.04018626226105369
871	0.03426852061985231
1006	0.08852957191581394
1075	0.06400440153649789
1116	0.0315244177271952
1203	0.13815533207546318
1208	0.05113617671120021
1555	0.17190982926898268
1639	0.09757952664616078
1654	0.041610247600739295
1710	0.08067812847365124
1737	0.026034646367508366
1859	0.07651844022361995
1935	0.1141707357391577
1971	0.08906920539546587
2506	0.026034646367508366
2577	0.1439703151279794
2689	0.042280951190922046
2729	0.041123036323766834
2762	0.038308964541003326
2986	0.11411002439474785
3025	0.0754207146418245
3181	0.10247733862519288
3193	0.05946037203815226
3216	0.043336022037626064
3356	0.059927231130623
3365	0.05682547545265017
3552	0.06396767505177402
4010	0.06638551818654098
4130	0.022560089959924163
4136	0.041610247600739295
4141	0.07159455637749994
4148	0.038308964541003326
4157	0.08693651660553783
4166	0.0942782435864248
4182	0.04928422109000006
4219	0.028733222671003218
4234	0.07075222186558215
4252	0.08330298703742808
4304	0.03249293342342635
4415	0.04783489365146425
4430	0.02939172893726715
4485	0.09148704853023282
4524	0.06038565882331017
4564	0.029308094023341665
4565	0.1141707357391577
4572	0.041942494109113077
4587	0.01979354695202314
4730	0.05948012380508968
4783	0.04878810987346637
4806	0.0754207146418245
4821	0.09757952664616078
4859	0.028176042503924376
4895	0.024372293805174063
4949	0.019744276372852376
5135	0.04426478595790697
5248	0.08667204407525213
5357	0.1302725386431639
5369	0.02261766370214406
5414	0.05997649269834855
5441	0.08172747841457888
5448	0.044075182899041124
5474	0.07527153411107537
5484	0.022218439698198127
5531	0.045446091303472276
5578	0.04783489365146425
5583	0.047604229045829616
5837	0.0743857514336919
5857	0.06965140157386232
6144	0.11035324126470246
6560	0.1045724185827063
6726	0.034939224210035064
6769	0.055528222489091596
7133	0.050836944410325505
7179	0.044650054251379565
7215	0.029224843639113953
7281	0.03803667479824928
7311	0.1553740689868557
7327	0.024499807900281438
7416	0.07080114427853922
7417	0.05383475301469507
7455	0.0684375523813179
7515	0.061834986261845984
7743	0.2535843825353194
7769	0.02981579812500969
7924	0.05031918429813265
7926	0.04979430909354405
7944	0.04953746894786448
8036	0.019892492152732904
8037	0.042909049701281066
8089	0.05341370005432004
8105	0.03405036223781107
8131	0.07634461568395805
8207	0.1415044437311643
8407	0.046709878046910215
8504	0.0391512990529211
8519	0.0657501222318671
8537	0.05031918429813265
8607	0.08693651660553783
8651	0.053201067762150354
8761	0.0668224557719161
8777	0.027711736893096715
8805	0.021662968941238345
8826	0.07159455637749994
8865	0.03872523406174058
8885	0.061834986261845984
8892	0.05288982940867154
8899	0.06341049488469518
9036	0.039008160547250606
9048	0.05625259614946203
9068	0.03209928907953365
9280	0.043155852126497814
9390	0.03540057213926961
9495	0.01814418264551637
9539	0.03309992635004439
9580	0.0277882990649797
9668	0.05113617671120021
9786	0.07159455637749994
9840	0.10702853614003385
9991	0.04953746894786448
9998	0.04429898162953378
10023	0.04426478595790697
10047	0.10682900875827073
10087	0.043155852126497814
10106	0.0942782435864248
10137	0.03803667479824928
10175	0.09757952664616078
10329	0.31336779502216877
10403	0.0701069277479674
10474	0.119854462261246
10477	0.033727975205135714
10531	0.10161997056731178
10558	0.05997649269834855
10589	0.08502876147431486
10722	0.038172307841979024
10739	0.05383475301469507
10873	0.022517147306074566
10902	0.09148704853023282
10948	0.039097047815375444
10976	0.03299733725593864
11124	0.0743857514336919
11164	0.10682900875827073
11184	0.042280951190922046
11203	0.044650054251379565
11213	0.06133887504531228
11305	0.041930861397871444
11316	0.0350534638739837
11372	0.0400347389778901
11374	0.049034466417575764
11453	0.08490516422531415
11454	0.12064941101908101
11481	0.04033906423682562
11516	0.028412737726325084
11541	0.08456190238184409
11577	0.0428008029729031
11640	0.09430306460014404
11658	0.21226291056328536
11663	0.03219690078046943
11699	0.043336022037626064
11746	0.04878810987346637
11876	0.03396080045678796
11889	0.15461478762507186
12342	0.06917671324273296
12488	0.024182690746308213
12504	0.041610247600739295
12525	0.0408053627953932
12537	0.023144235026510293
12748	0.027110621884619168
12762	0.05228620929135315
12834	0.08222605506353291
