338
t_index	tf-idf
16	0.0188522556476448
169	0.04371414908116835
183	0.036590322619681336
607	0.023904970016109514
632	0.046121224511572315
634	0.027502746789555624
716	0.03105389458903239
731	0.0283876760205089
738	0.055089676381648564
742	0.029206992516809565
817	0.06313641309287847
871	0.041847293843644766
872	0.009164068733692868
880	0.027144151678742224
902	0.024968504464783037
951	0.14230226902782417
957	0.03480738820907194
983	0.01572742152837295
1020	0.019133586688639865
1023	0.01896393046928602
1075	0.01953987909265631
1100	0.02322440359732627
1169	0.041786548013130774
1203	0.05623651748848236
1267	0.05086307365409122
1292	0.0874282981623367
1301	0.011671630082852739
1317	0.036590322619681336
1388	0.051916795680340785
1428	0.03553660059343178
1490	0.02183093351800749
1497	0.06463126795943955
1605	0.05574672812620412
1665	0.03579076611673647
1737	0.047688642971007694
1851	0.05756433734315139
1975	0.03838708531644559
1999	0.027502746789555624
2018	0.07107320118686355
2057	0.011935922668640261
2069	0.01692021096486113
2083	0.0431998371237615
2167	0.08237440447562348
2200	0.04482064310899665
2233	0.04455238040387823
2237	0.02812752958640675
2245	0.09802410172280264
2430	0.017793484197539726
2440	0.0942378034159958
2506	0.015896214323669233
2521	0.04053361855523801
2577	0.02930176136848095
2615	0.015643981786354153
2640	0.025011464043937823
2660	0.0595800322106705
2686	0.051916795680340785
2698	0.03687022904713928
2707	0.03368969852120896
2762	0.02339065805870267
2787	0.03687022904713928
2868	0.0409356888040229
2891	0.045427828930382066
2909	0.010780006505137572
2914	0.036317328173279706
2934	0.04672057028689135
3000	0.02426163686087817
3046	0.051916795680340785
3093	0.05549687883870223
3133	0.02602646199087924
3167	0.018374444137040976
3205	0.05308163133875202
3210	0.0697102798778805
3293	0.0283876760205089
3318	0.01990042343447111
3339	0.06204704334755078
3357	0.0490161715818684
3369	0.027624910610882562
3439	0.056513675298471185
3475	0.036317328173279706
3476	0.05226656261646172
3513	0.10876761363444214
3619	0.03579076611673647
3819	0.038066607418357726
3824	0.023644823582007368
3879	0.039057333756561625
3939	0.02453689705446254
3946	0.025207145494578573
4011	0.045959235313229534
4087	0.029640605478401666
4130	0.04132416704669852
4148	0.04678131611740534
4163	0.10895198451983913
4206	0.0431998371237615
4209	0.02453689705446254
4219	0.01754390896424885
4254	0.0818713776080458
4292	0.03940833826402881
4298	0.01804882379967943
4304	0.019839510259225906
4430	0.053837937639101226
4457	0.01000475581655647
4478	0.03579076611673647
4521	0.05438380681722107
4600	0.0431998371237615
4620	0.03103998235656976
4644	0.015316381126285045
4686	0.047434089675941385
4710	0.08850711830002213
4730	0.036317328173279706
4895	0.04464364913018345
4949	0.036166335174076455
4970	0.09208253054943072
4990	0.07509316353373544
5041	0.02668343029325496
5075	0.06522757387348112
5091	0.11514433371155111
5123	0.04990110081282168
5128	0.03605091255083862
5204	0.051916795680340785
5239	0.11138095100969557
5252	0.02787336406310206
5402	0.0595800322106705
5414	0.018310200354877643
5469	0.022583313099402258
5515	0.017494662943672554
5544	0.014765448687103411
5548	0.01453748775852585
5584	0.03192487339120789
5602	0.04990110081282168
5617	0.05308163133875202
5656	0.02679682321896958
5792	0.02668343029325496
5842	0.0417136896505807
5882	0.1199653190779552
5913	0.25306300538944243
5922	0.05586009161589745
5970	0.07538448913684281
5978	0.06869763634285661
5985	0.0409356888040229
6006	0.03056244864461525
6017	0.03457462775216224
6018	0.029789006543343634
6071	0.06534940114853509
6141	0.086399674247523
6155	0.02602646199087924
6173	0.02463019476712063
6174	0.039057333756561625
6298	0.02339065805870267
6342	0.039057333756561625
6348	0.020565485365408046
6353	0.049638371844083304
6388	0.09851177203823791
6488	0.05500549357911125
6496	0.04541839480842229
6554	0.02547329867076724
6556	0.021194966387031586
6560	0.03192487339120789
6581	0.05586009161589745
6601	0.01996167408055284
6612	0.018257428353298896
6618	0.0490161715818684
6671	0.02571206033000915
6708	0.05056607861753999
6744	0.02668343029325496
6745	0.040145658982701095
6760	0.017793484197539726
6777	0.026350066946925866
6798	0.01692021096486113
6799	0.03105389458903239
6805	0.035286128017229045
6810	0.041786548013130774
6827	0.02190390878850251
6828	0.04661443663336775
7001	0.01273696525443426
7008	0.04672057028689135
7051	0.036590322619681336
7119	0.029206992516809565
7133	0.09311994706970927
7254	0.04672057028689135
7281	0.02322440359732627
7282	0.041352935051538676
7296	0.020336479917642262
7327	0.014959073834689881
7353	0.03687022904713928
7435	0.1631514204516632
7483	0.07445755776612496
7501	0.03079475145091288
7555	0.044253559150011064
7584	0.04366186703601498
7591	0.06479179370090142
7726	0.013160358004215134
7743	0.017203706327049338
7751	0.09266292038296797
7769	0.018204907051010164
7811	0.01107846106259716
7821	0.03754658176686772
7832	0.03365461052804517
7846	0.05086307365409122
7887	0.0697102798778805
8012	0.03480738820907194
8037	0.05239874902451523
8041	0.062445374768657344
8089	0.013045318333085766
8103	0.015235975583955815
8105	0.1247426636698243
8140	0.04870526179994442
8156	0.028256837649235592
8168	0.04270839117934436
8172	0.04819685508556773
8250	0.041352935051538676
8386	0.03347034757271259
8414	0.022661445674342837
8454	0.03480738820907194
8495	0.05438380681722107
8505	0.03610463135725109
8521	0.06534940114853509
8539	0.025108871840043914
8592	0.041786548013130774
8645	0.017844082516244978
8651	0.03248346697155959
8761	0.04080040356952796
8777	0.03384042192972226
8877	0.015105457414554928
8890	0.07158153223347294
8892	0.032293431297450347
8905	0.02463019476712063
8947	0.04672057028689135
8977	0.0697102798778805
9028	0.04053361855523801
9036	0.023817572617581852
9103	0.0697102798778805
9109	0.01799728191919675
9204	0.036590322619681336
9260	0.10798369151518049
9269	0.032293431297450347
9272	0.029640605478401666
9276	0.025815870607648984
9307	0.02242868521743313
9323	0.06522757387348112
9333	0.09980220162564336
9339	0.0283876760205089
9376	0.0241713856385506
9390	0.06484456219946726
9422	0.03605091255083862
9429	0.05586009161589745
9510	0.029206992516809565
9539	0.08084051013108935
9552	0.047434089675941385
9553	0.022200724288855566
9563	0.07954170629122334
9652	0.018686830416596144
9696	0.0490161715818684
9826	0.016067624165572468
9876	0.05756433734315139
9891	0.004482706004399389
9894	0.03292659656530964
9979	0.047434089675941385
9998	0.04733406663701921
10023	0.027027158911456923
10026	0.028789746269293794
10087	0.026350066946925866
10116	0.020273123220818
10178	0.022583313099402258
10211	0.01857790625138677
10228	0.03274827764178192
10349	0.0431998371237615
10366	0.03457462775216224
10477	0.04118720223781174
10487	0.047434089675941385
10636	0.02668343029325496
10658	0.0682466229656021
10660	0.12554435920021959
10663	0.047434089675941385
10729	0.03287038202490829
10747	0.05928121095680333
10750	0.029349648861778443
10853	0.02355945085399895
10867	0.021194966387031586
10873	0.027497004912784517
10948	0.023871845337280522
10976	0.04029497752544248
11016	0.020085202889021398
11116	0.03024654962973198
11134	0.02355945085399895
11209	0.06751718648324817
11212	0.04819685508556773
11269	0.05308163133875202
11316	0.06420875090778155
11376	0.05086307365409122
11404	0.051014638093149385
11453	0.10368265953451448
11454	0.25783108553840606
11481	0.02463019476712063
11514	0.04144887898035837
11516	0.0173482275136081
11535	0.023060612255786157
11536	0.02571206033000915
11541	0.05163174121529797
11544	0.013061202959849466
11592	0.0440003087616255
11623	0.013704749246081725
11658	0.15552398930177172
11710	0.03457462775216224
11711	0.059878853464537675
11716	0.03434666682358467
11720	0.03248242245237137
11721	0.047434089675941385
11834	0.0595800322106705
11876	0.0069119197939020716
11879	0.04223786428249196
11889	0.09440457792290592
11979	0.05756433734315139
12032	0.04541839480842229
12055	0.023576628312718523
12103	0.06522757387348112
12188	0.02804635160223801
12370	0.039057333756561625
12371	0.02571206033000915
12387	0.02154375598647985
12488	0.014765448687103411
12504	0.025406352926221773
12516	0.03620121419000574
12517	0.03287038202490829
12566	0.011671630082852739
12581	0.06549655528356384
12624	0.02065882675552657
12632	0.03056244864461525
12657	0.04053361855523801
12735	0.278841119511522
12737	0.027262395729299702
12739	0.040595189570105605
12748	0.033106365252089896
12766	0.017600123504650206
12829	0.042268678503176456
12834	0.08367586893178149
12835	0.02355945085399895
12839	0.02085684482529035
12850	0.027381918118684925
