235
t_index	tf-idf
593	0.08589744233660855
607	0.06892832069162169
632	0.03324683686783102
633	0.03879856371177443
639	0.10572550823958493
660	0.07156439875835868
687	0.08147662874728775
697	0.09903622819476043
729	0.03550972794488142
742	0.042108167156866556
790	0.036774291413898
863	0.03537521920771176
872	0.0264239556916561
901	0.03408910325884335
902	0.05399621130393437
957	0.050182343154914155
1005	0.04655793308260707
1023	0.02734058817224358
1035	0.06639145228100794
1040	0.049196099291518816
1053	0.19917435684302384
1100	0.033482977346329414
1116	0.027750358574048787
1157	0.05468117634448716
1203	0.08107704609990893
1301	0.016827167338061867
1350	0.05961915800043651
1378	0.043833004125586696
1488	0.03095811380830805
1497	0.031059962019140908
1544	0.05961915800043651
1867	0.045261349417618744
1879	0.034338158181631835
1944	0.029596623978119144
1990	0.09403958940040265
1996	0.3051831532303454
2018	0.0512336597858822
2057	0.05162460598570097
2063	0.0531563722945922
2076	0.062119924038281815
2085	0.0531563722945922
2087	0.03222547174726656
2167	0.029690109235918236
2233	0.06423184722641678
2237	0.040551888964687664
2322	0.054881209263312344
2349	0.02725988323646791
2464	0.028085932879462868
2493	0.04439726346021075
2509	0.05581907921776352
2634	0.039827255511742966
2705	0.10050237510624696
2718	0.050182343154914155
2757	0.12923721133051813
2909	0.015541700009310868
2995	0.06838645149303858
3016	0.037069470049007645
3083	0.08945416996852132
3121	0.10050237510624696
3167	0.03973607508673123
3195	0.08954174816007575
3203	0.040926946051655165
3216	0.038147894153793174
3230	0.0765285985568327
3241	0.06995674476576676
3285	0.04252219538980779
3293	0.040926946051655165
3352	0.08945416996852132
3365	0.02501120454623782
3378	0.03737021841974238
3438	0.03692119743781143
3651	0.03662872701624376
3721	0.06089497398722572
3824	0.0681782065176867
3834	0.05787860965463063
3871	0.028256407132959297
3900	0.019960751427449238
3981	0.043701707542834006
4011	0.03313006571726666
4134	0.08110377792937533
4227	0.05843793689522512
4417	0.039134138017188506
4553	0.050525134662517616
4598	0.08325107572214636
4644	0.02208186057954102
4646	0.07840596483079568
4828	0.039651130064865966
4859	0.024802846144467327
4878	0.03550972794488142
4921	0.03578219937917934
4949	0.01738051924934068
4979	0.2226559124202753
4987	0.042108167156866556
5362	0.06052567277093498
5364	0.059017607713262726
5515	0.025222322742104536
5548	0.02095891811608461
5769	0.02095891811608461
5842	0.030069631707636303
5902	0.06735775969307004
5913	0.10945343988455622
5917	0.06735775969307004
5925	0.037069470049007645
5934	0.05116104375703624
5946	0.0702191197573887
6017	0.09969353769900013
6018	0.08589453133472612
6019	0.030458411731967117
6348	0.029649574324720297
6353	0.03578219937917934
6388	0.023670987701077974
6517	0.09593880515107416
6528	0.10050237510624696
6544	0.07156439875835868
6559	0.027585184134653683
6601	0.02877905037401732
6603	0.04106198935259595
6625	0.023542961384154747
6660	0.03879856371177443
7056	0.040551888964687664
7281	0.06696595469265883
7327	0.02156672520049789
7349	0.08053434717067641
7472	0.10945343988455622
7651	0.06943838567760724
7671	0.041506616869692765
7726	0.0758939564717951
7743	0.049605692288934654
7764	0.0568156031142549
7821	0.018043826779931747
7862	0.027179584876400126
7902	0.13677290298607717
8037	0.012590679449251308
8089	0.018807634667210704
8105	0.029973900544413897
8131	0.03360237259196287
8259	0.05961915800043651
8293	0.06380103206115725
8298	0.054881209263312344
8326	0.1918776103021483
8376	0.04951811409738022
8386	0.024127355625182288
8464	0.036199843991208784
8505	0.013013149603243065
8533	0.1530571971136654
8645	0.025726086276172358
8722	0.11689640327368499
8826	0.06302335632710646
8877	0.01088888432157014
8879	0.10174509929517238
8894	0.056309554555344386
8938	0.037989293932170355
8956	0.054432188281381404
8965	0.03752274772498523
8993	0.0568156031142549
9068	0.08476922139887791
9139	0.07535350153228351
9306	0.03384388010258883
9420	0.04252219538980779
9495	0.0319439730055189
9497	0.043606912522547496
9503	0.03510955987869435
9539	0.029137249510430906
9541	0.039476929524791975
9542	0.09403958940040265
9553	0.03200712325381025
9563	0.11467649271062585
9580	0.024461522807155776
9628	0.06380103206115725
9713	0.04252219538980779
9877	0.0748492371988829
9891	0.038776714235065915
9894	0.07120616567834587
9912	0.082991384262677
9936	0.0765285985568327
10116	0.02922807135594827
10128	0.019361087323434015
10135	0.03313006571726666
10169	0.043606912522547496
10181	0.04710761482168911
10228	0.023606846001791984
10420	0.054881209263312344
10429	0.1276020641223145
10636	0.038469908959654575
10722	0.06720474518392575
10738	0.04551236548353649
10771	0.042313836988037284
10835	0.049196099291518816
10853	0.033966020093072445
10867	0.030557106726947055
10873	0.019821425956717934
10878	0.08945416996852132
10948	0.017208201995233655
11032	0.04036761881106067
11055	0.050525134662517616
11146	0.06089497398722572
11175	0.022198631730105375
11184	0.03721913491165802
11243	0.07194317912495136
11305	0.03691095737847276
11350	0.044295042005556666
11431	0.05961915800043651
11453	0.03737021841974238
11454	0.07965407433931
11536	0.037069470049007645
11541	0.03721913491165802
11567	0.12790260939259063
11592	0.05074873368689191
11636	0.043701707542834006
11638	0.07066736313816216
11713	0.050525134662517616
11802	0.044295042005556666
11807	0.04501422523079809
11833	0.030165941310399444
11876	0.0199300406496133
12055	0.033990785097640364
12164	0.0568156031142549
12323	0.039476929524791975
12327	0.03737021841974238
12371	0.14827788019603058
12416	0.10886437656276281
12451	0.041704621785705956
12488	0.021287572868204468
12512	0.042108167156866556
12516	0.02609592167897754
12566	0.016827167338061867
12590	0.034464160345810846
12612	0.026941088794444706
12624	0.029784146032351713
12676	0.082991384262677
12737	0.03930461227068494
12748	0.04772995238003228
12766	0.025374366843445954
12823	0.06838645149303858
12834	0.07238206687554687
