349
t_index	tf-idf
16	0.01922705049552032
44	0.01992834433251492
55	0.04696583157111629
82	0.02964400714123478
166	0.03574187464109116
176	0.06475242914452145
180	0.03760323268050474
184	0.02622323246346979
186	0.07109616463514849
210	0.05294893464041417
543	0.03703933978517137
604	0.04543811009840685
612	0.023855679236681176
636	0.06076452119311258
639	0.04986069985569964
647	0.1050150751184178
661	0.03760323268050474
706	0.03549938125290663
716	0.03167126578937959
738	0.018728298076878605
790	0.0520288415858723
817	0.03219580259602674
829	0.06328057808245006
830	0.05870875302798096
831	0.03598969797877754
854	0.05711273728379172
858	0.023686119530737505
872	0.009346256256032895
902	0.07639468270238255
944	0.06076452119311258
957	0.03549938125290663
960	0.041339452704964946
983	0.01604009268398276
989	0.041339452704964946
991	0.028686722786917404
1023	0.01934094548373316
1044	0.031334658465719464
1049	0.06475242914452145
1052	0.03598969797877754
1075	0.01992834433251492
1085	0.05870875302798096
1100	0.04737223906147501
1105	0.023436467089638688
1116	0.01963082026448889
1157	0.01934094548373316
1203	0.05735453526901134
1240	0.01638705876625958
1316	0.045711706036939595
1317	0.037317761535017334
1378	0.031007809262929047
1462	0.04307757992258413
1488	0.021900011355774657
1497	0.021972059575107915
1511	0.014864919713791218
1533	0.06652433958067937
1561	0.04986069985569964
1605	0.028427504291150284
1710	0.05023971744846256
1737	0.01621224118754112
1830	0.05697062581036178
1854	0.07109616463514849
1879	0.024291081128861025
1885	0.06664858885954415
1928	0.06328057808245006
2069	0.01725659553406726
2109	0.021686588429620506
2167	0.02100301502368356
2233	0.022719055049203424
2237	0.028686722786917404
2239	0.04094378024906339
2260	0.04632134142081344
2349	0.019283854182212068
2430	0.01814722999473432
2436	0.06475242914452145
2449	0.11030288295148755
2493	0.015703485360322633
2530	0.034801704645679846
2565	0.033324294429772076
2577	0.04482644856690026
2601	0.04458321420319426
2615	0.015954994106756062
2621	0.04840529063791599
2631	0.02756447604220528
2784	0.04458321420319426
2813	0.06051644579290946
2894	0.036243090843848705
2909	0.010994319899444577
2914	0.03703933978517137
3061	0.03414469310823657
3135	0.045133348087715755
3167	0.009369869893901529
3212	0.02654388462957702
3214	0.020676165820893145
3231	0.06745406790902242
3242	0.021972059575107915
3300	0.028300096065926355
3305	0.027446406817187307
3318	0.10148028262724443
3346	0.038505754868115034
3359	0.025215821073337228
3365	0.017693121324375248
3369	0.05634822285215825
3471	0.031007809262929047
3522	0.030080532931542767
3577	0.04696583157111629
3640	0.036502309339615825
3735	0.03414469310823657
3808	0.020233932357488733
3824	0.0241148977324483
3878	0.041749516366344344
3879	0.03983381842435483
3908	0.04405867739654711
3939	0.02502470619363117
3946	0.02570827959956812
3981	0.015457464517718213
3992	0.03549938125290663
4011	0.023436467089638688
4098	0.03435947118227543
4110	0.038823395815627465
4130	0.014048572601292423
4192	0.04405867739654711
4209	0.07507411858089351
4218	0.04915503925766337
4219	0.017892693046869707
4298	0.018407645910771372
4369	0.029223753232472956
4405	0.06652433958067937
4413	0.03789611948424118
4505	0.030534641601901842
4564	0.018250675747474014
4587	0.024651593312487147
4598	0.01963082026448889
4617	0.027446406817187307
4620	0.03165707697287594
4621	0.05294893464041417
4638	0.03502950043287666
4723	0.05546499152975165
4794	0.07109616463514849
4841	0.04696583157111629
4856	0.02978764612780633
4859	0.035091453929185785
4990	0.03829303172302015
5091	0.1370057224580383
5135	0.02756447604220528
5204	0.05294893464041417
5239	0.022719055049203424
5304	0.034801704645679846
5337	0.036243090843848705
5369	0.028168849606152485
5416	0.03676762765049585
5438	0.12656115616490013
5548	0.014826502273010729
5556	0.024470061203643943
5730	0.04632134142081344
5740	0.06549187296109647
5769	0.04447950681903219
5838	0.03502950043287666
5899	0.030080532931542767
5913	0.02580940590936026
5922	0.05697062581036178
5934	0.03619172169822876
5978	0.023354463033923637
5985	0.20874758183172173
5986	0.10827385594702373
6006	0.12468019834648819
6011	0.07109616463514849
6018	0.030381230963829366
6123	0.051874263949245526
6141	0.08811735479309422
6155	0.02654388462957702
6173	0.02511985872423128
6308	0.043557461193789566
6391	0.021900011355774657
6488	0.02804951891018715
6517	0.03393392981364592
6544	0.0506252142873331
6554	0.017319816046928393
6625	0.01665447465094553
6660	0.027446406817187307
6671	0.02622323246346979
6687	0.06328057808245006
6708	0.038678523346675195
6716	0.03760323268050474
6744	0.02721391388017825
6909	0.029424058255485934
6958	0.01922705049552032
6985	0.018566832196536383
7001	0.025980368469837697
7089	0.05089316647528255
7103	0.03167126578937959
7133	0.03165707697287594
7170	0.062015618525858095
7206	0.018837241030284464
7231	0.06328057808245006
7247	0.029223753232472956
7278	0.038505754868115034
7281	0.023686119530737505
7327	0.01525646974884574
7340	0.01957224606543404
7416	0.022044571130224816
7418	0.03352386615226654
7441	0.041749516366344344
7501	0.015703485360322633
7555	0.045133348087715755
7566	0.03789611948424118
7605	0.07109616463514849
7726	0.0671099715109637
7738	0.02601442079293615
7743	0.017545726964592893
7779	0.02895204109779743
7811	0.011298707923569982
7929	0.02964400714123478
7946	0.029087078735289724
8012	0.03549938125290663
8014	0.045133348087715755
8017	0.04696583157111629
8033	0.04915503925766337
8037	0.05344046952399107
8041	0.031843414292937945
8049	0.03502950043287666
8105	0.08481508484194054
8140	0.024836776710644156
8156	0.028818601576381973
8325	0.05089316647528255
8326	0.03393392981364592
8386	0.051203639095851974
8497	0.036243090843848705
8504	0.14628129625996997
8505	0.018411207210494652
8598	0.032376214572260725
8651	0.016564629490629913
8753	0.03502950043287666
8761	0.08322308315046906
8777	0.01725659553406726
8830	0.07764679163125493
8831	0.05697062581036178
8865	0.0241148977324483
8874	0.032376214572260725
8877	0.02310864529124899
8880	0.024743973652105587
9154	0.04261729119837826
9276	0.026329106555538148
9280	0.0268739230582298
9307	0.114372908813591
9364	0.032745936480548236
9376	0.12325964089001926
9381	0.051017415754147324
9390	0.08817828452089926
9421	0.026435984208459946
9422	0.0735352553009917
9443	0.013524035794645275
9456	0.04696583157111629
9495	0.022597415847139965
9522	0.026986118092981428
9525	0.028818601576381973
9533	0.04999064428767226
9539	0.020611917738451866
9570	0.02756447604220528
9580	0.017304272171532863
9632	0.14219232927029699
9670	0.033128193696364966
9715	0.05546499152975165
9883	0.03352386615226654
9891	0.06400555076256748
9894	0.016790599136764967
9911	0.11280969804151424
9939	0.10374852789849105
9941	0.06828938621647314
9998	0.006896442575044552
10031	0.06652433958067937
10087	0.0268739230582298
10116	0.020676165820893145
10121	0.021136454545099017
10128	0.09587329008742543
10135	0.023436467089638688
10178	0.02303228374545188
10209	0.01980839098885922
10329	0.15611179661415353
10358	0.04696583157111629
10452	0.026242592539812284
10476	0.029087078735289724
10558	0.018674218798338225
10696	0.024470061203643943
10699	0.031334658465719464
10705	0.03948685234207801
10729	0.06704773230453308
10736	0.03598969797877754
10773	0.020049587521793463
10783	0.03915024501841787
10873	0.06309824148281085
10880	0.024743973652105587
10920	0.023436467089638688
10976	0.020548033669762177
11008	0.04458321420319426
11049	0.041339452704964946
11132	0.02756447604220528
11184	0.026329106555538148
11209	0.022953157049070895
11268	0.06652433958067937
11305	0.02611109936304115
11306	0.0241148977324483
11350	0.06266931693143893
11452	0.043557461193789566
11453	0.13217992104229975
11454	0.18782637979454533
11516	0.017693121324375248
11519	0.02303228374545188
11535	0.023519071913021043
11537	0.021900011355774657
11541	0.07898731966661444
11567	0.07238344339645753
11577	0.026652827582982878
11592	0.0179500251681331
11605	0.032745936480548236
11636	0.015457464517718213
11695	0.04999064428767226
11720	0.09938458108909491
11775	0.013696184298203632
11779	0.051874263949245526
11807	0.031843414292937945
11855	0.06652433958067937
11876	0.014098666322185604
11889	0.021395866900282647
11970	0.07109616463514849
11982	0.03352386615226654
12009	0.05413692797351186
12052	0.032559560204804
12055	0.048090693395554995
12188	0.014301965466363581
12298	0.04261729119837826
12309	0.033324294429772076
12329	0.023111969645739104
12370	0.03983381842435483
12387	0.06591617872532375
12388	0.05697062581036178
12489	0.038567708364424136
12504	0.025911447401812795
12516	0.018460458690982774
12544	0.04094378024906339
12590	0.024380216043328327
12624	0.02106953738749763
12659	0.0228745817627182
12699	0.02303228374545188
12739	0.027601498527212075
12766	0.0179500251681331
12829	0.02873933783306609
12834	0.3754933533695812
12835	0.0720834832207186
12900	0.045711706036939595
