51
t_index	tf-idf
56	0.10170626193074898
631	0.10284980154564131
1675	0.11989122887969501
2087	0.18880233106723246
2264	0.1193386520112947
2534	0.16351618305221843
2645	0.12395398153353586
2685	0.14411485266219004
3238	0.0947242962379596
3729	0.13115161597200942
3900	0.11694588767891874
3902	0.151157105258677
4011	0.09705107942075535
4988	0.2944112478269978
6155	0.10991898418253286
6554	0.035860926399321785
7001	0.05379272383723383
7133	0.06554642983886087
7343	0.29321322540655803
7358	0.18462036304011298
8112	0.0820271126917017
8665	0.09878704889180044
8805	0.11172428164426806
8996	0.2944112478269978
9306	0.09914212437046319
9381	0.10563228769208191
9690	0.2944112478269978
9692	0.13407082901095796
9820	0.0798549907978038
9826	0.06785927826553495
9831	0.16351618305221843
9891	0.018932058093996652
9998	0.028558365623598175
10205	0.15453391608417597
10541	0.10059006055973975
10867	0.08951386384603006
10948	0.05040963675654334
11032	0.11825273794181447
11153	0.07892111565925965
11418	0.12275668002389899
11436	0.2944112478269978
11537	0.09068857235501947
11658	0.1094721654577091
11775	0.056716290258352044
11857	0.08353344333634712
12434	0.0832789892982913
12476	0.12840422355170575
12566	0.0492934353855341
12742	0.09537734465146658
12829	0.029752604646733634
12868	0.19899984152109387
