251
t_index	tf-idf
17	0.0354050374839561
144	0.08470952886565836
179	0.04825545728948644
184	0.0333916530598721
227	0.053162224293456184
304	0.041697412841925234
394	0.04375202571374394
497	0.03636257870452586
498	0.05072284840280137
542	0.05980447893583574
543	0.0471644670578308
612	0.030376902072943416
631	0.031626193765496025
632	0.029948279286460894
647	0.053488858923788477
678	0.04011305783135215
738	0.023847892614160707
750	0.060674914952592994
790	0.1656288016516152
831	0.04582789365540738
847	0.03888163521025099
863	0.031865495922633415
865	0.031865495922633415
902	0.04863902159984583
908	0.04375202571374394
957	0.04520354324313301
960	0.052640065038973886
991	0.10958569993915163
1023	0.02462801419856932
1049	0.08245324644053115
1052	0.04582789365540738
1171	0.031745346292133624
1203	0.01825826340994515
1205	0.09053111460196783
1301	0.015157673767392188
1374	0.0706269815023846
1390	0.08470952886565836
1420	0.02522324128025385
1471	0.03366256292830614
1497	0.02797837342764285
1602	0.0625921315887655
1605	0.07239697561850578
1654	0.06598927596937246
1737	0.04128808557918808
1883	0.08057904805217622
1894	0.03556025842339129
1944	0.05332043853415177
1947	0.051649479391716845
1999	0.03571717580012484
2057	0.031001808768745722
2069	0.021973883344504647
2075	0.04431514875366805
2121	0.06872616440775285
2233	0.02892956866045937
2440	0.03059610933938566
2451	0.08589340906895569
2537	0.0333916530598721
2577	0.03805351407477547
2587	0.05485332921628351
2607	0.0706269815023846
2615	0.020316474276284115
2762	0.030376902072943416
2787	0.04788250652722608
2833	0.03888163521025099
2909	0.04199922906791695
2986	0.03016099128156053
3000	0.03150802192920804
3167	0.02386246204766334
3181	0.027086297923657535
3203	0.03686641275287279
3207	0.03756693202844309
3214	0.02632823229025733
3234	0.09053111460196783
3353	0.07254419813855713
3365	0.022529738453593743
3370	0.05072284840280137
3721	0.05485332921628351
3889	0.038493563017358574
3908	0.056102620908836116
3912	0.06365615881332716
3939	0.09559648776790024
3993	0.05370409226353555
4079	0.058207523839278075
4219	0.0683515961687971
4262	0.0455123249731829
4329	0.049852412386044126
4359	0.040996893566354935
4387	0.07475746231586675
4472	0.022529738453593743
4564	0.046479413513709704
4700	0.052136230990626954
4730	0.0471644670578308
4806	0.05980447893583574
4953	0.04825545728948644
5120	0.12320309188301694
5248	0.034363082203876426
5278	0.05980447893583574
5474	0.02984309348958028
5480	0.07475746231586675
5484	0.017618000773771014
5538	0.23690489198769368
5690	0.03115923237930977
5769	0.056638488868386246
5857	0.05522973095730295
5882	0.03115923237930977
5970	0.019580015565032374
6000	0.06480539576607512
6017	0.08980252533298379
6018	0.07737257603838521
6194	0.04825545728948644
6273	0.06365615881332716
6312	0.04751899857823471
6348	0.02670791618857944
6391	0.027886630003299218
6488	0.07143435160024968
6612	0.023710496378514523
6618	0.06365615881332716
6625	0.021207165829518156
6682	0.051649479391716845
6805	0.02291263573309152
6824	0.03756693202844309
6832	0.125184263177531
6986	0.036036251088071465
7001	0.03308239941513571
7033	0.041697412841925234
7107	0.049852412386044126
7177	0.03969073923687343
7206	0.04797323274044743
7282	0.05370409226353555
7324	0.04788250652722608
7327	0.019427000293787713
7366	0.026576500096592254
7416	0.028070706845907293
7460	0.162801645910379
7577	0.06605468745862775
7679	0.3388381154626334
7726	0.03418209999356409
7743	0.04468410431864864
7779	0.03686641275287279
7805	0.041226623220265574
7878	0.044901262666491894
7894	0.04751899857823471
7906	0.0455123249731829
7944	0.03928048855405956
7975	0.02892956866045937
7994	0.048638354568984216
8016	0.06742313167781795
8036	0.01577365228610109
8037	0.03402451662257168
8039	0.06480539576607512
8089	0.03388330131798769
8103	0.03957321227458039
8140	0.06325238753099205
8156	0.03669649601168585
8167	0.02462801419856932
8212	0.052492842518922535
8249	0.06893587657955728
8277	0.05980447893583574
8325	0.06480539576607512
8326	0.2160507887183228
8407	0.03703836447344915
8414	0.02942989095703192
8497	0.046150554359044506
8505	0.03516618199773837
8541	0.04146008847899966
8645	0.023173693780531426
8719	0.023506836267958468
8761	0.1059730650294379
8769	0.06480539576607512
8877	0.009808552617403403
8880	0.03150802192920804
8905	0.0319866594860497
9000	0.060972174735247284
9068	0.02545297093416448
9109	0.023372650272025598
9124	0.04077078185300975
9143	0.09053111460196783
9156	0.03888163521025099
9307	0.058255220760781615
9339	0.07373282550574559
9376	0.03139081477172971
9380	0.09053111460196783
9390	0.028070706845907293
9416	0.041226623220265574
9443	0.03444197139717028
9539	0.052492842518922535
9662	0.09887243042881445
9665	0.044901262666491894
9713	0.03830339073969484
9820	0.024555316336633944
9882	0.07475746231586675
9891	0.02328634294523789
9911	0.09576501305445216
9997	0.03407876009994304
9998	0.026344992151598558
10087	0.06844043474565376
10131	0.050144210357676376
10222	0.049852412386044126
10251	0.09053111460196783
10329	0.07454502832109162
10348	0.04520354324313301
10375	0.05029494873067311
10379	0.05677054585245603
10403	0.027795469080814122
10474	0.04751899857823471
10477	0.026744429461894238
10478	0.08057904805217622
10558	0.02377903014614635
10577	0.053162224293456184
10699	0.039900345836252515
10717	0.058207523839278075
10873	0.026782289219011393
10890	0.02863753560195934
10976	0.02616507374974023
10984	0.034363082203876426
11016	0.026084184538279848
11132	0.03509954091512817
11209	0.029227665120195458
11344	0.04825545728948644
11401	0.05332043853415177
11453	0.03366256292830614
11454	0.04783417390154469
11481	0.0319866594860497
11507	0.060674914952592994
11536	0.0333916530598721
11592	0.022856869902108338
11605	0.041697412841925234
11623	0.017798038205580933
11636	0.01968293928217857
11652	0.044901262666491894
11875	0.056102620908836116
11876	0.017952698054793225
11889	0.12260102351993099
12055	0.03061841730438934
12196	0.04493380671048025
12387	0.02797837342764285
12488	0.019175543830599193
12489	0.024555316336633944
12512	0.03793043997743446
12517	0.04268799848918227
12566	0.015157673767392188
12612	0.024268150823035257
12624	0.02682913647489489
12670	0.09230110871808901
12737	0.0354050374839561
12748	0.04299446440240978
12766	0.011428434951054169
12768	0.03422021737282688
12829	0.009148891154332737
12834	0.26080295851754953
12835	0.18357665603631396
