245
t_index	tf-idf
67	0.030421584122851546
227	0.04096021145697467
550	0.0596157238160995
583	0.054416385607507445
597	0.03607250896323347
604	0.02228953482364623
607	0.047838580726960185
612	0.023404670305879775
632	0.04614885357597679
645	0.031241391433272685
647	0.061817813341014
706	0.10448471905291234
709	0.06975204003999236
738	0.03674845201687637
790	0.051045198572329496
821	0.1038957931997141
854	0.028016489766053636
872	0.009169558497850944
902	0.08744211674031933
982	0.03141290395878009
991	0.02814437947135043
1023	0.018975290871396905
1105	0.04598676733749595
1171	0.02445902356761877
1203	0.07033775768864435
1246	0.04484749305602695
1301	0.011678622009512958
1420	0.019433898979969163
1511	0.029167775234813016
1561	0.02445902356761877
1605	0.27890061689390705
1691	0.04137770765716554
1737	0.04771721100236336
1740	0.032501881149564565
1885	0.03269427445627358
1905	0.02980685174127685
2075	0.13657501263888697
2096	0.238462895264398
2106	0.24826624594299324
2157	0.059191482379483636
2199	0.023321180579021453
2233	0.04457906964729246
2349	0.01891927892236885
2411	0.0836231607519284
2464	0.019492585251819208
2493	0.03081319914349189
2506	0.015905737000787783
2577	0.014659657340330897
2615	0.031306706725558
2687	0.043740336179475925
2702	0.02283305714797926
2737	0.03058075717546852
2762	0.04680934061175955
2824	0.04055790034674439
2906	0.10178708667623611
2909	0.010786464301893084
2934	0.046748558391265
3182	0.06658476848146444
3318	0.01991234484563419
3357	0.04904553487340799
3378	0.05187238547868125
3476	0.052297873064959643
3619	0.035812206687592885
3672	0.03349916290226327
3692	0.024929832335086593
3824	0.04731797617567902
3849	0.06975204003999236
3878	0.08192042291394934
3879	0.07816146235004509
3939	0.024551595959710248
3947	0.1957999459694443
4148	0.023404670305879775
4155	0.034595339791511616
4182	0.030109948408000697
4199	0.062084212823749894
4209	0.049103191919420495
4219	0.035108837396034084
4225	0.036892316273654614
4252	0.050893543338118054
4269	0.043740336179475925
4304	0.019851395180160037
4330	0.02936723086111255
4333	0.06975204003999236
4426	0.018808098727236842
4430	0.03591345961649463
4437	0.06526664865648142
4442	0.023488794941700267
4457	0.010010749196952027
4620	0.015529288477746522
4638	0.034367242302223794
4644	0.015325556452505527
4717	0.028404681746991015
4744	0.02995736203988868
4746	0.05194789659985705
4811	0.04822572756298685
4990	0.012523024721534711
5091	0.21122440402491
5204	0.1038957931997141
5216	0.020869339183691597
5252	0.0278900616893907
5257	0.042733975775221894
5402	0.119231447632199
5414	0.01832116913791021
5416	0.03607250896323347
5469	0.02259684170404573
5534	0.03943194595284238
5548	0.014546196486227967
5556	0.024007436935828894
5690	0.024007436935828894
5764	0.034595339791511616
5769	0.014546196486227967
5882	0.04801487387165779
5934	0.017753745465497853
5946	0.07310165826000395
5970	0.030171859380733287
5983	0.04484749305602695
5984	0.05759882144023897
6006	0.2140653002282797
6018	0.02980685174127685
6019	0.02113916564097884
6141	0.17290286448750242
6155	0.026042053224680634
6174	0.039080731175022546
6312	0.03661224216737215
6332	0.062084212823749894
6348	0.020577805184009732
6353	0.024834053933322112
6391	0.04297195149143338
6488	0.2751922239640249
6556	0.021207663298216394
6603	0.014249203177617163
6625	0.016339609719586444
6628	0.03661224216737215
6682	0.03979467800010367
6777	0.02636585203729258
6779	0.03414375315972174
6790	0.05759882144023897
6798	0.016930347070383833
6909	0.014433887538857923
6958	0.01886354915060303
6959	0.015245102742983617
7054	0.0454456028404856
7107	0.0384100812204733
7254	0.046748558391265
7268	0.035066148558979444
7281	0.0464766324984922
7283	0.06526664865648142
7324	0.14756926509461846
7353	0.036892316273654614
7555	0.0885601387672292
7603	0.054416385607507445
7650	0.06425370156772245
7805	0.09529235620979981
7832	0.016837385714093395
7855	0.06975204003999236
7975	0.02228953482364623
8036	0.012153218599753376
8037	0.017476712886565358
8089	0.0391593995160206
8105	0.10401449262858027
8140	0.07310165826000395
8156	0.02827376499658045
8167	0.03795058174279381
8325	0.09986198844799304
8326	0.03329238424073222
8386	0.03349039808955207
8414	0.02267502108455073
8505	0.00903156498751641
8572	0.0596157238160995
8709	0.019375522399649202
8754	0.02704334961589165
8761	0.020412422589717545
8865	0.02365898808783951
8873	0.037474678957519304
8877	0.015114506386263412
8929	0.03141290395878009
8931	0.03874032473836468
9109	0.018008063247457587
9115	0.04746250521634612
9261	0.020671202490581176
9327	0.02827376499658045
9420	0.029511838623542053
9435	0.04055790034674439
9539	0.020222234473148252
9563	0.07958935600020733
9764	0.0384100812204733
9826	0.01607724952629519
9891	0.06728087075266388
9894	0.016473160673200142
9987	0.027519222396402487
10217	0.016930347070383833
10297	0.06526664865648142
10419	0.0232383162492461
10699	0.030742254004230845
10722	0.023321180579021453
10729	0.03289007313050194
10805	0.04226316700775407
10873	0.020635107809956553
10936	0.062084212823749894
11020	0.0384100812204733
11032	0.05603297953210727
11121	0.1497929826719896
11132	0.02704334961589165
11134	0.04714712843406047
11175	0.04621979871523785
11209	0.09007684382116497
11213	0.07494935791503861
11305	0.012808725038865532
11344	0.0371796658397845
11350	0.030742254004230845
11423	0.04993099422399652
11437	0.02383184060926634
11453	0.15561715643604376
11454	0.05528261572714544
11567	0.03550749093099571
11577	0.026148936532479822
11695	0.04904553487340799
11710	0.034595339791511616
11720	0.06500376229912913
11876	0.04149636240698435
11889	0.052478406267679585
12055	0.02359075196596041
12193	0.013995717932726444
12196	0.01731020709619413
12269	0.062084212823749894
12309	0.03269427445627358
12360	0.0596157238160995
12512	0.02922448905741216
12516	0.0181114503205348
12571	0.04822572756298685
12581	0.01638394780018067
12591	0.024276170870642353
12612	0.01869802482105013
12624	0.020671202490581176
12638	0.023573564217030236
12748	0.016563098862088493
12766	0.008805333456957692
12768	0.02636585203729258
12829	0.02114699984389713
12834	0.15070679140298432
12835	0.07072069265109072
12839	0.020869339183691597
12847	0.06975204003999236
12855	0.028016489766053636
12887	0.0596157238160995
