193
t_index	tf-idf
76	0.04558222891977171
102	0.03666590429243244
291	0.0887812774135902
304	0.04089146138566922
308	0.0887812774135902
360	0.062425776149305355
395	0.04808402988416257
469	0.030223033538195197
471	0.05708245550995107
557	0.1037103479387259
739	0.07114202236438275
872	0.011671129852131812
918	0.05037990811081083
984	0.0429063615241737
1006	0.03442111690302683
1167	0.04374306000260946
1171	0.031131754073103386
1207	0.0389235739163509
1420	0.0494714240781801
1879	0.030333467683448863
1908	0.11416491101990214
2057	0.04560388210267202
2069	0.02154915955292934
2090	0.07902157010102435
2135	0.0887812774135902
2339	0.0887812774135902
2349	0.02408069713099251
2430	0.04532267721384849
2437	0.04263815757996016
2577	0.07463598795813708
2615	0.01992378583561195
2621	0.030223033538195197
2640	0.03185397808895434
2691	0.06760344450929424
2813	0.025189954055405413
2909	0.01372914797831141
2917	0.04020448214752095
2986	0.08873406714840876
2990	0.046957006040874466
2996	0.042116606053495896
3093	0.03533972180572625
3115	0.027347621260803964
3167	0.023401234726196738
3177	0.06926186278845853
3308	0.06041087601080088
3343	0.03666590429243244
3365	0.022094270776388508
3785	0.05162260773925107
3912	0.062425776149305355
3928	0.0484806837574585
3959	0.04403338536746179
4135	0.04463263671221596
4136	0.03235689874093006
4187	0.052134674400863334
4219	0.06703045740466072
4298	0.09194613107595909
4417	0.0345701159795753
4430	0.022855552463165833
4572	0.03261525977573167
4620	0.019765874483212247
4656	0.0887812774135902
4670	0.05567325225595184
4708	0.022790516406013286
4895	0.018952346794595926
4923	0.06355279999259346
4955	0.04888883643199814
4985	0.08842000738181728
5052	0.08307221461772513
5248	0.03369889288717587
5257	0.05439234402478179
5337	0.09051706007057696
5369	0.017587913948238127
5377	0.3551251096543608
5450	0.031249581382790687
5515	0.022280767295445744
5531	0.03533972180572625
5536	0.059502155475892694
5561	0.08225622068016938
5578	0.03719729872830863
5594	0.031014904594684256
5612	0.18874768701938321
5842	0.07968827537273425
5857	0.054162219112805235
6068	0.061382315051816905
6168	0.058738843613732945
6200	0.062425776149305355
6348	0.02619169030120001
6352	0.07902157010102435
6388	0.06273107049026722
6609	0.04089146138566922
6612	0.023252206336461773
6621	0.061382315051816905
6625	0.020797261592817463
6659	0.08307221461772513
6726	0.054338774943058527
6798	0.02154915955292934
6828	0.059366986296355576
6841	0.043179773636133074
6858	0.05567325225595184
6959	0.019404159291219233
7136	0.05018947876778657
7206	0.09409195729185936
7313	0.11272046298820024
7353	0.046957006040874466
7416	0.027528140160862326
7472	0.03222947451072558
7510	0.05636023149410012
7738	0.09745646003651164
7743	0.13146127314129577
7748	0.0887812774135902
7803	0.03649313793666735
7832	0.021430837164697646
7862	0.0480195271474318
7924	0.19564564559716155
7949	0.11134650451190369
8036	0.030937540216861795
8037	0.022244580863444465
8054	0.05864854374456397
8080	0.07587964611923179
8089	0.03322838548079848
8167	0.02415198984705192
8276	0.443906387067951
8343	0.05864854374456397
8442	0.05266606883673953
8505	0.011495489969552589
8539	0.03197803423366486
8568	0.07114202236438275
8589	0.04020448214752095
8604	0.09616805976832514
8651	0.020685067522389286
8761	0.025981189246681528
8825	0.053793092680027625
8880	0.03089901685127047
8965	0.03314665421160786
9186	0.030333467683448863
9260	0.022920890312847473
9319	0.045913544943386016
9390	0.027528140160862326
9420	0.22537824530891645
9433	0.03976443754238111
9570	0.03442111690302683
9704	0.03487292939965013
9755	0.04112811034008469
9761	0.0887812774135902
9891	0.05138156516278558
9894	0.0209672469331004
10133	0.03472070865935568
10171	0.030333467683448863
10329	0.09747223914159733
10375	0.02466140959046099
10416	0.07902157010102435
10429	0.05636023149410012
10458	0.06926186278845853
10477	0.026227497825073897
10724	0.06760344450929424
10880	0.06179803370254094
10884	0.05708245550995107
10948	0.015201294034224006
10976	0.025659340231653796
11175	0.039219428988601285
11202	0.06684013264713448
11404	0.03248548667883721
11410	0.07587964611923179
11423	0.06355279999259346
11514	0.026394130318254345
11516	0.022094270776388508
11553	0.03852125279349551
11567	0.06779157428509269
11592	0.01120753962053457
11627	0.03342006632356724
11636	0.038604992336810647
11652	0.04403338536746179
11693	0.044329823292141135
11716	0.04374306000260946
11775	0.05130929680637063
11867	0.03976443754238111
12183	0.03472070865935568
12188	0.01785956767351519
12196	0.0660979505723175
12262	0.05832773320757013
12313	0.045913544943386016
12377	0.08085954291044149
12387	0.0274375914157428
12467	0.03369889288717587
12485	0.059502155475892694
12520	0.03369889288717587
12649	0.05957951985371515
12737	0.03472070865935568
12739	0.01723367435044268
12766	0.02241507924106914
12795	0.08085954291044149
12829	0.017944112301515852
12835	0.030004730229815285
