57
t_index	tf-idf
678	0.11631115476635973
716	0.23387441220601074
902	0.04701096579546805
977	0.07879052997712568
1378	0.1144875802153041
1737	0.11971824566448849
1999	0.10356492840240705
2069	0.06371510636875478
2167	0.0775477024802902
2506	0.11971824566448849
2577	0.05516966798646402
2782	0.19153107220958512
3167	0.03459559886958883
3318	0.14987491569033087
3605	0.16461092975202773
3824	0.17807490139770907
3939	0.0923966615446451
4841	0.17340807161778568
5135	0.10177404457101283
5780	0.2695489405992528
5925	0.09682188137539093
6018	0.1121741167690133
6155	0.09800579895812392
6312	0.1377852972768289
6652	0.2167654933193604
6805	0.06643709716824146
7001	0.04796258732747267
7126	0.22435583679425258
7281	0.17490861652110365
7481	0.06914895245231603
7743	0.06478264253567269
7860	0.20478881990851644
7929	0.10945212596952662
8089	0.02456186412016312
8319	0.14839687693746628
8537	0.11569437860616989
8541	0.12021698240962414
8778	0.10221459502439893
8967	0.13107144153020683
9026	0.07853897858128119
9376	0.09102028398102086
9390	0.08139335430577871
9443	0.0499336834713178
9891	0.016880173094963948
10170	0.24562233982516832
10411	0.22435583679425258
10696	0.09034879153087744
10873	0.025885826667271364
10976	0.07586781230127594
11344	0.1399207206968925
11889	0.07899819710741765
12196	0.06514465898507882
12371	0.19364376275078185
12512	0.21996494473793574
12567	0.11693720610300537
12590	0.090017063645448
12834	0.063018326432908
