404
t_index	tf-idf
15	0.018740994305466156
16	0.020195302811791986
17	0.029204586836636424
34	0.02972525660071187
91	0.0199596068803642
117	0.03113684550376791
182	0.028584375519910225
183	0.03919704140962799
184	0.02754380451786787
190	0.021649910388323305
191	0.03175222182158159
222	0.06480266767023644
227	0.04385197435564192
304	0.03439498446391744
305	0.04801369537541398
320	0.025237841718716576
392	0.04476344933769703
394	0.0360897749314573
497	0.029994434771085324
542	0.049330977239972436
607	0.025607975894515914
612	0.05011404802603525
631	0.026087528435897407
632	0.024703465528757802
633	0.028828576535848405
634	0.02946206066543049
647	0.1103035144321098
678	0.03308809604423113
764	0.04329982077664661
790	0.027324477329953873
817	0.03381714646492079
858	0.024878925473826252
865	0.026284921833135872
872	0.029450769158457183
902	0.05349455448179951
934	0.06987442938787279
982	0.06726126696311792
983	0.016847853442612748
991	0.030131353402057644
1020	0.020496676062263568
1023	0.02031493342160599
1040	0.03655427876729215
1049	0.03400664378234699
1051	0.03223569016054273
1052	0.037802098088611756
1075	0.06279573901778107
1105	0.024616700820759035
1116	0.020619405965443524
1123	0.021318142765172715
1203	0.04518213314844453
1240	0.05163687702224761
1273	0.022200862269821597
1329	0.04044486073094761
1378	0.03256932714360119
1411	0.04044486073094761
1420	0.06241775684641607
1428	0.03806825152913306
1471	0.027767270197890635
1490	0.023386183664199343
1524	0.041839804051963844
1600	0.03439498446391744
1605	0.05971816191745637
1654	0.10886527326556936
1665	0.03834052397246252
1710	0.10553946454626124
1716	0.020805918948805357
1735	0.05250811607226705
1737	0.08514335574155849
1740	0.10438947515038766
1789	0.07467648633358336
1879	0.025514352247498935
1884	0.039804524805009095
1885	0.035002467859298544
1894	0.029332624080112116
1906	0.026485661040036183
1999	0.02946206066543049
2069	0.036251235975304955
2075	0.03655427876729215
2109	0.022778700268818237
2121	0.028345108196887268
2187	0.06382455312084263
2199	0.02496763996857741
2233	0.02386316072885616
2349	0.02025496706730707
2440	0.025237841718716576
2451	0.03542548888679722
2464	0.020868748431287387
2493	0.04948288487505877
2506	0.0340573422966234
2521	0.04342126035634191
2529	0.04044486073094761
2537	0.02754380451786787
2565	0.035002467859298544
2577	0.09416771469931808
2587	0.04524691767665816
2696	0.03703774710625328
2701	0.04476344933769703
2702	0.04889011071467976
2707	0.0360897749314573
2709	0.03273973770480644
2716	0.02638486613656531
2737	0.03273973770480644
2762	0.05011404802603525
2787	0.03949688855615161
2794	0.046828373981036224
2801	0.01842930974699082
2833	0.03207233129926104
2909	0.03464394390040088
2986	0.024878925473826252
3115	0.023002870929922294
3167	0.009841725846537013
3181	0.04468540049719906
3182	0.03564280378523704
3193	0.019445839737958128
3207	0.030987870839223115
3214	0.021717393930860463
3242	0.046157094830683726
3300	0.02972525660071187
3318	0.04263628553034543
3365	0.05575238015546635
3369	0.029592927518206878
3370	0.041839804051963844
3378	0.027767270197890635
3390	0.028584375519910225
3398	0.06987442938787279
3415	0.06646731576317848
3433	0.02055788203658369
3471	0.06513865428720238
3552	0.041839804051963844
3605	0.046828373981036224
3629	0.04147536515382738
3651	0.02721631831639234
3760	0.26254058036133526
3808	0.021252890095025612
3809	0.020805918948805357
3824	0.02532929645634709
3871	0.02099541626623155
3890	0.04476344933769703
3936	0.041839804051963844
3939	0.1577095309988152
4059	0.029592927518206878
4082	0.055615382550437756
4121	0.08952689867539405
4162	0.03655427876729215
4172	0.04524691767665816
4200	0.020868748431287387
4209	0.026284921833135872
4219	0.09396874322563636
4229	0.05081332560472719
4241	0.04865403130135248
4262	0.037541794650517
4263	0.06382455312084263
4283	0.049330977239972436
4298	0.019334633947462997
4342	0.02679329728889366
4359	0.10145143939476238
4421	0.03381714646492079
4430	0.01922446264442729
4505	0.03207233129926104
4544	0.05686320187175736
4564	0.0383395178918306
4587	0.012946509706593235
4598	0.020619405965443524
4644	0.01640753025035416
4695	0.03240133383511822
4700	0.04300566228720076
4708	0.09584879472957648
4745	0.05163043092674679
4841	0.049330977239972436
4850	0.07467648633358336
4856	0.03128771798574674
4859	0.03685861949398164
4889	0.10089190044467689
4949	0.012914282939302362
4970	0.019728510188691
4990	0.013407141697026066
5086	0.027767270197890635
5091	0.02055788203658369
5122	0.08770394871128384
5135	0.028952591592268373
5239	0.02386316072885616
5248	0.028345108196887268
5314	0.019728510188691
5357	0.042604155034322314
5414	0.019614631141368563
5469	0.024192163264713344
5474	0.024616700820759035
5484	0.02906515400350487
5531	0.02972525660071187
5534	0.04221581435275186
5538	0.03256932714360119
5556	0.025702345554551427
5583	0.03113684550376791
5609	0.07960904961001819
5730	0.04865403130135248
5769	0.01557314800379479
5857	0.11389350134409118
5885	0.029332624080112116
5891	0.04385197435564192
5922	0.05983960149715166
5970	0.12920788802233146
5978	0.02453056713440156
5985	0.04385197435564192
6000	0.053456088247063036
6006	0.03273973770480644
6018	0.031911195076565535
6127	0.05448659266994281
6174	0.041839804051963844
6194	0.039804524805009095
6273	0.05250811607226705
6298	0.025057024013017626
6312	0.03919704140962799
6348	0.022030584148044822
6391	0.023002870929922294
6488	0.05892412133086098
6524	0.04627742209953793
6556	0.022704909814085312
6559	0.020496676062263568
6618	0.05250811607226705
6625	0.01749317498414655
6660	0.028828576535848405
6682	0.042604155034322314
6702	0.03728708957209715
6791	0.05250811607226705
6824	0.030987870839223115
6850	0.07128560757047409
7001	0.013644355085366572
7033	0.03439498446391744
7051	0.03919704140962799
7054	0.04865403130135248
7107	0.04112180666956756
7133	0.03325129123431553
7179	0.05840917367327285
7206	0.019785862986834175
7281	0.024878925473826252
7282	0.044298945501862176
7296	0.02178526420068045
7321	0.02444505535733988
7324	0.03949688855615161
7327	0.09614860890556341
7366	0.021922182831652766
7367	0.04044486073094761
7416	0.02315471056960626
7417	0.03521208978593703
7460	0.04476344933769703
7481	0.01967143379064754
7596	0.06166525881746791
7671	0.030840746839526492
7743	0.0921465487349541
7754	0.021252890095025612
7769	0.019501836672876225
7805	0.03400664378234699
7811	0.011867697957710819
7821	0.013407141697026066
7832	0.018026093623223938
7894	0.03919704140962799
7924	0.03291263609916268
7949	0.046828373981036224
7975	0.02386316072885616
8016	0.055615382550437756
8037	0.056131670569689956
8089	0.02794935088266763
8103	0.01632139656399668
8105	0.04454313785127614
8131	0.04993527993715482
8140	0.07826258530769223
8156	0.030269873456826836
8167	0.04062986684321198
8212	0.021649910388323305
8250	0.044298945501862176
8277	0.049330977239972436
8325	0.053456088247063036
8326	0.07128560757047409
8407	0.030551870819004408
8497	0.03806825152913306
8504	0.05121595178903183
8505	0.0193383745901753
8645	0.019115306759549
8653	0.05121595178903183
8677	0.06547947540961288
8719	0.03878021263800557
8724	0.018480690867371394
8761	0.1311211539346287
8877	0.008090790096931349
8885	0.08088972146189521
8892	0.0345940367069702
8905	0.02638486613656531
8922	0.0345940367069702
9000	0.025147087790558246
9008	0.056928275275423885
9026	0.02234270024859953
9109	0.019279420189316925
9113	0.03144053726310625
9203	0.046828373981036224
9329	0.025147087790558246
9339	0.060820065680452944
9376	0.07768011342644508
9381	0.02679329728889366
9390	0.02315471056960626
9416	0.03400664378234699
9443	0.056820363201107615
9539	0.04329982077664661
9713	0.031595354234604224
9764	0.04112180666956756
9786	0.046828373981036224
9826	0.017212292340749204
9891	0.08163496807707948
9894	0.0529084636310784
9911	0.03949688855615161
9938	0.031911195076565535
9986	0.020681251169539634
9987	0.02946206066543049
9998	0.0434624373071498
10087	0.05645452629650074
10090	0.04865403130135248
10099	0.024026519590137848
10107	0.06382455312084263
10121	0.044401724539643195
10128	0.02877181701195171
10135	0.024616700820759035
10137	0.024878925473826252
10180	0.04575096522092187
10205	0.03919704140962799
10206	0.041839804051963844
10211	0.019901408583047245
10222	0.04112180666956756
10224	0.024109051838221644
10284	0.04112180666956756
10329	0.10248338031131785
10442	0.03703774710625328
10452	0.013782069772778226
10475	0.030840746839526492
10477	0.02206070288642196
10532	0.04342126035634191
10558	0.05884389342410569
10594	0.05686320187175736
10600	0.05163043092674679
10636	0.08575312655973068
10695	0.02907791900169226
10722	0.02496763996857741
10773	0.021059261863824813
10775	0.04300566228720076
10825	0.04627742209953793
10873	0.058911819467119285
10884	0.04801369537541398
10890	0.023622271143016925
10976	0.021582809190854754
11012	0.049330977239972436
11039	0.04476344933769703
11134	0.07571352515614972
11175	0.03298858991670585
11189	0.05163043092674679
11209	0.04821810367644329
11306	0.05065859291269418
11344	0.039804524805009095
11372	0.05237162778702512
11444	0.05250811607226705
11452	0.04575096522092187
11453	0.05553454039578127
11454	0.019728510188691
11567	0.057021443237962384
11590	0.05983960149715166
11592	0.018853967946575845
11605	0.03439498446391744
11623	0.029362169297643195
11636	0.016235884786935002
11640	0.030840746839526492
11652	0.03703774710625328
11660	0.0191697589459153
11669	0.038619203410631346
11698	0.04801369537541398
11762	0.04077849771400606
11775	0.014385908505975854
11802	0.03291263609916268
11876	0.022212988597909746
11889	0.1573133683457455
11990	0.06166525881746791
12037	0.06166525881746791
12055	0.06314060727739793
12193	0.02996761208224723
12196	0.09266147935668177
12309	0.035002467859298544
12371	0.02754380451786787
12377	0.03400664378234699
12488	0.01581734901973297
12512	0.09386315395724021
12516	0.03878021263800557
12517	0.03521208978593703
12525	0.05337972287555255
12566	0.012503124731383496
12581	0.035081286605777945
12590	0.025607975894515914
12591	0.05198010384252145
12612	0.02001809257784549
12659	0.024026519590137848
12670	0.07613650305826612
12739	0.028991478487360865
12748	0.0531973269215085
12762	0.034199222491665605
12766	0.009426983973287922
12829	0.007546654520468255
12834	0.2330561822958023
12835	0.15142705031229944
12904	0.04300566228720076
