132
t_index	tf-idf
40	0.061015601001244806
44	0.033785776894409224
394	0.05825177486923432
554	0.04463739210202013
557	0.04693408020885133
729	0.04258727811578582
841	0.04885798975682579
863	0.042425960039574724
871	0.03617840537118606
983	0.02719377905882947
1075	0.033785776894409224
1116	0.033281365608889446
1223	0.0663738753949359
1397	0.12951493944073272
1490	0.03774716546292678
1716	0.03358241243829244
1786	0.13882913719546336
2115	0.11278290146028956
2184	0.08475228681970103
2199	0.1208992861740969
2594	0.2267541903890851
2631	0.04673179177528337
2668	0.0675327804298241
2697	0.0675327804298241
2716	0.04258727811578582
2762	0.08088807006812564
2870	0.10728354835552414
2917	0.05458357128399373
2955	0.04863440734156789
2986	0.12046970936578788
3115	0.03712846814092839
3231	0.05717956421688736
3318	0.034409182527337344
3335	0.12036867236816937
3366	0.07008537702492962
3378	0.04481858851635157
3433	0.03318206108122696
3593	0.1062472388394051
3640	0.061884663316801244
3809	0.03358241243829244
4162	0.05900152110407057
4186	0.07384570646840816
4209	0.042425960039574724
4219	0.09100382729768869
4527	0.06375112797399973
4564	0.030941519711213606
4598	0.09984409682666835
4640	0.058512385870389864
4655	0.08976766271741404
4708	0.06188303942242721
4895	0.02573063292958207
4968	0.05125061823360263
4990	0.02164019590752129
5304	0.05900152110407057
5314	0.031843388777005564
5331	0.08628238950982287
5450	0.042425960039574724
5665	0.06694454698452953
5681	0.08976766271741404
5792	0.04613746166956845
5882	0.04148563546596046
5885	0.09469038903588291
5886	0.08333563300016297
5927	0.09178174261458828
5970	0.05213795887270561
6348	0.017779559867953564
6371	0.4488383135870702
6460	0.34101072629817764
6556	0.03664753513781362
6612	0.03156833254111822
6708	0.04371609062922599
6799	0.10738858201859235
6970	0.08333563300016297
6997	0.08475228681970103
7001	0.02202307723387545
7133	0.026835117907653843
7165	0.04575126512883722
7248	0.06694454698452953
7321	0.039456268819802076
7356	0.05978187755935615
7366	0.07076830273266908
7501	0.026623107469235845
7738	0.04410388551513467
7754	0.03430385951387315
7821	0.02164019590752129
7832	0.029095552674021086
7906	0.12119090098634962
7968	0.05788764807725349
8037	0.06040066183602128
8105	0.0359480883852804
8605	0.05900152110407057
8614	0.07225177707930391
8777	0.029256192935194932
8905	0.08517455623157164
9130	0.06059545049317481
9261	0.0357205133334112
9327	0.04885798975682579
9329	0.040589405153525555
9443	0.022928149395952713
9495	0.019155410942894663
9515	0.05900152110407057
9578	0.07150203084446768
9820	0.03269313216359488
9844	0.08147177846224843
9845	0.14900246409413212
9891	0.04650541722280766
9894	0.05693231980467402
9998	0.011691973317893584
10087	0.13668316146687473
10116	0.035053605748709395
10178	0.03904808081436649
10228	0.02831199714273674
10329	0.03308326975754818
10809	0.0730321335345895
10948	0.04127604049128027
11089	0.27141262227295376
11091	0.10728354835552414
11096	0.08976766271741404
11157	0.07150203084446768
11592	0.015215903927103655
11636	0.02620601284456872
11673	0.05398614520635756
11716	0.11877543528960359
11775	0.0232200035930141
12304	0.07749793338862683
12309	0.11299354908585107
12489	0.03269313216359488
12525	0.08615912971012937
12566	0.040362080860729684
12739	0.02339727916258027
12748	0.02862157603145833
12766	0.015215903927103655
