124
t_index	tf-idf
91	0.04896213422894604
278	0.0579468732740817
320	0.06190996652826599
764	0.053108551928473496
866	0.09615273559139073
1203	0.036944843673926565
1267	0.13365893827338593
1301	0.061341856585512396
1420	0.05103818940092229
1490	0.05736773627519562
1654	0.06676329041008694
1710	0.06472368745209031
1716	0.10207637880184459
1906	0.06497094350392114
2069	0.04446324750850233
2129	0.07391404944065896
2577	0.03849985886309347
2682	0.14291078686846162
2788	0.09146750712970166
2986	0.06102952306740018
3181	0.05480800775115642
3199	0.09085585483841158
3278	0.18318598004091782
3365	0.045587997417601805
3378	0.06811480901149526
3593	0.08073670569639266
3619	0.09405164602688706
3680	0.10980747407300417
3692	0.06547185954619002
3871	0.05150303788954529
4148	0.06146640965710779
4162	0.08966987748677607
4169	0.10651500255993183
4209	0.06447851797409097
4219	0.09220442560249502
4229	0.12464818990625313
4262	0.09209231423703279
4264	0.06650037087151996
4332	0.14291078686846162
4359	0.16591104968948842
4415	0.07675068236151496
4430	0.09431756107399171
4524	0.09688827894774307
4540	0.09273085446243122
4553	0.09209231423703279
4708	0.04702458902483743
4889	0.16499599421955458
4968	0.07789013862918226
5240	0.09841770631534187
5403	0.14679019573238805
5414	0.04811588768011992
5474	0.1207725399687649
5531	0.07291786919439379
5583	0.07638058295232425
5636	0.18318598004091782
5780	0.09405164602688706
5970	0.03961935469663286
6173	0.06472368745209031
6298	0.06146640965710779
6348	0.05404236790153551
6625	0.04291182620970519
6708	0.03321962228744174
6828	0.06124714513912206
6959	0.04003738220698276
7001	0.033470436024185396
7206	0.04853592985090061
7327	0.03930973460030001
7416	0.11359983728504885
7458	0.18318598004091782
7481	0.048255228046652554
7531	0.05975695128286095
7700	0.055337853635383814
7743	0.09041644386961226
8103	0.04003738220698276
8135	0.14291078686846162
8250	0.10866801780533687
8604	0.09921371256704589
8761	0.053608032610413504
8885	0.09921371256704589
9026	0.05480800775115642
9036	0.06258826373657812
9203	0.11487286028856614
9329	0.06168734160188712
9426	0.056987960792399935
9443	0.03484595496626502
9495	0.02911218762357825
9539	0.053108551928473496
9883	0.08637740597370373
9894	0.08652512759659797
9998	0.03553867071138412
10087	0.06924319980169862
10107	0.15656552535007506
10224	0.05914097603780497
10329	0.15083879316206183
10333	0.12665259914615995
10379	0.11487286028856614
10558	0.04811588768011992
10695	0.07132991054347354
10708	0.11487286028856614
10824	0.09338374510092971
10976	0.0529439485944965
11184	0.0678394286489198
11202	0.06895696683879883
11203	0.07164063447577339
11329	0.17140624118332404
11418	0.07638058295232425
11454	0.048395239935617056
11481	0.06472368745209031
11514	0.05446007052988181
11650	0.09473526370233804
11698	0.11778052603387994
11744	0.08637740597370373
11889	0.055128470952927174
12188	0.036850364206171826
12196	0.04546085318521846
12318	0.14679019573238805
12327	0.06811480901149526
12385	0.09764292944765184
12496	0.14679019573238805
12643	0.07828010972911378
12739	0.07111786668454981
12768	0.06924319980169862
12834	0.04397700334268067
12838	0.16147341139278532
