292
t_index	tf-idf
16	0.01731888657295102
91	0.03423352160878515
188	0.06404031712377664
191	0.027229754032014754
222	0.027786413045268896
276	0.1710011352499542
312	0.08235021300789619
318	0.1430822569602526
557	0.049872704129369755
631	0.02237188271750659
634	0.025265780445344884
644	0.05445950806402951
647	0.11351158670017879
716	0.028528091708910106
721	0.02868315555541766
764	0.03713262889140652
765	0.03723677183621949
872	0.02525609718729568
875	0.052157465956101205
902	0.02293766352440809
953	0.04292050100240091
983	0.014448214294659615
1020	0.035154670484820995
1038	0.1140007568333028
1052	0.032417946644204984
1075	0.017950581404149846
1105	0.02111054502565125
1123	0.07312720189180305
1203	0.051662458108161585
1301	0.010722305134432158
1316	0.08235021300789619
1317	0.03361420823916703
1420	0.017842532675963314
1456	0.04172423940743886
1488	0.019726572866980784
1511	0.01338966985597479
1638	0.029666809327498184
1654	0.04667979819343975
1710	0.04525374124074587
1716	0.05352759802788994
1737	0.043809834423501524
1884	0.03413516779682285
1885	0.09005120293733762
1894	0.02515477950812645
1906	0.022713309309439003
1918	0.05473402436054277
2018	0.03264619185995375
2053	0.04996043970952615
2069	0.015543986882410075
2074	0.04996043970952615
2106	0.03798944831865153
2109	0.019534330824916544
2157	0.018114840801001203
2233	0.02046433162140277
2337	0.0570003784166514
2408	0.06404031712377664
2453	0.22233723500962413
2501	0.05473402436054277
2563	0.043575985502373876
2577	0.040377705274100555
2640	0.02297712893865396
2674	0.03620301746271225
2716	0.04525374124074587
2801	0.01580442383560345
2857	0.06404031712377664
2881	0.06404031712377664
2891	0.010433226548662348
2928	0.028076618064208046
2949	0.044276710543344734
3093	0.02549148939321658
3166	0.038387792890183646
3181	0.03832086054317543
3193	0.016676169497237506
3215	0.032417946644204984
3365	0.04781157069458615
3378	0.02381237892194198
3434	0.05288227826560774
3475	0.03336341809815459
3605	0.04015861039230109
3619	0.032879684549165115
3711	0.041175106503948095
3750	0.06404031712377664
3785	0.03723677183621949
3824	0.021721645690996227
3906	0.13752701867544753
3912	0.045029387025776774
3939	0.04508232276083118
3997	0.12808063424755328
4016	0.05473402436054277
4115	0.05473402436054277
4121	0.038387792890183646
4148	0.04297630600356972
4219	0.06446782285937504
4448	0.16420207308162832
4457	0.00919100793112044
4472	0.03187438046305743
4476	0.04172423940743886
4478	0.032879684549165115
4540	0.032417946644204984
4567	0.05992221697273299
4587	0.011102538803883476
4598	0.03536516945996306
4659	0.03440602343924676
4661	0.051316649250469984
4695	0.027786413045268896
4708	0.08219705441140175
4709	0.026448100398226322
4769	0.030756046911487995
4812	0.048764178114564107
4833	0.05992221697273299
4889	0.11536249435260168
5006	0.0570003784166514
5086	0.02381237892194198
5109	0.052896200796452644
5146	0.05473402436054277
5162	0.03556803041603535
5248	0.07292374642779947
5335	0.04996043970952615
5369	0.038059902479566615
5474	0.0422210900513025
5508	0.029666809327498184
5531	0.02549148939321658
5555	0.043575985502373876
5572	0.05288227826560774
5583	0.026702025740578963
5605	0.048764178114564107
5609	0.03413516779682285
5638	0.05473402436054277
5654	0.03588056229527566
5690	0.022041561419824524
5769	0.0267101302094879
5842	0.019160430271587717
5857	0.09767165412458272
5858	0.02884062358815042
5970	0.0415518049762054
6071	0.03001706764577921
6190	0.0570003784166514
6205	0.037606139256395214
6308	0.07846931384475388
6322	0.051316649250469984
6348	0.03778553771157695
6358	0.06404031712377664
6480	0.06404031712377664
6500	0.05992221697273299
6501	0.05992221697273299
6511	0.06404031712377664
6524	0.039686130567078995
6527	0.06404031712377664
6559	0.035154670484820995
6612	0.016772440214816733
6621	0.044276710543344734
6744	0.07353931188873852
6769	0.031146729102678603
6796	0.03526482925372225
6905	0.06404031712377664
6953	0.040654146946292276
6986	0.05098297878643316
6988	0.06404031712377664
7001	0.011700990090950911
7056	0.05167949168407974
7150	0.06404031712377664
7162	0.10263329850093997
7174	0.0570003784166514
7179	0.05008995720908672
7215	0.03278542863764244
7244	0.08344847881487771
7321	0.020963347019291954
7327	0.01374236101088304
7374	0.03361420823916703
7416	0.09928392996176566
7487	0.06404031712377664
7531	0.0835621614634415
7538	0.05992221697273299
7671	0.07934430119467899
7700	0.03869132009957894
7738	0.023432653025946465
7743	0.0632176953424138
7853	0.0570003784166514
7859	0.06404031712377664
7924	0.056449781093194006
8036	0.03347411657450668
8037	0.07220525818353299
8089	0.017976394396097863
8098	0.031146729102678603
8105	0.01909943018034699
8173	0.06404031712377664
8283	0.047694085653417526
8293	0.040654146946292276
8330	0.04996043970952615
8378	0.06404031712377664
8431	0.030196833129094252
8497	0.03264619185995375
8504	0.06588189848102088
8505	0.008292005303256104
8651	0.014920694119881716
8653	0.043921265654013913
8719	0.016628374187100007
8761	0.018740928798076158
8766	0.04996043970952615
8805	0.012151129550473917
9008	0.024409991557866457
9203	0.04015861039230109
9306	0.02156538899879337
9329	0.02156538899879337
9333	0.09168467911696501
9376	0.0444107584799714
9390	0.019856785992353132
9421	0.02381237892194198
9426	0.03984504797329419
9549	0.029840428677699236
9580	0.015586931913247688
9609	0.0570003784166514
9628	0.040654146946292276
9630	0.0313478541830584
9658	0.06404031712377664
9713	0.02709522908969761
9717	0.06404031712377664
9723	0.06404031712377664
9747	0.044276710543344734
9749	0.06404031712377664
9790	0.04996043970952615
9826	0.014760746173899929
9850	0.0570003784166514
9891	0.041181001510436466
9894	0.19661509008469893
9938	0.027366084732121522
9939	0.09345213854840848
9965	0.06404031712377664
9986	0.01773562132392634
9988	0.06404031712377664
10058	0.05288227826560774
10059	0.048764178114564107
10090	0.04172423940743886
10093	0.2861645139205052
10128	0.012336924085058541
10137	0.02133542103099893
10171	0.021880343992601053
10178	0.041492948676287306
10224	0.041350400938158276
10228	0.030084660241088145
10289	0.0570003784166514
10329	0.05273200572723149
10403	0.01966208703345372
10421	0.06404031712377664
10559	0.03798944831865153
10675	0.06404031712377664
10699	0.028224890546597003
10728	0.11905839170123698
10773	0.03611958393777529
10824	0.03264619185995375
10873	0.006315126397618704
10880	0.022288289779274762
11134	0.02164321684829242
11241	0.06404031712377664
11279	0.026200368978712963
11306	0.021721645690996227
11356	0.0570003784166514
11372	0.022456169380998144
11378	0.21460250501200456
11430	0.041175106503948095
11454	0.03383715841207831
11465	0.07322997467359937
11567	0.032599920779189266
11585	0.05473402436054277
11599	0.10946804872108554
11605	0.029496108088123387
11760	0.03361420823916703
11762	0.06994083556022174
11797	0.06404031712377664
11802	0.028224890546597003
11876	0.01904919344654864
11889	0.05781738474067357
12055	0.021658997159398743
12215	0.13445683295666813
12300	0.0570003784166514
12309	0.03001706764577921
12467	0.024307915475933153
12494	0.09538817130683505
12525	0.022888425452017816
12581	0.030084660241088145
12584	0.019534330824916544
12624	0.018978518220651677
12638	0.02164321684829242
12639	0.05288227826560774
12640	0.05288227826560774
12661	0.05473402436054277
12718	0.02362074145052948
12729	0.06404031712377664
12807	0.036536046795248626
12820	0.03923465692237694
12834	0.07686999953788999
12835	0.02164321684829242
