315
t_index	tf-idf
82	0.022829131540172097
108	0.05475183185338856
110	0.05475183185338856
153	0.036168833104184735
184	0.04038952092170673
185	0.049045831767492706
231	0.024390342685613808
240	0.021506299777935604
258	0.031236814253349194
272	0.029184161656890785
553	0.030409200143887934
583	0.2989988185578822
587	0.09042433696967643
597	0.05663019874837849
604	0.01749616014176524
612	0.03674297045467937
634	0.0216012010045864
647	0.06469848565768638
705	0.03567250511628789
723	0.03785476274273958
790	0.06010185782851521
847	0.023515017600039365
854	0.043983061596869634
872	0.007197640739343172
892	0.05475183185338856
902	0.009805378492822278
991	0.022091917763979833
1006	0.021227664883675886
1049	0.04986646088172476
1052	0.027716008343072987
1105	0.01804864597006671
1122	0.07981860729070046
1203	0.044169272522552774
1206	0.01972100429696576
1240	0.025239659290939402
1273	0.016277384457641
1446	0.022829131540172097
1471	0.020358602600974347
1488	0.01686540681191515
1553	0.04679533508017366
1636	0.03994886351243827
1654	0.019954651822675116
1737	0.062426004835990534
1884	0.2042891315982355
1885	0.4362770476924478
1886	0.1461989231853433
1915	0.04271411693684031
2057	0.018749419228075836
2069	0.013289468171621762
2076	0.016920891830136797
2083	0.03393000605416414
2121	0.041564531864272766
2157	0.015487442319661482
2317	0.02852434747057565
2429	0.02895860674668504
2451	0.02597350928094924
2577	0.023014182617910384
2615	0.012287092546241808
2664	0.020358602600974347
2710	0.03994886351243827
2782	0.03994886351243827
2813	0.031069526571714315
2853	0.02989826596952468
2891	0.008919978715542357
2909	0.03386732083599103
2955	0.022091917763979833
3100	0.045212168484838215
3157	0.06081840028777587
3167	0.014431651652426797
3182	0.026132841747737553
3202	0.08092965327109418
3241	0.019055569196133368
3320	0.02989826596952468
3365	0.01362564083006633
3433	0.015072772646275849
3438	0.02011398428946343
3476	0.020525595743872117
3579	0.04271411693684031
3587	0.02895860674668504
3696	0.04169136257456202
3721	0.03317445356828998
3735	0.026295152563314064
3808	0.031164687092624554
3824	0.018571111853703623
3825	0.02852434747057565
3834	0.03153119416698515
3929	0.025817047826191337
3939	0.07708705597414305
3966	0.0438736202010137
3981	0.011903940282812695
4018	0.04077647762189954
4134	0.022091917763979833
4144	0.022939749288410916
4148	0.018371485227339685
4159	0.04679533508017366
4182	0.023634790199739644
4209	0.01927176399353576
4210	0.04169136257456202
4219	0.02755866581928618
4235	0.0438736202010137
4241	0.17836252558143942
4298	0.014175903002579246
4304	0.015582343546312277
4415	0.022939749288410916
4430	0.014095126831189308
4440	0.05475183185338856
4442	0.01843751882166223
4472	0.04087692249019899
4544	0.04169136257456202
4587	0.03796885243781885
4598	0.030235762386935223
4638	0.026976551090364724
4640	0.013289468171621762
4644	0.012029788511792587
4682	0.019199099336800956
4683	0.03354401469448385
4695	0.023756237994932122
4700	0.03153119416698515
4708	0.028110037576975038
4828	0.0216012010045864
4836	0.020276295105039945
4885	0.05475183185338856
4895	0.0233760030302511
4953	0.029184161656890785
4990	0.02948982754294386
5091	0.10550940852393094
5094	0.03567250511628789
5139	0.026629169735634405
5214	0.30738615565867405
5239	0.01749616014176524
5288	0.05475183185338856
5332	0.022091917763979833
5357	0.031236814253349194
5402	0.04679533508017366
5411	0.025817047826191337
5412	0.04679533508017366
5476	0.03354401469448385
5484	0.01065509709230303
5534	0.030952087899136494
5556	0.018844626617195603
5684	0.051231025943112345
5690	0.018844626617195603
5713	0.051231025943112345
5769	0.011418030263540267
5780	0.028110775222253956
5794	0.024004351325933513
5797	0.022719905247077166
5838	0.026976551090364724
5861	0.04873297439511443
5874	0.030952087899136494
5882	0.018844626617195603
5888	0.03849827011523537
5913	0.019876068699865312
5925	0.020194760460853365
5946	0.01912703771321385
5970	0.02368338718940462
5985	0.06430339841202334
6006	0.048008702651867026
6017	0.027155596110015855
6018	0.023396874610141526
6061	0.025817047826191337
6073	0.028110775222253956
6141	0.03393000605416414
6216	0.04077647762189954
6342	0.12270560808116827
6343	0.0438736202010137
6348	0.008076269372915187
6391	0.01686540681191515
6484	0.02733841077409644
6515	0.05475183185338856
6554	0.020007232333828912
6556	0.016646945583834873
6580	0.018240905686845763
6603	0.011184905502095053
6620	0.018844626617195603
6671	0.020194760460853365
6732	0.08877391549078287
6796	0.09044992693773184
6828	0.01830595000451593
6909	0.011329873406787259
6958	0.01480693425826375
6985	0.014298493873638164
6995	0.06367181056893091
7096	0.051231025943112345
7134	0.028738762705351285
7281	0.036481811373691525
7296	0.03194534668032138
7303	0.04873297439511443
7544	0.03725567171162332
7566	0.029184161656890785
7604	0.05475183185338856
7635	0.09746594879022887
7650	0.1260897839753754
7826	0.025363899319646735
7911	0.10950366370677712
7929	0.045658263080344194
7946	0.022400235683508626
8016	0.08155295524379907
8036	0.01907932673710067
8037	0.006859168884283147
8089	0.015369076349247519
8103	0.01196663640938527
8105	0.016329225661214582
8170	0.045212168484838215
8183	0.02733841077409644
8204	0.05475183185338856
8326	0.026132841747737553
8376	0.026976551090364724
8388	0.015072772646275849
8391	0.03067640202029207
8411	0.03994886351243827
8413	0.04077647762189954
8414	0.017798747405546104
8495	0.04271411693684031
8497	0.027911148595890025
8505	0.007089322796665604
8651	0.012756578547364788
8719	0.07108287313190895
8722	0.021227664883675886
8761	0.03204544350851213
8792	0.026629169735634405
8865	0.018571111853703623
8917	0.01767644431601096
8927	0.02752515723620973
8950	0.03067640202029207
8991	0.02493323044086238
9130	0.02752515723620973
9280	0.020695863469935637
9307	0.035231865482931043
9364	0.02521795679507508
9390	0.033953467335294946
9422	0.028315099374189245
9426	0.03406587388703033
9443	0.010414988454124783
9472	0.05475183185338856
9495	0.017402484636590852
9501	0.0438736202010137
9510	0.022939749288410916
9552	0.03725567171162332
9692	0.02493323044086238
9713	0.023165304198616666
9735	0.02521795679507508
9755	0.025363899319646735
9785	0.024522915883746353
9820	0.014850679317063471
9888	0.051231025943112345
9891	0.042249670923314546
9939	0.03994886351243827
10087	0.020695863469935637
10137	0.018240905686845763
10178	0.017737380536658
10179	0.021136738651741736
10181	0.025663355746614575
10209	0.030509260190725394
10224	0.01767644431601096
10477	0.016174621414421594
10558	0.014381193315940493
10620	0.02989826596952468
10687	0.026629169735634405
10727	0.019798190367917214
10739	0.025817047826191337
10775	0.03153119416698515
10873	0.01079834561053229
10926	0.05475183185338856
10948	0.009374709614037918
11065	0.02895860674668504
11126	0.03520301911516491
11175	0.024186806542176503
11209	0.03535288863202192
11265	0.03067640202029207
11350	0.024131118187636497
11370	0.04169136257456202
11377	0.03281998084868463
11400	0.023515017600039365
11437	0.018706792361157885
11452	0.0670880293889677
11453	0.06107580780292303
11454	0.04339406387214955
11499	0.036168833104184735
11541	0.020276295105039945
11543	0.02733841077409644
11544	0.0512926349968344
11553	0.023756237994932122
11557	0.03281998084868463
11567	0.013935794364400995
11577	0.041051191487744235
11592	0.0069117424604634835
11678	0.03725567171162332
11695	0.07699654023047074
11751	0.023634790199739644
11775	0.010547561652257327
11777	0.179201885468069
11876	0.016286275324218676
11889	0.016477160376983404
11994	0.04873297439511443
12055	0.01851754994111569
12057	0.024390342685613808
12252	0.03281998084868463
12258	0.04679533508017366
12392	0.03567250511628789
12447	0.051231025943112345
12480	0.023396874610141526
12489	0.014850679317063471
12551	0.023165304198616666
12581	0.012860572314958288
12591	0.038111138392266736
12612	0.014677006011661515
12638	0.03700811685094446
12737	0.02141242453058616
12748	0.0130011968588757
12766	0.0069117424604634835
12829	0.027665546388627567
12834	0.1708737720793637
12835	0.22204870110566674
12839	0.0163813782252345
