112
t_index	tf-idf
91	0.0448241048213402
278	0.10609899926179209
294	0.08549142811954367
320	0.056677652493098744
392	0.10052710743775288
647	0.049542621983513585
717	0.08209143761972211
764	0.1458602654504464
1123	0.14362507312342834
1203	0.03382245426035955
1208	0.0751133223111295
1301	0.028078778149943136
1329	0.09082867652428545
1420	0.1401741072540417
1654	0.061120798239021806
1665	0.08610288147195254
1694	0.08373714079041454
1710	0.059253572101458804
1716	0.1401741072540417
1740	0.07814390340838692
2116	0.09480577944285944
2157	0.047437802757493354
2172	0.22156918300019393
2233	0.10718095043555488
2241	0.08054165659058629
2529	0.09082867652428545
2577	0.035246047511259676
2909	0.025933773514412086
3145	0.13083269738076583
3267	0.09948395219165135
3365	0.04173513281276663
3433	0.0461676757881997
3605	0.10516439309252507
3680	0.10052710743775288
3711	0.10782631778608374
3719	0.10052710743775288
3824	0.05688303613469697
4130	0.033138248056716856
4200	0.046865801154353015
4219	0.042205889339626816
4262	0.08430914239355489
4304	0.09545696757314776
4359	0.15188909551053895
4365	0.0743072894328531
4472	0.04173513281276663
4478	0.17220576294390508
4505	0.0720261450358082
4510	0.0923489216820662
4516	0.08209143761972211
4540	0.08489371646179433
4587	0.08722351772314738
4708	0.08610062207556389
4889	0.22657706378002063
5109	0.0692603254858358
5195	0.05793443980679791
5335	0.13083269738076583
5414	0.04404937870683081
5474	0.0552827309956087
5508	0.07768924191948956
5857	0.10231011609230337
6131	0.10646206750024398
6348	0.024737491550968323
6524	0.20785419587514883
6559	0.04603022303048449
6702	0.08373714079041454
6850	0.08004450100506061
7179	0.1967578023168116
7284	0.10646206750024398
7296	0.048924058071131336
7327	0.035987476689306915
7743	0.08277490802654426
7832	0.04048193508668637
8037	0.021009531070206547
8485	0.13083269738076583
8761	0.04907735561033621
9174	0.09657957322641769
9203	0.10516439309252507
9329	0.11294768537594159
9376	0.05814980170753471
9390	0.10399895948861364
9891	0.032352526557674455
9894	0.23763739776544646
9986	0.04644473089156324
9998	0.032535123851615354
10181	0.07860647244882817
10224	0.05414268293042919
10329	0.09206044606096898
10430	0.10646206750024398
10558	0.04404937870683081
10773	0.047293644955141094
10831	0.07276499947528402
10873	0.033075170102772104
10974	0.0743072894328531
11134	0.056677652493098744
11306	0.17064910840409092
11353	0.1179196220096821
11624	0.10392709793757442
11669	0.0867287232744943
11734	0.0975128987937191
11744	0.07907722897568836
11876	0.016628205409654397
11889	0.10093858854597602
12055	0.05671897680248337
12196	0.041618734161246854
12528	0.12004852186154101
12537	0.033996291803529276
12591	0.058366921684051117
12624	0.09939907436901224
12643	0.07166427483566296
12768	0.063391118360225
12834	0.04026029172550594
12835	0.056677652493098744
