110
t_index	tf-idf
3	0.02662142834604344
171	0.07667738118950977
194	0.08385492514450167
222	0.051744599246074996
263	0.07478443502741695
277	0.03685620453976744
289	0.08114836207536442
307	0.06867960349062355
319	0.0809012555463475
355	0.03685620453976744
395	0.06459002955668179
433	0.03468245632540997
471	0.07667738118950977
525	0.08245327093019414
692	0.098478788594097
742	0.04996616610708646
743	0.11675361978418003
979	0.07667738118950977
1203	0.02405180174316459
1223	0.06567110530755665
1253	0.06036956460526823
1260	0.08114836207536442
1437	0.40770863818184255
1561	0.041818477373407374
1635	0.1192575860641932
1759	0.08114836207536442
1894	0.046843901105580295
1944	0.07023957249863473
2577	0.02506414645268754
2609	0.06459002955668179
2645	0.05021021693240996
2694	0.11158875016141602
2804	0.14006231044244724
3009	0.05914890389213994
3167	0.01571713567133579
3365	0.02967866058477553
3369	0.04725960303794921
3796	0.10192715954546064
3812	0.07225886545945896
3894	0.1192575860641932
3981	0.025928542200779187
4344	0.04329301675127978
4353	0.07807700753619641
4587	0.020675443789199877
4708	0.030613909271387525
4859	0.02943141946231376
5195	0.04119830127074856
5415	0.060794608931770994
5418	0.06356741962219076
5544	0.025260144854724723
5561	0.11049264668024425
5637	0.1192575860641932
5690	0.04104638337335745
5989	0.2649429383852513
6155	0.04452504044254462
6547	0.048564511892778904
6554	0.04357871054154039
6593	0.11158875016141602
6601	0.03414964147063019
6903	0.2385151721283864
7178	0.23309997337200242
7206	0.03159782113296285
7743	0.02943141946231376
7778	0.10741555645519621
7803	0.04902028518873716
8021	0.0429552635520114
8035	0.04045062777317375
8139	0.08245327093019414
8285	0.07390457049909001
8509	0.09129791159239013
8766	0.09303766292955518
8956	0.06459002955668179
9178	0.046843901105580295
9261	0.03534230265749114
9495	0.018952592443266258
9554	0.06803840050804541
9891	0.02300650770833155
10128	0.022974148972398502
10211	0.03178234627014143
10329	0.03273298235546472
10331	0.1911264649950263
10335	0.09080995269131983
10403	0.03661526272678584
10477	0.03523071722150506
10490	0.08245327093019414
10687	0.05800226940477947
10727	0.043123386228237075
11032	0.09580161204105468
11316	0.03661526272678584
11409	0.1192575860641932
11432	0.06259727484350358
11567	0.0303542208457194
11720	0.05556964192330453
12052	0.27307904535099425
12196	0.029595887251179617
12236	0.07390457049909001
12434	0.06746787907652255
12458	0.16229672415072885
12479	0.18607532585911035
12488	0.025260144854724723
12516	0.06193160355195758
12545	0.09080995269131983
12564	0.034360969664020795
12566	0.039934725023443925
12739	0.11574773769450122
12742	0.1545385507150239
12766	0.04516439140554062
12795	0.10861652567613517
12829	0.012051930201310656
12834	0.02862987254708892
