241
t_index	tf-idf
1	0.04894151467888923
15	0.0244317741449614
91	0.02602042342977736
211	0.05606450814879741
536	0.0953082710893258
554	0.10815770307876918
578	0.049627832349433396
638	0.043135432211494816
665	0.0507181397169432
678	0.043135432211494816
716	0.043367611103081266
902	0.03486919775391686
983	0.021963773289086778
1075	0.027287974301002205
1076	0.06431053094796077
1100	0.03243351330449757
1105	0.032091663059278165
1123	0.027791484311845187
1203	0.01963395777331486
1273	0.028942245217025302
1320	0.05109938391003157
1471	0.03619891575865389
1475	0.03466067033480292
1497	0.03008644305926489
1511	0.020354603491799742
1600	0.04483916266367944
1737	0.02219949703325111
1895	0.0953082710893258
2069	0.04725907256511063
2129	0.03928086253067006
2223	0.1179726598720907
2281	0.05230307934164157
2464	0.027205629544026954
2501	0.0832051406310233
2532	0.06524655118239747
2534	0.05406953001007851
2577	0.04092070925340149
2640	0.034929191978364145
2757	0.06259325103871076
2891	0.03172060130270926
2909	0.03010914643657
2986	0.03243351330449757
2990	0.051490280873259374
3046	0.07250322172402607
3093	0.038751452768853036
3095	0.13937649768608518
3112	0.051891332131713507
3115	0.05997557419689752
3159	0.045904385370374674
3164	0.04483916266367944
3167	0.012830206293221564
3181	0.08738145864061381
3193	0.07605194635777746
3215	0.049280860324324556
3241	0.033882037858090464
3378	0.03619891575865389
3433	0.02680036729268291
3434	0.08039016775003982
3526	0.09735230790338921
3699	0.06524655118239747
3785	0.05660630427737191
3818	0.05660630427737191
3824	0.03302064128431794
3939	0.06853289245788145
3981	0.02116597783941027
4130	0.019236775605304506
4138	0.038072679493931796
4162	0.0476541355446629
4271	0.058356054451660144
4285	0.07250322172402607
4298	0.17643972430507535
4344	0.0353409391882922
4358	0.034266446228940727
4361	0.09735230790338921
4421	0.044085861784667654
4457	0.013971914478867002
4473	0.06431053094796077
4640	0.023629536282555316
4661	0.0780101420913664
4833	0.09109208665703707
4881	0.07250322172402607
4895	0.02078202470599823
4920	0.028850615242831047
4949	0.06734303183159
4953	0.051891332131713507
4970	0.025719153279187727
4985	0.03231872017097518
5017	0.09735230790338921
5020	0.08039016775003982
5041	0.03726413846534912
5053	0.05406953001007851
5119	0.06259325103871076
5146	0.0832051406310233
5155	0.05360861204096352
5239	0.12443722970286113
5304	0.0476541355446629
5332	0.03928086253067006
5365	0.08039016775003982
5515	0.0244317741449614
5520	0.08665038899639196
5576	0.09735230790338921
5577	0.06624300047767392
5609	0.051891332131713507
5728	0.051891332131713507
5797	0.04039746500303432
5857	0.029695546096037084
5882	0.03350696827229699
5886	0.06730822318436916
5902	0.06524655118239747
5970	0.04211059838202305
6117	0.049280860324324556
6168	0.12881909690787616
6173	0.0343967390303078
6284	0.09735230790338921
6295	0.15189694017878944
6303	0.07594847008939472
6385	0.05606450814879741
6388	0.045858125852578875
6499	0.0780101420913664
6500	0.09109208665703707
6554	0.023716104423965635
6609	0.04483916266367944
6668	0.04078836196626213
6708	0.03530845424566821
6732	0.03946144476859762
6744	0.03726413846534912
6805	0.024639020281294957
6828	0.032549166319690716
6909	0.02014524970337976
6958	0.026327689398149726
7001	0.03557503901509668
7082	0.12209600387603406
7133	0.043348182290850155
7281	0.03243351330449757
7296	0.02840044908845079
7416	0.1509286673395901
7470	0.08039016775003982
7743	0.16817811703740929
7821	0.05243482590073085
7862	0.026327689398149726
8006	0.06624300047767392
8036	0.016962140153349372
8037	0.02439209423977483
8055	0.14825989300737544
8060	0.022378682085047206
8089	0.018218142995338478
8212	0.028223994535438907
8232	0.07412994650368772
8386	0.02337112681401016
8388	0.02680036729268291
8504	0.10015182863301124
8505	0.012605275702474827
8556	0.09735230790338921
8559	0.11433561270067667
8589	0.08817172356933531
8700	0.06104800193801703
8709	0.027042245952350365
8761	0.028489438414545588
8855	0.058356054451660144
8880	0.033882037858090464
8885	0.10545221737938645
8997	0.03823959577189199
9004	0.06524655118239747
9008	0.03710738985672914
9053	0.07594847008939472
9109	0.02513369525830416
9260	0.1256684762915208
9269	0.045098657937305046
9284	0.0780101420913664
9381	0.034929191978364145
9390	0.030185733467918013
9434	0.07250322172402607
9443	0.018518524923718117
9449	0.04618258398406473
9480	0.04894151467888923
9495	0.015471373151148198
9570	0.03774416485934761
9597	0.06431053094796077
9670	0.045362589241800165
9891	0.01878066373905639
9894	0.09196578101973223
9938	0.04160116043464433
9998	0.009443330796382522
10068	0.07250322172402607
10128	0.03750849733576489
10173	0.09126222177072278
10178	0.03153821293191022
10278	0.09109208665703707
10329	0.2939263346035817
10375	0.027042245952350365
10558	0.025570694391752188
10665	0.03452814071991
10722	0.032549166319690716
10747	0.041393914298310776
10861	0.05109938391003157
10867	0.029599348866866423
10976	0.02813651778395567
11071	0.0507181397169432
11120	0.09735230790338921
11299	0.06968824884304259
11305	0.017877024716675582
11374	0.041811226332712524
11404	0.03562166701901389
11437	0.033261890025977306
11454	0.025719153279187727
11481	0.1031902170909234
11514	0.028942245217025302
11516	0.0484545461427338
11592	0.01228952634793581
11596	0.09735230790338921
11599	0.0832051406310233
11623	0.038278112515988776
11640	0.04020566619698896
11657	0.09109208665703707
11710	0.048284411029048104
11876	0.009652684584802498
11889	0.029297459757857157
11897	0.05454463227540023
11940	0.07250322172402607
11984	0.06968824884304259
12188	0.019583747630413352
12196	0.0483194071494947
12467	0.07390443327533132
12488	0.020620351968701493
12512	0.04078836196626213
12516	0.025277991685558086
12537	0.019734870585724557
12581	0.0686007949015574
12584	0.029695546096037084
12595	0.14206334032685577
12612	0.026096668549341624
12632	0.0426812934325371
12657	0.05660630427737191
12685	0.051490280873259374
12737	0.07614535898786359
12748	0.04623394238596642
12755	0.04675448659992031
12758	0.05606450814879741
12829	0.009838227139333536
12834	0.04674225362802032
12855	0.07820473599089606
