20
t_index	tf-idf
871	0.15997299809542054
3167	0.07024145761783035
3824	0.18077791753912714
3878	0.3129762651581926
4219	0.13413300873457726
5369	0.10558423319417712
5515	0.13375649532918032
6017	0.2643423911812401
7281	0.17756357131831987
7832	0.12865417214362398
8326	0.254386530421624
8777	0.12936448825433014
10228	0.12518946090973312
10476	0.21805199339439407
10531	0.4743843931390382
11147	0.29601414925225716
11430	0.34267891641934434
11658	0.19817799877592268
12737	0.20843628246906062
12834	0.1279497754026397
