304
t_index	tf-idf
3	0.03489209008694958
56	0.02699883005304434
177	0.04544333545454279
190	0.022658120290920368
356	0.02917897007726178
554	0.028942870384881077
569	0.03753433200927824
612	0.02622389903866032
631	0.027302392794760516
665	0.04071633833386915
697	0.038506976624416725
729	0.02761357714924139
762	0.042328328531354445
848	0.04735401140801165
854	0.03139123898951387
863	0.02750897856158544
872	0.020548170355240904
983	0.03526487482852632
1105	0.05152614106552458
1116	0.043159253069640344
1122	0.028483749042277465
1254	0.07815407915786034
1265	0.03599671691057443
1301	0.026170759979575953
1311	0.06956261753346317
1416	0.05024963456728608
1441	0.06679678466042312
1454	0.04458817853497159
1507	0.2067924063875246
1675	0.09547857286046527
1676	0.10475938856933772
1686	0.058205323036025956
1764	0.03730264565469723
1830	0.06262625870333711
1864	0.0496138614116288
1921	0.15074890370185826
1975	0.043036799016108664
1995	0.0496138614116288
2027	0.059511251780148766
2057	0.0401450566559699
2069	0.05690911768387779
2076	0.02415328720060457
2087	0.025059627368733857
2109	0.09535790615374927
2121	0.029665105289794415
2237	0.03153453375401839
2264	0.06335900903734289
2280	0.0437882326602717
2281	0.041988722107369744
2349	0.021198216162003108
2389	0.042677502581502734
2430	0.05984626836550316
2436	0.0355902916774415
2440	0.026413137204221723
2464	0.04368116114994094
2506	0.03564335115964912
2534	0.1302204668623639
2633	0.05237969428466886
2645	0.06580936941917724
2665	0.040417652577885585
2685	0.038256566914191575
2762	0.02622389903866032
2788	0.039023503823764794
2827	0.10635928031873751
2842	0.05702396678850902
2891	0.012732591751225247
2898	0.03227696277804003
2909	0.06042878347359083
2941	0.04340682228745464
3061	0.03753433200927824
3077	0.08347638072532175
3167	0.0103000430071695
3170	0.06679678466042312
3227	0.06453693465680597
3238	0.02514540528256012
3474	0.09920013395547529
3547	0.053179640159368755
3557	0.04458817853497159
3587	0.04133621044939889
3640	0.040125995378415553
3729	0.03481536066305748
3808	0.022242611247135717
3871	0.02197314717638713
3900	0.04656648597992014
3902	0.040125995378415553
3908	0.04843250516411185
3973	0.04340682228745464
3981	0.016991970125211572
4120	0.07506866401855648
4130	0.01544321357939399
4177	0.049009114202282746
4276	0.027825460241773917
4365	0.034628968292269115
4426	0.021073643665397254
4428	0.040417652577885585
4435	0.07815407915786034
4457	0.02243320438282514
4503	0.07312839628120313
4587	0.04064823858639665
4598	0.021579626534820172
4644	0.017171608908365135
4808	0.050919790155751606
4856	0.03274474882500173
4859	0.03857508041706851
4895	0.016683733944397334
4990	0.07015747961074065
5073	0.05024963456728608
5230	0.04735401140801165
5362	0.023533415085074835
5369	0.015482624929226651
5414	0.020528060573537593
5421	0.0992277228232576
5494	0.051628260640505824
5515	0.019613739536479997
5544	0.03310788731632592
5594	0.027302392794760516
5701	0.12525251740667423
5769	0.0162983704989652
5792	0.029915515000019568
5793	0.06453693465680597
5855	0.03043204219936763
5885	0.030698608582416402
5946	0.027302392794760516
5956	0.053179640159368755
5978	0.025672925705759193
5995	0.06679678466042312
6323	0.03339726048297259
6403	0.10183958031150321
6428	0.08753691023178535
6475	0.060971155909066016
6506	0.07815407915786034
6547	0.03182619095348842
6554	0.00951960124204803
6601	0.044759144819040114
6603	0.015965602618094394
6692	0.03929007020681356
6696	0.025945351157260012
6726	0.023917187508223865
6732	0.03167950451867144
6846	0.051628260640505824
6909	0.0161725332853459
6947	0.08129758149844436
6958	0.021135773414930215
7033	0.1079901507317233
7035	0.06262625870333711
7056	0.03153453375401839
7097	0.040417652577885585
7103	0.03481536066305748
7133	0.017399881641586224
7165	0.029665105289794415
7170	0.03408604095710557
7177	0.0685287746603127
7327	0.03354204409027475
7343	0.28539886272986015
7356	0.038762549783614486
7358	0.14702734260684824
7481	0.02058750845286462
7497	0.04735401140801165
7501	0.01726241414291719
7531	0.025494579332708413
7565	0.04102239978723164
7574	0.020293079904231678
7754	0.022242611247135717
7761	0.05237969428466886
7778	0.03519677103587454
7798	0.05495335495045326
7811	0.012420362166817581
7843	0.05702396678850902
7921	0.05403479707893995
7929	0.0325868503956803
7959	0.06679678466042312
8089	0.014625459020240995
8112	0.17419860160139203
8176	0.03730264565469723
8210	0.04843250516411185
8212	0.022658120290920368
8386	0.01876225571193627
8390	0.03579183854220658
8437	0.13912523506692634
8452	0.11641064607205191
8505	0.040477878183864786
8719	0.08117231961692671
8754	0.030300878445451707
8778	0.03043204219936763
8805	0.029658202313697413
8810	0.06453693465680597
8877	0.008467568316759915
8880	0.027200376917809414
8890	0.040125995378415553
8922	0.03620503877363855
8980	0.05495335495045326
9000	0.10527262790558484
9006	0.039023503823764794
9050	0.06262625870333711
9067	0.0344453373917115
9068	0.02197314717638713
9156	0.06713180124577751
9172	0.06453693465680597
9186	0.02670252449084235
9261	0.023161169118649027
9307	0.02514540528256012
9364	0.07199343382114887
9397	0.053179640159368755
9443	0.0297332090824462
9495	0.012420362166817581
9497	0.033910224405286044
9502	0.10388690487680735
9511	0.07815407915786034
9529	0.08465665706270889
9580	0.03804423104968846
9662	0.08535500516300547
9692	0.071180583354883
9701	0.03685187383014564
9783	0.02804102844183455
9785	0.03500459882861889
9820	0.042396432324006215
9826	0.018013847787080216
9831	0.08681364457490928
9872	0.04788153183121072
9891	0.020102731506628838
9998	0.007581071660948739
10038	0.03707521066667463
10116	0.06818623937900505
10128	0.0150558427067845
10190	0.12556495595805547
10205	0.04102239978723164
10351	0.03730264565469723
10357	0.029915515000019568
10396	0.09088667090908557
10419	0.0520750133357439
10514	0.07312839628120313
10541	0.02670252449084235
10559	0.0463618933260561
10696	0.02689927241675435
10727	0.02826041220574847
10792	0.03730264565469723
10809	0.04735401140801165
10835	0.038256566914191575
10873	0.02312072662370411
10876	0.029060358080448368
10882	0.05403479707893995
10896	0.04544333545454279
10976	0.02258789427258418
11016	0.022518063895886776
11032	0.12556495595805547
11055	0.03929007020681356
11064	0.03707521066667463
11111	0.06956261753346317
11132	0.030300878445451707
11153	0.02095031071667778
11175	0.051787242428751566
11176	0.0496138614116288
11316	0.02399538877128314
11336	0.05403479707893995
11418	0.0325868503956803
11511	0.12525251740667423
11516	0.019449566817437394
11519	0.025318762780888886
11537	0.04814817310724763
11543	0.11707051147129437
11544	0.014643267704694107
11567	0.01989228741788031
11577	0.029298728101451503
11592	0.009865987111084686
11702	0.08347638072532175
11711	0.03356590062288876
11714	0.0463618933260561
11751	0.03373686690695728
11775	0.0451675281203535
11791	0.1350251504717047
11814	0.034628968292269115
11833	0.14074839699372155
11857	0.02217469404115221
11876	0.030996560487304044
12052	0.03579183854220658
12053	0.07312839628120313
12055	0.013216197658763999
12082	0.04544333545454279
12098	0.050919790155751606
12183	0.030564608800784293
12193	0.03136316720079426
12339	0.0355902916774415
12420	0.02978967778640027
12434	0.044214293916038476
12458	0.053179640159368755
12470	0.04340682228745464
12479	0.060971155909066016
12480	0.03339726048297259
12494	0.058205323036025956
12520	0.029665105289794415
12581	0.01835748965276733
12584	0.023839476538437317
12590	0.05360101615366243
12591	0.027200376917809414
12670	0.03984104353971469
12699	0.025318762780888886
12719	0.04559955473023341
12739	0.03034157625578635
12742	0.025318762780888886
12786	0.04458817853497159
12829	0.007898093010630257
12839	0.023383172529424543
12867	0.033066711318491766
12868	0.10565254881688689
