127
t_index	tf-idf
16	0.04069589623815385
189	0.04362710056588426
240	0.059108666855938755
277	0.046505971200078676
278	0.047601638079149515
294	0.0767119774650249
433	0.043763087793729734
632	0.04978037117096993
647	0.044454895476108314
716	0.06703527130153843
730	0.10239479177891138
841	0.06099733392567862
983	0.03395039440239781
1174	0.11739697363725944
1203	0.06069818708384413
1329	0.08150112286071624
1654	0.1096881266411859
1735	0.10580999271227605
1884	0.0802107711070233
1885	0.07053406494353685
2069	0.03652523934660761
2508	0.08585235332934106
2521	0.0874989160825936
2565	0.07053406494353685
2577	0.09487947722551324
2674	0.08506980145430716
2697	0.08431209673811883
2846	0.1408051443729136
2994	0.07839731470920369
3103	0.08585235332934106
3115	0.13906042270341648
3181	0.045023153129759866
3240	0.13393941208682975
3272	0.10085453518768914
3337	0.15048185053640006
3365	0.07489837608879246
3378	0.055954295774675214
3605	0.09436464836867746
3640	0.07726063827023819
3824	0.05104149365718143
3835	0.1408051443729136
3939	0.10593438103088938
3981	0.03271720601475342
4119	0.1463770838132482
4120	0.07227051742232386
4130	0.02973515116161844
4134	0.060718199820667874
4162	0.07366114534839557
4219	0.15148640293553065
4229	0.10239479177891138
4342	0.05399162649396654
4344	0.05462808271608982
4520	0.1408051443729136
4540	0.07617564716585462
4640	0.03652523934660761
4695	0.06529247578114186
4889	0.06776965828854851
5362	0.04531243781006308
5474	0.04960553014052053
5531	0.11979973457676797
5544	0.03187380751200531
5842	0.045023153129759866
5857	0.13770523243234975
5934	0.03830162487102264
5970	0.06509225007804209
6227	0.13783086323753568
6612	0.039411857325104896
6625	0.03525079275439334
6660	0.058092952125062075
6708	0.027288934637999415
6796	0.16573049614022106
6805	0.03808564426651952
7057	0.08286524807011053
7144	0.2816102887458272
7281	0.050133943473648586
7327	0.06458356262227699
7416	0.09331889772060986
7531	0.04908856348859135
7743	0.11141164124061771
7821	0.05403391594938751
7965	0.33621449382719343
8037	0.03770395955381141
8089	0.014080302410477556
8105	0.044879815197890284
8142	0.15048185053640006
8326	0.07182441669722979
8464	0.054201898285162836
8504	0.05160306530605037
8523	0.1408051443729136
8761	0.044037409134851865
8805	0.028552707778268672
8927	0.07565110530550907
9186	0.05141440271158727
9372	0.07414329697749804
9495	0.02391479886059182
9891	0.019353412326972907
9894	0.14215565313159717
9998	0.014596982075424902
10023	0.05834285696259137
10066	0.09940768651968085
10121	0.04473733301996651
10284	0.08286524807011053
10475	0.06214771053374333
10695	0.05859540634485333
10755	0.12861393639196814
10773	0.04243687473514435
11147	0.08357770975110874
11179	0.10404135453216388
11306	0.05104149365718143
11316	0.046201945510094065
11454	0.03975525452896585
11623	0.02958410196172655
12052	0.06891543161876784
12098	0.09804356131028653
12188	0.12108592584315486
12196	0.07468948565547653
12371	0.05550398630361916
12480	0.06430478887957627
12516	0.039073331168085104
12537	0.030505079024765604
12590	0.05160306530605037
12659	0.048416245961575614
12670	0.0767119774650249
12739	0.02921060930127289
12834	0.07225160836624996
12835	0.10171440333740701
12838	0.06632280962054024
