70
t_index	tf-idf
647	0.12246461207588169
872	0.027248127125229064
901	0.07030470607966784
902	0.03712024666957607
957	0.10349509223244313
1049	0.09438979483675189
1105	0.06832680563541296
1171	0.07268207991536864
1203	0.0836058644984019
1257	0.1617029427399756
1391	0.24849337242529582
1454	0.11825328834627252
1582	0.15783109891080102
1664	0.15436761658403775
1681	0.11318594265318417
1737	0.09453051505576869
1884	0.11048255611362506
1885	0.1943076641826236
2057	0.07097972476706946
2157	0.058630850365184936
2440	0.07005086174333629
2577	0.04356242527001183
3193	0.05397441850015896
3241	0.0721387174913684
3365	0.10316524732081583
3433	0.05706103431231813
3474	0.08769695189817314
3939	0.21887150008178716
4219	0.05216445616276626
4587	0.03593469566942998
5091	0.17118310293695438
5414	0.05444292065638729
5474	0.06832680563541296
5508	0.09602017912279324
6006	0.18174666954755106
6017	0.20560602057351693
6018	0.08857360860280424
6348	0.03057435381122803
7085	0.18448854695542755
7460	0.12424668621264791
7544	0.14103889256172447
7990	0.20727415117087952
8041	0.09283646595878822
8278	0.12052126880912206
8326	0.1978623329151677
8651	0.04829261233359163
8664	0.41454830234175905
8722	0.08036162574223525
8761	0.06065725910237412
8895	0.12052126880912206
9495	0.03294031550371223
9539	0.06009209885183397
9665	0.10280301028675846
9891	0.026657448044626563
9894	0.048951405488375566
10116	0.06027940806634241
10137	0.06905464374147746
10225	0.13692444484023455
10228	0.04868630180799541
10329	0.05689114929232511
10873	0.02043966242505137
11640	0.08560244243527057
11699	0.07867547778174402
12055	0.03505096830446578
12063	0.10962867230786476
12166	0.10492456432395923
12188	0.12508808740929706
12196	0.05143876050648291
12834	0.04975979077032534
12838	0.09135323640933068
