261
t_index	tf-idf
16	0.024136909709862087
67	0.038926027299627665
184	0.032919651114400726
191	0.03794944390472463
227	0.05241075885246394
392	0.053500130452864815
541	0.08351213194874431
543	0.04649778187849868
550	0.07628147447487467
587	0.07370074111705924
604	0.028520639738464967
612	0.029947514619434765
638	0.03954604662944322
647	0.13183194098846307
697	0.04397470580976065
738	0.04702158969274289
790	0.1306300674624543
831	0.04518010137859428
847	0.038332030570150034
858	0.029734655797758153
872	0.0234658710060245
902	0.031967662072949175
983	0.020136123787749698
1020	0.024497103315444115
1105	0.029421251595119127
1203	0.03600035376101413
1206	0.03214737715459275
1212	0.05981725517014424
1287	0.08351213194874431
1301	0.014943415087410053
1329	0.048338663737233986
1399	0.0664700836431896
1420	0.07460010752670601
1425	0.08925142766519943
1426	0.08925142766519943
1470	0.17850285533039886
1475	0.0317764866374194
1497	0.027582889961601388
1605	0.17843405167944945
1654	0.03252824797725018
1716	0.024866702508902005
1737	0.04070446497546347
1783	0.07370074111705924
1806	0.048338663737233986
1851	0.07370074111705924
1884	0.04757335060613629
1885	0.04183405488968117
1905	0.03813944467557664
1982	0.061707371321637505
2096	0.07628147447487467
2109	0.02722452031644932
2118	0.07151876215332258
2120	0.04134590841629985
2233	0.028520639738464967
2244	0.047950835507261695
2349	0.024208218902979646
2353	0.038926027299627665
2364	0.06796144540060413
2411	0.053500130452864815
2577	0.03751561519797798
2615	0.020029294262574365
2682	0.0696286460018293
2689	0.033052561432676694
2868	0.05241075885246394
2906	0.06512098283094508
2909	0.013801852072737916
2994	0.04649778187849868
3000	0.03106264572630262
3048	0.06275635817311172
3069	0.07944003683351437
3102	0.07944003683351437
3144	0.05981725517014424
3167	0.011762579168081386
3193	0.023241170600991626
3214	0.025956074109302892
3252	0.04757335060613629
3305	0.03445517779031898
3359	0.031654985076831336
3365	0.02221127322631104
3471	0.038926027299627665
3760	0.06275635817311172
3839	0.0726905878836245
3908	0.05530959199926002
3939	0.06283013341565119
3946	0.032273198826582306
3980	0.04914773221970245
4130	0.017636045035032355
4182	0.07705454581109784
4219	0.04492361598979447
4235	0.07151876215332258
4260	0.025017287385448117
4304	0.025400910997864724
4310	0.08925142766519943
4344	0.03240014895912152
4442	0.03005515654423709
4505	0.038332030570150034
4587	0.015473337476446879
4598	0.07393136087590173
4620	0.019870546674605343
4640	0.021663275311126648
4644	0.01960986076343406
4682	0.03129661543167927
4708	0.0229112058952248
4920	0.026449897849338926
4990	0.03204774611445707
5091	0.1474215307888181
5120	0.060730787926734475
5135	0.03460339741581152
5139	0.08681687300649467
5204	0.0664700836431896
5298	0.08925142766519943
5332	0.03601222340061944
5445	0.08925142766519943
5450	0.031415066707825595
5484	0.017368964566260536
5508	0.04134590841629985
5515	0.022398757356584437
5533	0.05468038419466735
5534	0.10091052447757344
5609	0.04757335060613629
5673	0.04518010137859428
5682	0.051399268300789544
5725	0.029216105324658816
5769	0.03722525685987079
5772	0.08351213194874431
5816	0.051399268300789544
5885	0.03505760253129722
5984	0.07370074111705924
6006	0.07825939529305433
6030	0.07628147447487467
6061	0.04208458965826738
6070	0.08925142766519943
6076	0.0664700836431896
6141	0.05530959199926002
6312	0.04684730197981945
6332	0.07944003683351437
6342	0.20002345735383667
6343	0.14303752430664515
6348	0.026330391051447327
6391	0.027492443360589532
6488	0.14084920731819917
6547	0.03634529394181225
6560	0.040874036557987686
6580	0.029734655797758153
6603	0.018232609769759614
6732	0.03617777902937768
6850	0.04259936802077886
7107	0.04914773221970245
7133	0.019870546674605343
7282	0.05294496734142664
7283	0.16702426389748862
7321	0.029216105324658816
7324	0.047205671624971524
7327	0.038304786571911116
7603	0.0696286460018293
7726	0.016849462410981328
7805	0.040643871407101656
7826	0.04134590841629985
7832	0.02154432633469732
7932	0.040874036557987686
8012	0.044564576363754445
8089	0.008351087440866437
8156	0.03617777902937768
8193	0.06796144540060413
8287	0.08925142766519943
8325	0.06388935028537418
8386	0.02142636861125932
8442	0.05294496734142664
8505	0.023112731003271082
8537	0.03933634138801739
8651	0.020794607393672063
8709	0.024792006584126447
8719	0.02317455944325442
8723	0.07944003683351437
8761	0.02611877526726254
8873	0.047950835507261695
8877	0.009669905515704912
8965	0.03332218567805651
9048	0.04397470580976065
9063	0.05596807560518238
9068	0.02509318485896147
9109	0.023042270210294674
9247	0.06275635817311172
9307	0.028715882073863854
9376	0.061894190660716976
9426	0.055531071311396195
9507	0.050919397095049404
9514	0.03189904017265751
9516	0.05530959199926002
9538	0.043408436503247334
9595	0.04313357650974158
9729	0.07944003683351437
9735	0.04110800626336434
9891	0.03443577429873073
9894	0.021078281114048573
9911	0.047205671624971524
9938	0.03813944467557664
10121	0.026533903110127186
10128	0.03438734025818406
10131	0.024717702765748428
10135	0.029421251595119127
10178	0.02891385515970954
10205	0.04684730197981945
10282	0.060730787926734475
10329	0.024497103315444115
10475	0.03686007230432375
10558	0.023442905771881947
10695	0.034753185532069374
10773	0.05033898297050372
10783	0.04914773221970245
10805	0.05407795945368911
10873	0.008801237598250328
11016	0.02571547605217923
11024	0.05981725517014424
11117	0.04684730197981945
11134	0.030163623319416806
11219	0.08925142766519943
11305	0.016389441737249315
11344	0.04757335060613629
11350	0.03933634138801739
11444	0.06275635817311172
11454	0.0943160443935479
11541	0.033052561432676694
11544	0.01672251227844212
11567	0.022716857145565112
11638	0.06275635817311172
11684	0.07628147447487467
11689	0.04914773221970245
11694	0.08925142766519943
11695	0.25102543269244687
11711	0.07666406114030007
11713	0.044868993362982286
11716	0.04397470580976065
11760	0.04684730197981945
11777	0.0365148150685365
11779	0.06512098283094508
11780	0.0664700836431896
11781	0.17850285533039886
11829	0.07944003683351437
11876	0.026548396187497877
11889	0.08057867861583937
12037	0.07370074111705924
12055	0.01509280797701675
12193	0.05372478594084453
12196	0.022149326322639294
12309	0.04183405488968117
12360	0.07628147447487467
12388	0.07151876215332258
12466	0.08925142766519943
12512	0.03739428079328646
12551	0.03776195977445123
12591	0.09318793717890786
12612	0.023925112567908236
12638	0.030163623319416806
12651	0.05596807560518238
12766	0.011266890282363506
12829	0.01803913716665899
12834	0.21426368611259317
12835	0.030163623319416806
12855	0.03584858175264935
12887	0.07628147447487467
