462
t_index	tf-idf
3	0.014359950543045369
15	0.016144193655705973
17	0.02515792373876464
91	0.03438790423989149
117	0.053644887293307734
166	0.03233990647144682
167	0.04604907438050831
182	0.02462365050643311
184	0.02372726371416009
191	0.054705103660058534
227	0.03777573135359458
274	0.05154807152193199
278	0.040698216295730776
279	0.032120493987558354
320	0.02174082108547341
392	0.03856091000435256
395	0.03484071620618502
469	0.021898999250499485
471	0.04136079354341796
542	0.04249554942530725
557	0.02504880732669193
577	0.0572574325548316
583	0.05018574589396518
612	0.021585057948811395
631	0.02247277301317062
634	0.050759442655626645
647	0.07601565931333953
657	0.032564141591811924
716	0.02865674460967782
717	0.031489223343486125
764	0.07460017120560736
790	0.09415330827501694
817	0.02913135517328541
865	0.022642815070674793
902	0.034561657975692064
918	0.01825213158309525
941	0.04898408952791787
957	0.032120493987558354
982	0.05794137182273182
991	0.02595627513154158
999	0.054980857940458504
1005	0.029800597493753734
1020	0.017656603606722308
1049	0.11717838100888604
1051	0.0277690295453186
1070	0.054980857940458504
1075	0.03606306598722068
1105	0.021205747077090574
1116	0.01776232773704262
1123	0.055092737274972714
1163	0.03986510278400111
1171	0.045114879567071886
1203	0.10379087974197532
1208	0.05762501549267966
1240	0.02965462517926612
1246	0.04136079354341796
1257	0.05018574589396518
1273	0.01912465336500943
1284	0.05312076104137473
1316	0.04136079354341796
1317	0.03376579795785923
1329	0.03484071620618502
1342	0.10624152208274946
1411	0.03484071620618502
1420	0.07169198799584849
1511	0.013450053140102947
1600	0.029629126444402364
1602	0.04447638486106556
1605	0.10288691784907306
1654	0.09378061939158064
1665	0.033027961792408
1678	0.06432911921569802
1683	0.04898408952791787
1694	0.032120493987558354
1710	0.06818673249866193
1716	0.03584599399792424
1737	0.07334567212303492
1740	0.08992499944113533
1793	0.04311405923309875
1879	0.021979017600116287
1884	0.03428910688255154
1885	0.06030487073818936
1975	0.07084772552888165
1999	0.025379721327813323
2057	0.04405820166812718
2075	0.031489223343486125
2109	0.019622424636126384
2133	0.04523245568244578
2157	0.05458959944914192
2172	0.04249554942530725
2227	0.05018574589396518
2241	0.03089474720352593
2279	0.04136079354341796
2285	0.05018574589396518
2316	0.04898408952791787
2349	0.03489677287070906
2430	0.0328398958722119
2440	0.08696328434189364
2449	0.03326802668674228
2451	0.061033683017523176
2493	0.014208802781841558
2506	0.029338268849213967
2514	0.032564141591811924
2521	0.03740469820019914
2529	0.03484071620618502
2537	0.02372726371416009
2577	0.06759966046632723
2587	0.03897738771964188
2615	0.014436372527919088
2626	0.02631852456741093
2640	0.04616149741645651
2645	0.027084055090235072
2701	0.03856091000435256
2702	0.021057885253091515
2706	0.06019244770224116
2737	0.028203234957989955
2767	0.04898408952791787
2788	0.032120493987558354
2801	0.01587569691591179
2899	0.03941159313231324
2909	0.019895726278242553
2949	0.04447638486106556
2970	0.033027961792408
2986	0.021431637203911794
2994	0.03351387683060857
3014	0.06432911921569802
3101	0.0572574325548316
3145	0.05018574589396518
3181	0.05774051371963352
3182	0.03070404469272816
3193	0.016751373881793083
3231	0.030516841508761588
3300	0.025606448153472617
3318	0.018364245758324238
3346	0.03484071620618502
3365	0.048027186142085496
3378	0.023919765411502758
3400	0.054980857940458504
3471	0.08416931077487885
3552	0.036042372572232334
3593	0.028352176103574406
3605	0.0403397133476087
3629	0.035728431270544245
3692	0.022991645196207295
3711	0.04136079354341796
3719	0.03856091000435256
3721	0.03897738771964188
3760	0.04523245568244578
3785	0.03740469820019914
3791	0.04604907438050831
3824	0.02181960361808472
3879	0.036042372572232334
3889	0.027352551830029267
3929	0.030333011539332724
3931	0.04523245568244578
3936	0.036042372572232334
3939	0.09057126028269917
3953	0.05018574589396518
3973	0.035728431270544245
4007	0.04377249976613521
4059	0.0254924549309455
4062	0.03070404469272816
4081	0.06432911921569802
4123	0.04604907438050831
4148	0.021585057948811395
4200	0.01797712066582551
4209	0.045285630141349585
4219	0.08094819108799936
4241	0.08382480573410289
4339	0.04377249976613521
4342	0.04616149741645651
4365	0.028503323864778222
4472	0.016009062047361834
4478	0.066055923584816
4505	0.02762830611042924
4510	0.035423862764440824
4516	0.031489223343486125
4540	0.06512828318362385
4544	0.04898408952791787
4564	0.016513547558455473
4572	0.02363235803186173
4587	0.0669156469913946
4598	0.01776232773704262
4640	0.031228170944661154
4708	0.11559483290918832
4783	0.027489497339574086
4806	0.04249554942530725
4828	0.050759442655626645
4842	0.054980857940458504
4889	0.11588274364546364
4970	0.03398975356733333
5086	0.023919765411502758
5091	0.10625597233748615
5109	0.05313474635854258
5122	0.07555146270718915
5128	0.03326802668674228
5135	0.024940845607312023
5195	0.022222908591355086
5248	0.09767014673047882
5286	0.03941159313231324
5314	0.016994876783666665
5335	0.05018574589396518
5357	0.03670081310526879
5369	0.012743846969681664
5414	0.016896777111721054
5424	0.035728431270544245
5474	0.04241149415418115
5476	0.03941159313231324
5484	0.0250378110796736
5508	0.029800597493753734
5538	0.02805643692495962
5556	0.04428192413649321
5583	0.026822443646653867
5609	0.03428910688255154
5769	0.026830584664219646
5831	0.05018574589396518
5867	0.04136079354341796
5882	0.022140962068246606
5885	0.025268219810580396
5891	0.03777573135359458
5913	0.02335282582611722
5934	0.01637346818702874
5946	0.02247277301317062
5970	0.06956531801613387
5985	0.03777573135359458
6000	0.04604907438050831
6006	0.028203234957989955
6007	0.054980857940458504
6013	0.0572574325548316
6015	0.035128123585826045
6017	0.031905701058775465
6018	0.05497899467914817
6057	0.04898408952791787
6069	0.05154807152193199
6127	0.04693678944486753
6131	0.040837484618725654
6141	0.03986510278400111
6273	0.04523245568244578
6295	0.05018574589396518
6308	0.03941159313231324
6348	0.04744492355064444
6391	0.05944660089164427
6488	0.10151888531125329
6517	0.03070404469272816
6544	0.045806626305690705
6603	0.013141388974660564
6618	0.04523245568244578
6625	0.015069275407380182
6682	0.07340162621053758
6702	0.032120493987558354
6708	0.011665680102549137
6726	0.01968638902920264
6744	0.02462365050643311
6791	0.04523245568244578
6796	0.035423862764440824
6844	0.03777573135359458
6850	0.06140808938545632
6909	0.013311714921897663
6959	0.014059861636257106
7001	0.01175375794981842
7033	0.029629126444402364
7051	0.10129739387357768
7107	0.035423862764440824
7133	0.01432195315358738
7169	0.027352551830029267
7179	0.02515792373876464
7206	0.034088565259480307
7282	0.038160769021579354
7296	0.037533283278776974
7297	0.0572574325548316
7304	0.06432911921569802
7321	0.021057885253091515
7324	0.06804819501624498
7327	0.04141300447024338
7366	0.01888458847067516
7417	0.030333011539332724
7460	0.07712182000870511
7472	0.02335282582611722
7488	0.04311405923309875
7515	0.03484071620618502
7551	0.02881250774633983
7591	0.01494757670061633
7601	0.0572574325548316
7603	0.05018574589396518
7650	0.05925825288880473
7651	0.022222908591355086
7671	0.02656737317927129
7695	0.06432911921569802
7700	0.03886580602791
7738	0.023538327068754236
7743	0.09525418149547073
7805	0.02929459525222151
7808	0.020697342884452175
7832	0.015528351461284711
7894	0.03376579795785923
7924	0.028352176103574406
7974	0.06432911921569802
8036	0.01120835817432329
8037	0.024176960547687063
8079	0.047909171279592086
8081	0.0572574325548316
8089	0.024076616525594716
8131	0.04301611837757103
8140	0.08989109205268248
8156	0.0260756014892013
8167	0.03500008739296428
8212	0.05595012840420551
8325	0.09209814876101662
8326	0.18422426815636891
8391	0.036042372572232334
8433	0.0403397133476087
8439	0.05154807152193199
8485	0.05018574589396518
8497	0.03279341612313469
8504	0.044119337024837973
8505	0.033317598765751084
8541	0.029460489757418537
8645	0.049399921223663434
8761	0.09412722305342422
8778	0.02504880732669193
8805	0.012205927399563292
8877	0.01393941858404282
8880	0.022388803096552112
8895	0.03740469820019914
8905	0.02272891083288731
8965	0.024017395699846508
9000	0.021662642256360977
9003	0.05312076104137473
9007	0.04523245568244578
9008	0.02452007309622095
9068	0.01808623707789822
9113	0.027084055090235072
9174	0.037046686474578205
9178	0.025268219810580396
9203	0.0403397133476087
9212	0.032120493987558354
9215	0.03326802668674228
9306	0.021662642256360977
9307	0.020697342884452175
9370	0.034561184000440504
9376	0.02230551865628529
9426	0.02001236842936865
9480	0.03233990647144682
9538	0.03128719125098396
9539	0.0932502140070092
9541	0.025268219810580396
9549	0.02997499981371178
9648	0.0403397133476087
9665	0.06381140211755093
9713	0.027217420221685124
9785	0.02881250774633983
9826	0.01482731258963306
9875	0.054980857940458504
9891	0.08273343026913732
9894	0.060769773397197205
9938	0.027489497339574086
9976	0.03670081310526879
9987	0.025379721327813323
9998	0.012480056522062485
10087	0.02431602054876093
10093	0.047909171279592086
10099	0.020697342884452175
10105	0.06432911921569802
10121	0.01912465336500943
10128	0.012392559810233886
10135	0.021205747077090574
10180	0.03941159313231324
10181	0.03015243536909468
10211	0.017143817929251116
10222	0.035423862764440824
10228	0.015110166393087642
10268	0.03740469820019914
10283	0.06432911921569802
10284	0.035423862764440824
10329	0.1589094324605008
10430	0.040837484618725654
10442	0.06381140211755093
10452	0.011872390533904969
10485	0.09387357888973506
10532	0.03740469820019914
10558	0.05069033133516316
10600	0.04447638486106556
10636	0.04924730101286622
10677	0.03941159313231324
10705	0.035728431270544245
10740	0.06432911921569802
10771	0.027084055090235072
10773	0.03628247212866913
10814	0.05018574589396518
10825	0.03986510278400111
10831	0.027911721203861473
10873	0.025374422684973596
10890	0.040698216295730776
10971	0.04136079354341796
10974	0.028503323864778222
11024	0.04311405923309875
11032	0.025838328300254912
11132	0.024940845607312023
11134	0.02174082108547341
11156	0.05018574589396518
11175	0.028417605563683116
11203	0.02515792373876464
11209	0.020768439250748866
11226	0.04249554942530725
11305	0.011812901809808736
11306	0.02181960361808472
11350	0.028352176103574406
11353	0.04523245568244578
11401	0.01894407719477139
11444	0.04523245568244578
11452	0.03941159313231324
11453	0.047839530823005516
11537	0.01981553363054809
11567	0.03274693637405748
11577	0.024115969290606575
11581	0.03941159313231324
11592	0.008120756688432878
11623	0.012646835583171723
11640	0.02656737317927129
11652	0.031905701058775465
11734	0.03740469820019914
11773	0.041912402867051446
11775	0.012392559810233886
11876	0.012756732958473046
11889	0.1355156210929733
11968	0.05312076104137473
11982	0.030333011539332724
12055	0.0326350088413786
12183	0.02515792373876464
12193	0.03872283334884986
12196	0.015964413016465753
12202	0.03376579795785923
12215	0.03376579795785923
12299	0.05154807152193199
12309	0.06030487073818936
12486	0.047909171279592086
12489	0.01744838643535453
12504	0.02344515484789516
12516	0.016703363029538187
12525	0.04598329039241459
12537	0.013040541821312592
12552	0.047909171279592086
12566	0.010770659425792993
12567	0.02865674460967782
12581	0.030220332786175284
12584	0.019622424636126384
12591	0.11194401548276058
12624	0.01906410548832711
12640	0.10624152208274946
12646	0.04136079354341796
12670	0.03279341612313469
12718	0.02372726371416009
12739	0.037461516350443085
12748	0.045826167693580756
12753	0.03941159313231324
12762	0.029460489757418537
12766	0.024362270065298633
12768	0.02431602054876093
12834	0.1235466552690789
12835	0.06522246325642023
12839	0.01924683790654451
12882	0.05312076104137473
