126
t_index	tf-idf
40	0.06450404670928453
44	0.035717411533190954
102	0.05262546459783267
181	0.06278309235764053
190	0.0369425746599219
278	0.04030813521558442
497	0.05118135022446125
554	0.0471894462708089
618	0.06008455612594319
902	0.022820262733154306
983	0.028748529324113575
1223	0.07016866979092495
1225	0.07077196839434374
1240	0.02937039384742574
1272	0.09489995040431125
1301	0.02133485130361423
1420	0.03550242011851821
1475	0.045367582536859526
1490	0.039905284619159063
1824	0.1897999008086225
1879	0.043536709662832615
1975	0.07016866979092495
1981	0.0514149829119091
2199	0.04260382085085641
2332	0.1427876658353118
2349	0.0345622970117153
2531	0.0755900173351755
2594	0.07990613683695498
2645	0.10729784783005858
2650	0.06739597199936719
2709	0.055865829595230114
2804	0.22448196887115313
2986	0.04245244184803478
3112	0.06792091066597918
3187	0.04857011003512536
3305	0.04919197455843753
3349	0.13479194399873437
3365	0.03171123928335074
3378	0.04738100222997008
3422	0.06845984933480163
3433	0.03507917946838104
3495	0.05364892391502929
4182	0.05500574224603926
4186	0.156135375908897
4200	0.03560962993166776
4219	0.03206893007912307
4365	0.05646025487144484
4454	0.14154393678868749
4598	0.03518416153502747
4968	0.05418077046151802
4970	0.03366397123601173
4973	0.0780676879544485
5199	0.21781552685544261
5314	0.03366397123601173
5369	0.025243401484134783
5664	0.07482732295705105
5728	0.06792091066597918
6460	0.24033822450377276
6708	0.02310773560877799
6763	0.0507220349442832
7133	0.02836936243452141
7327	0.08203214468862505
7340	0.03507917946838104
7399	0.11341727198788608
7481	0.06713315652989067
7488	0.08540164594106596
7591	0.029608616673304434
7784	0.06739597199936719
7821	0.022877431094849715
7902	0.08670590506850291
7938	0.08670590506850291
7939	0.12900809341856906
7968	0.06119725929421896
8021	0.04589710634299944
8035	0.043220937576100786
8037	0.03192697480979439
8039	0.0912154136286677
8049	0.06278309235764053
8105	0.11401004665673829
8386	0.030590623737861575
8509	0.048775279334230474
8561	0.09702918131626943
8879	0.0322501779521732
9178	0.050052061907628384
9307	0.0409979292226292
9329	0.04291002371461804
9443	0.048478041527897586
9496	0.07338320858367965
9497	0.05528839024343002
9525	0.051651348207350116
9541	0.050052061907628384
9553	0.040581233998422145
9578	0.2267700520055265
9804	0.29822837689342807
9826	0.02937039384742574
9845	0.07876069190509412
9891	0.016388090671616652
9998	0.03708131595749077
10022	0.08959783035858555
10094	0.09297382675356212
10211	0.03395899840829652
10284	0.07016866979092495
10403	0.03912290295025932
10419	0.04245244184803478
10452	0.023517193947542415
10464	0.14154393678868749
10718	0.23846207935097563
10821	0.06008455612594319
10873	0.012565607951602034
10948	0.021817958031500374
10968	0.12742508501129612
11081	0.0755900173351755
11089	0.2295440795769834
11099	0.11341727198788608
11305	0.023399356865089
11330	0.25485017002259225
11535	0.04215304374410484
11636	0.027704289539911033
11673	0.05707269575160066
11889	0.01917382022398879
12055	0.02154814090755901
12323	0.050052061907628384
12584	0.03886869831067102
12739	0.024734972092505608
12763	0.07482732295705105
12766	0.06434337195943421
