495
t_index	tf-idf
15	0.013052540446550149
17	0.020340118816364012
66	0.03794827761148725
91	0.013901267555863232
117	0.021685879024965892
118	0.0416764877101107
176	0.02368460745388751
182	0.019908160235883803
274	0.0416764877101107
278	0.016452203362746474
289	0.035389957270622344
312	0.03344009878350691
320	0.03515479962779755
338	0.08316797308159153
392	0.031176399900883264
469	0.01770528646719311
497	0.02089022421328051
543	0.027095886123591553
557	0.10125949234198243
598	0.05777269576864139
604	0.016619975734429134
607	0.03567037433226904
615	0.048665444367527975
631	0.036338362256559925
632	0.017205222824811496
634	0.020519441615863634
639	0.018237634001693162
647	0.12291694325753583
678	0.023044866503731658
697	0.02562560132552686
764	0.015078513252915008
831	0.026328027543455788
866	0.027299563728859715
872	0.020511577419916004
902	0.018628676383520754
918	0.014756803021865647
920	0.02940204854353057
957	0.02596933955803955
977	0.031221721574830115
983	0.011734024615391511
1012	0.022683559523562002
1020	0.014275320133067877
1023	0.12733867651271402
1040	0.0509179176224804
1049	0.07105382236166254
1051	0.022451191371432238
1052	0.026328027543455788
1105	0.0171447938079713
1116	0.02872159565933923
1123	0.02969489410778902
1157	0.014148741834746001
1158	0.037230562188241854
1164	0.029952153940447073
1166	0.06777214710143672
1198	0.03595904662046764
1203	0.16782933662795108
1206	0.018733402656262766
1273	0.030924469428029917
1277	0.044451886997788896
1301	0.01741610275363511
1323	0.035389957270622344
1329	0.028168632461075302
1342	0.042948003277884915
1378	0.022683559523562002
1411	0.028168632461075302
1420	0.014490698528611026
1476	0.056337264922150604
1488	0.06408323876647486
1500	0.03873444590814584
1511	0.01087433453558666
1552	0.030241605530824577
1610	0.042948003277884915
1654	0.15164279539950842
1665	0.02670302502287884
1710	0.1102576075135616
1737	0.047439834897022845
1774	0.025795680008955733
1786	0.029952153940447073
1885	0.07313450716902105
1887	0.035389957270622344
1894	0.02042929291630191
1908	0.03344009878350691
1944	0.015316239329173791
1999	0.020519441615863634
2057	0.01781047327415578
2074	0.04057505082576535
2076	0.01607351609399479
2109	0.015864681549573597
2157	0.029423703653317704
2180	0.03186417509558803
2199	0.01738921239892307
2244	0.02794263136746824
2279	0.03344009878350691
2411	0.031176399900883264
2418	0.03301700481850278
2431	0.022225190277825185
2440	0.03515479962779755
2464	0.058137829515013714
2468	0.048756338112680694
2506	0.011859958724255711
2521	0.06048321106164915
2577	0.17489330392871005
2615	0.011671771309280007
2621	0.01770528646719311
2650	0.11003359309312365
2663	0.048665444367527975
2668	0.029140168646479232
2687	0.03261455798294414
2698	0.02750839827328091
2721	0.027299563728859715
2801	0.025670922999473714
2891	0.05083966833958607
2909	0.008042822623986156
2924	0.0416764877101107
2928	0.022802245368421476
2981	0.0416764877101107
2986	0.06930970165635439
2994	0.027095886123591553
3016	0.01918343374217244
3115	0.1281664775329497
3133	0.03883600946303657
3166	0.031176399900883264
3167	0.04112680125140898
3168	0.046292491915408414
3181	0.015561020612173836
3193	0.027086888300563647
3212	0.019418004731518286
3215	0.052656055086911575
3226	0.03873444590814584
3229	0.046292491915408414
3231	0.024672790514581613
3242	0.01607351609399479
3330	0.044451886997788896
3343	0.08591862074411323
3346	0.028168632461075302
3365	0.05177314750821691
3369	0.06183175936143817
3392	0.06971521947224459
3436	0.048665444367527975
3463	0.08890377399557779
3474	0.04401043320844157
3475	0.027095886123591553
3529	0.03873444590814584
3592	0.03223083652184419
3593	0.045845327828909106
3651	0.037910698849877106
3721	0.0315131210985988
3760	0.14628131200178987
3785	0.030241605530824577
3801	0.03344009878350691
3813	0.042948003277884915
3824	0.01764109529571228
3847	0.0254589588112402
3859	0.03595904662046764
3871	0.08773606636032572
3906	0.037230562188241854
3939	0.07322663883662735
3991	0.02967251618097928
3992	0.02596933955803955
3995	0.04934558102916323
4011	0.0171447938079713
4023	0.022922663914454553
4026	0.03960351464036143
4059	0.020610586453812724
4064	0.04057505082576535
4119	0.025295616366574118
4121	0.031176399900883264
4130	0.020554282317743894
4134	0.020985583933235775
4138	0.020340118816364012
4148	0.03490293141006914
4191	0.02651339543220113
4200	0.014534457378753429
4209	0.05491997912747051
4216	0.05302679086440226
4219	0.09162497583326777
4226	0.11360400245282025
4227	0.030241605530824577
4229	0.035389957270622344
4234	0.03223083652184419
4283	0.03435754609374068
4304	0.07401000263110286
4342	0.018660727966697287
4344	0.01888070164030169
4365	0.023044866503731658
4415	0.02179095718363785
4454	0.028886347884320696
4457	0.007464418169924897
4491	0.03595904662046764
4505	0.04467483364814439
4510	0.02864010500409761
4524	0.05501679654656182
4535	0.03657032800044747
4553	0.026146734005944975
4564	0.01335116215894673
4572	0.019106702733908743
4587	0.018033711427752234
4708	0.12016045943052059
4717	0.021179675803658017
4730	0.054191772247183106
4806	0.03435754609374068
4808	0.03388607355071836
4828	0.020519441615863634
4841	0.03435754609374068
4859	0.012835461499736857
4868	0.0416764877101107
4949	0.008994410737015792
4985	0.01726609781628923
5091	0.12886153432621558
5122	0.030541584913194867
5135	0.06049383505980381
5248	0.13819062405118
5324	0.024672790514581613
5415	0.02651339543220113
5474	0.0514343814239139
5534	0.02940204854353057
5535	0.03485760973612229
5544	0.011016309192146119
5556	0.017900912803977626
5578	0.02179095718363785
5600	0.030852886910804407
5654	0.058280337292958465
5656	0.019992761222710934
5690	0.05370273841193288
5702	0.046292491915408414
5769	0.021692461017434488
5837	0.03388607355071836
5867	0.03344009878350691
5882	0.017900912803977626
5885	0.02042929291630191
5913	0.01888070164030169
5915	0.0254589588112402
5934	0.013237908335295492
5965	0.042948003277884915
5970	0.03374603203282764
5978	0.017084804278778416
5985	0.061083169826389734
6006	0.11401122684210738
6017	0.05159136001791147
6018	0.022225190277825185
6019	0.015762214096385247
6173	0.018376267918926933
6315	0.023422727556836172
6348	0.015343641109245245
6353	0.0370345435223219
6379	0.024672790514581613
6388	0.012249725274601388
6466	0.03485760973612229
6484	0.02596933955803955
6544	0.0370345435223219
6545	0.02864010500409761
6554	0.006335098924697993
6556	0.015813288711004195
6559	0.028550640266135754
6591	0.031176399900883264
6601	0.029786290728339326
6612	0.013621629796395446
6625	0.012183471714334567
6702	0.0519386791160791
6708	0.009431673369528805
6726	0.015916396602401385
6744	0.039816320471767606
6755	0.015711453789076967
6760	0.013275487096905637
6777	0.01965944217967618
6796	0.02864010500409761
6805	0.013163260550658626
6828	0.01738921239892307
6844	0.061083169826389734
6850	0.024824143823551803
6909	0.010762488429987577
6959	0.02273472637827071
7001	0.01900576818028221
7133	0.01157926352950584
7206	0.013780260145014156
7215	0.06656618922146902
7222	0.027722657693863843
7258	0.044451886997788896
7281	0.017327425414088597
7321	0.03405049578151501
7327	0.011160770396027484
7377	0.018588687998682397
7416	0.06450624578649973
7417	0.02452416444118152
7460	0.031176399900883264
7472	0.01888070164030169
7501	0.011487781735168432
7515	0.1408431623053765
7557	0.03301700481850278
7574	0.013504627495557857
7607	0.046292491915408414
7743	0.16686099949657915
7749	0.048665444367527975
7754	0.014802000526220572
7757	0.01851727176116095
7821	0.009337672079758358
7862	0.042196268109055295
7929	0.021685879024965892
7946	0.021278461701816898
7947	0.03301700481850278
8018	0.022922663914454553
8035	0.01764109529571228
8036	0.009061929727166556
8037	0.058641037543265204
8079	0.03873444590814584
8089	0.0048664711554877015
8103	0.011367363189135355
8105	0.062045919116518196
8140	0.018169181128279963
8167	0.028297483669492002
8187	0.0416764877101107
8212	0.030157026505830017
8258	0.02967251618097928
8265	0.046292491915408414
8326	0.024824143823551803
8386	0.01248589546593495
8414	0.03381481966174598
8497	0.02651339543220113
8504	0.01783518716613452
8522	0.042948003277884915
8530	0.03485760973612229
8537	0.045845327828909106
8541	0.047637465498064406
8589	0.023552628255777582
8593	0.030852886910804407
8645	0.013313237844293804
8651	0.03635323822947439
8663	0.06603400963700556
8665	0.01745146570503457
8709	0.057788682387832836
8722	0.020164611686601268
8761	0.060881300719136666
8777	0.06311974648899668
8877	0.0056349926403820565
8892	0.024093709008569993
8895	0.030241605530824577
8931	0.028886347884320696
8943	0.08450589738322589
8974	0.03301700481850278
9026	0.015561020612173836
9028	0.030241605530824577
9042	0.03794827761148725
9068	0.029245355453441903
9109	0.040282613777919606
9154	0.06235279980176653
9260	0.013427537925973202
9306	0.03502838484972738
9307	0.01673375028178918
9330	0.07687680397658057
9376	0.036067912792849995
9381	0.018660727966697287
9390	0.016126561446624933
9424	0.0416764877101107
9443	0.029680259093315994
9446	0.027299563728859715
9480	0.05229346801188995
9486	0.03873444590814584
9492	0.03261455798294414
9495	0.06612396549537633
9510	0.02179095718363785
9539	0.030157026505830017
9541	0.02042929291630191
9563	0.02967251618097928
9587	0.028401000613205062
9755	0.04818741801713999
9799	0.030541584913194867
9891	0.05685630683789945
9894	0.03684915806777952
9911	0.05501679654656182
9922	0.03960351464036143
9939	0.0758965552229745
9941	0.02497832632956794
9987	0.020519441615863634
9998	0.010090094680689037
10026	0.021479655186028308
10056	0.027722657693863843
10088	0.03960351464036143
10099	0.050201250845367536
10133	0.020340118816364012
10137	0.034654850828177194
10155	0.02689711689330108
10171	0.017769981103984117
10228	0.03664959592395102
10304	0.042948003277884915
10306	0.046292491915408414
10329	0.11420256106454302
10357	0.019908160235883803
10366	0.025795680008955733
10375	0.014447170596958209
10403	0.06387375174129133
10419	0.017327425414088597
10452	0.03839519295812292
10464	0.05777269576864139
10479	0.028401000613205062
10487	0.035389957270622344
10520	0.02794263136746824
10532	0.030241605530824577
10558	0.0683050115014981
10559	0.061705773821608814
10677	0.06372835019117606
10695	0.02025189846839649
10699	0.022922663914454553
10728	0.06446167304368838
10729	0.04904832888236304
10747	0.022114470173716705
10773	0.04400143281168783
10824	0.02651339543220113
10853	0.017577399813898775
10867	0.015813288711004195
10873	0.020515157676296733
10948	0.00890523663707789
10952	0.035389957270622344
10976	0.07515889640701719
11021	0.02940204854353057
11032	0.02089022421328051
11039	0.031176399900883264
11046	0.019992761222710934
11074	0.048665444367527975
11077	0.02864010500409761
11103	0.03388607355071836
11115	0.028886347884320696
11128	0.03435754609374068
11132	0.020164611686601268
11134	0.017577399813898775
11175	0.011487781735168432
11210	0.030852886910804407
11213	0.02794263136746824
11214	0.03595904662046764
11269	0.03960351464036143
11277	0.03960351464036143
11305	0.009550701753949658
11356	0.046292491915408414
11372	0.036475268003386324
11416	0.03595904662046764
11418	0.021685879024965892
11432	0.027299563728859715
11444	0.03657032800044747
11453	0.07735628354415404
11454	0.054961262565019674
11493	0.02967251618097928
11535	0.017205222824811496
11553	0.02256655722272441
11557	0.031176399900883264
11567	0.09266535834706846
11577	0.03899540246931443
11592	0.01313122319923356
11605	0.023955075091336223
11636	0.011307806801114447
11640	0.042959310372056615
11698	0.03344009878350691
11710	0.025795680008955733
11711	0.022337416824072195
11720	0.024234712850804013
11857	0.014756803021865647
11876	0.04125514756754879
11879	0.0315131210985988
11889	0.10173803978830392
11943	0.030241605530824577
12045	0.031176399900883264
12055	0.026385323538600014
12063	0.02750839827328091
12119	0.046292491915408414
12193	0.041743086029962635
12252	0.031176399900883264
12296	0.04057505082576535
12304	0.03344009878350691
12309	0.21940352150706316
12385	0.027722657693863843
12480	0.022225190277825185
12504	0.05686604827481566
12512	0.02179095718363785
12516	0.013504627495557857
12520	0.01974151772159714
12525	0.07435475199472959
12534	0.023818732749032203
12566	0.01741610275363511
12571	0.03595904662046764
12581	0.02443306394930068
12590	0.01783518716613452
12591	0.01810129165938914
12612	0.027884002180066234
12624	0.015413281906200406
12638	0.017577399813898775
12643	0.022225190277825185
12645	0.03873444590814584
12690	0.043794782453806816
12737	0.020340118816364012
12748	0.024700228457242446
12753	0.03186417509558803
12762	0.023818732749032203
12766	0.01969683479885034
12768	0.03931888435935236
12829	0.005256018531301842
12834	0.037457686397804855
12835	0.08788699906949388
