167
t_index	tf-idf
15	0.03336119813682688
189	0.03853941462960361
604	0.08495852677508345
607	0.045585241838041426
632	0.043975105842211745
748	0.063448428607895
762	0.07199666092785519
817	0.06019854151010881
902	0.02380666684782128
1006	0.0515390554492924
1023	0.03616299690230263
1040	0.06507096244881463
1116	0.036704994231613226
1174	0.10370642523984293
1175	0.07199666092785519
1202	0.08909312556777556
1203	0.18766899453125205
1208	0.059539658668847216
1497	0.041082558400266415
1645	0.06230855452484636
1654	0.1937931303128969
1710	0.18787279535939538
1971	0.10370642523984293
2129	0.05363739162353875
2198	0.06637545281135514
2199	0.04444536775499279
2440	0.04492635899677983
2506	0.030313059324712448
2530	0.06507096244881463
2577	0.11175315236644424
2664	0.04942904243455485
2737	0.05828062581499309
2891	0.021656987716080663
2892	0.12612316450058322
2934	0.08909312556777556
3115	0.04094784525841116
3182	0.063448428607895
3215	0.06729222920440842
3343	0.05490019628793482
3365	0.0661639103614232
3378	0.04942904243455485
3439	0.05388397379083236
3692	0.04751112673943912
3936	0.07447982589570817
3973	0.07383108132584558
3992	0.06637545281135514
3995	0.06306158225029161
4136	0.04844828257822423
4216	0.06776601397373838
4219	0.03345510713382704
4238	0.12438479226401751
4252	0.09699261331787315
4304	0.037832671302480234
4587	0.02304632659623799
4644	0.029207354673726885
4807	0.10652160549416395
4921	0.047328592828903
5091	0.10978642296944928
5135	0.0515390554492924
5239	0.042479263387541724
5369	0.026334545586343773
5415	0.06776601397373838
5484	0.025869714962388553
5544	0.028156761911653037
5548	0.027722055068187864
5556	0.04575323105330049
5583	0.05542728711592395
5740	0.061227161852301225
5762	0.08336007350213638
5858	0.0598665262236408
5961	0.24876958452803502
5970	0.05750135082076055
5985	0.07806172827996238
6072	0.24876958452803502
6348	0.03921705918338571
6353	0.094657185657806
6391	0.04094784525841116
6625	0.031139931381233103
6696	0.044130697212380846
6716	0.07030915774440118
6726	0.040680974163721066
6805	0.03364418943235429
6826	0.06019854151010881
6841	0.06465347286638633
6933	0.061227161852301225
6947	0.04609327931184813
6995	0.07729500615002918
7165	0.05045766277674725
7184	0.10652160549416395
7215	0.03402751881022345
7244	0.08660996059992257
7282	0.07885739006436136
7515	0.14399332185571037
7591	0.061776893737697416
7906	0.06682885813495328
7924	0.058588405514279136
7975	0.042479263387541724
8003	0.06682885813495328
8018	0.058588405514279136
8035	0.045089159303578555
8049	0.06549688673228281
8089	0.024876583851274465
8105	0.07929208148038301
8250	0.07885739006436136
8386	0.0638258022276206
8390	0.06087868226591959
8391	0.07447982589570817
8504	0.2735114510282486
8537	0.058588405514279136
8651	0.0619438843319481
8722	0.0515390554492924
8761	0.03890187401517844
8805	0.025222960719170604
8857	0.10977149259195014
9044	0.09347068973642875
9068	0.07474867454803236
9260	0.034319660228024594
9376	0.04609327931184813
9421	0.04942904243455485
9539	0.11561824388881084
9541	0.0522155584628859
9755	0.06158149851191624
9785	0.059539658668847216
9786	0.08336007350213638
9894	0.09418335599177279
9998	0.05157887067889219
10022	0.09347068973642875
10026	0.05490019628793482
10087	0.050247884578593006
10135	0.04382065434579426
10329	0.0729730408231425
10355	0.0843886938443288
10476	0.05438596262452644
10477	0.039270674118764975
10558	0.06983275115740396
10655	0.08144215780702066
10695	0.05176215313928775
10853	0.04492635899677983
10873	0.013108755396120482
10904	0.07655519217303777
10976	0.03841996651988866
11134	0.04492635899677983
11146	0.08054489324781537
11305	0.024410792279403983
11454	0.14047637529186208
11507	0.08909312556777556
11544	0.024906874813866855
11592	0.033562304650380424
11627	0.050040173194318936
11710	0.06593159357574799
11876	0.013180586930577139
11889	0.06000782141863949
12016	0.09900199351639617
12193	0.026672956302852616
12196	0.09896907033053591
12325	0.11831972491191033
12339	0.06053586926604375
12377	0.06053586926604375
12504	0.04844828257822423
12512	0.11139171614466759
12581	0.031224430632498874
12624	0.039395055216812414
12699	0.043064927019222606
12748	0.03156585566470128
12766	0.016781152325190212
12768	0.050247884578593006
12834	0.0638258022276206
