389
t_index	tf-idf
3	0.016804940855616877
15	0.018892977293515665
17	0.02944142594452136
91	0.040242944790632874
117	0.03138935456177014
167	0.05388959865151671
182	0.028816184928324485
184	0.02776717525501473
190	0.021825483680657197
191	0.03200972136888401
227	0.04420759871504407
274	0.060324879988302806
294	0.03837697189492125
316	0.033179546205286445
320	0.07632753568309582
395	0.04077285457614837
469	0.025627622191224938
471	0.04840306985424436
542	0.04973103441955049
557	0.05862746175440928
577	0.06700634272688506
583	0.058730598619753036
612	0.025260227819552897
631	0.02629908927722148
633	0.029062366330120645
634	0.059401975594198755
639	0.026398171795936315
647	0.11119803781985045
687	0.030515351671102114
712	0.05204913588117078
716	0.03353597192668492
717	0.03685072133712033
731	0.030656647698670415
764	0.043650967361314394
790	0.05509213879878624
863	0.026498083466704188
871	0.022596033285368574
872	0.009896534906635395
902	0.013482094208531319
918	0.021359822293496835
991	0.030375708266552996
999	0.06434214819270073
1005	0.034874582391031694
1049	0.10284727773827305
1051	0.03249711046901634
1075	0.021101663587586677
1105	0.02481633375835448
1116	0.02078662222298862
1123	0.021491025536721924
1163	0.046652716002053264
1167	0.0370919290354565
1170	0.031695509156338994
1171	0.026398171795936315
1203	0.07591424106005486
1240	0.017351878084092914
1246	0.04840306985424436
1257	0.058730598619753036
1284	0.06216534275864874
1316	0.09680613970848873
1342	0.12433068551729748
1411	0.04077285457614837
1420	0.04194929552439554
1473	0.07044108686578077
1488	0.023189416264746233
1497	0.02326570646031328
1511	0.03148024038756885
1600	0.03467391590306834
1602	0.05204913588117078
1605	0.1204049111511569
1654	0.05487406650720979
1665	0.03865145237368502
1683	0.05732434279041242
1706	0.03390336629835696
1710	0.05319767656779933
1716	0.02097464776219777
1737	0.068667071148933
1740	0.03507867924103071
1855	0.07044108686578077
1884	0.040127325747112336
1885	0.07057265155775204
1941	0.07528208683401709
1975	0.08291058062483693
2057	0.03866981319077194
2069	0.0182726104864018
2075	0.03685072133712033
2109	0.022963427657040607
2157	0.021294757418667595
2233	0.0240566827166847
2279	0.04840306985424436
2316	0.05732434279041242
2349	0.020419227851316578
2430	0.01921568274844838
2440	0.10177004757746111
2451	0.07142555472147384
2506	0.0343335355744665
2514	0.038108660041964046
2529	0.04077285457614837
2577	0.1582189705446567
2587	0.045613854544384685
2612	0.04612198974006367
2615	0.016894374794266035
2701	0.045126465444252355
2737	0.03300524566469532
2829	0.04720813591293446
2970	0.03865145237368502
2986	0.1254034248137445
2991	0.030656647698670415
3025	0.04973103441955049
3101	0.06700634272688506
3115	0.023189416264746233
3181	0.02252389182731348
3182	0.035931854607912046
3183	0.04973103441955049
3187	0.0286949719584486
3193	0.019603538778912674
3242	0.04653141292062656
3266	0.05388959865151671
3300	0.029966318160471097
3318	0.04298205107344385
3365	0.056204512693835904
3378	0.027992453164486092
3400	0.06434214819270073
3471	0.03283345313272241
3584	0.05204913588117078
3593	0.06635909241057289
3605	0.04720813591293446
3648	0.04077285457614837
3680	0.045126465444252355
3760	0.15880181624983702
3761	0.03981719467457733
3808	0.02142524368996735
3809	0.02097464776219777
3824	0.02553470829831668
3871	0.021165681837389337
3879	0.04217911040548899
3889	0.03200972136888401
3931	0.052933938749945675
3936	0.04217911040548899
3939	0.10599233386681675
3946	0.02722190355977471
3953	0.058730598619753036
3981	0.016367552202405388
4007	0.05122540411733239
4123	0.05388959865151671
4148	0.025260227819552897
4162	0.03685072133712033
4200	0.021037986770072615
4209	0.052996166933408376
4219	0.1136769567158561
4241	0.09809719736656078
4304	0.02142524368996735
4339	0.05122540411733239
4342	0.054021163343487985
4359	0.03409139183756611
4370	0.05204913588117078
4457	0.02160883294270434
4472	0.01873483756461197
4540	0.07621732008392809
4544	0.05732434279041242
4564	0.019325219067043403
4587	0.03915450428032058
4598	0.04157324444597724
4640	0.0365452209728036
4695	0.032664097456556095
4708	0.11595131440226043
4712	0.05492846010918529
4783	0.03216998384203422
4806	0.04973103441955049
4828	0.029700987797099378
4889	0.13561346519342785
4970	0.039777003178653965
5086	0.027992453164486092
5091	0.12434759613794832
5109	0.03109085463967573
5122	0.04420759871504407
5128	0.038932391805802435
5135	0.029187387105795985
5248	0.028574977229988304
5307	0.060324879988302806
5314	0.039777003178653965
5369	0.02982734431522841
5414	0.01977369902228055
5424	0.04181171603381695
5474	0.04963266751670896
5476	0.04612198974006367
5484	0.014650431179646383
5531	0.029966318160471097
5535	0.05045485451262101
5536	0.05045485451262101
5538	0.03283345313272241
5556	0.051821565391607954
5583	0.09416806368531043
5609	0.040127325747112336
5690	0.025910782695803977
5769	0.03139888170591228
5781	0.04255817001988971
5857	0.022963427657040607
5867	0.04840306985424436
5882	0.025910782695803977
5913	0.027328983873797893
5934	0.01916128914647287
5970	0.08140982459229179
5985	0.04420759871504407
6000	0.05388959865151671
6006	0.03300524566469532
6007	0.06434214819270073
6013	0.06700634272688506
6015	0.041109197239854435
6017	0.03733811043725266
6018	0.06433996768406844
6057	0.05732434279041242
6069	0.060324879988302806
6127	0.05492846010918529
6141	0.046652716002053264
6173	0.026598838283899664
6273	0.052933938749945675
6295	0.058730598619753036
6298	0.050520455639105795
6308	0.04612198974006367
6348	0.06662773371909586
6391	0.046378832529492466
6488	0.11880395118839751
6524	0.046652716002053264
6603	0.015378901467511044
6625	0.017635038588671954
6726	0.023038282917808378
6796	0.041455290312418465
6850	0.035931854607912046
7033	0.03467391590306834
7051	0.07902983174260932
7107	0.041455290312418465
7133	0.0167604738582832
7169	0.03200972136888401
7179	0.02944142594452136
7206	0.01994631949884539
7282	0.04465819464281365
7321	0.02464329630953741
7324	0.07963438934915466
7327	0.08077361741714445
7366	0.022099964159420973
7417	0.03549764766690673
7418	0.03549764766690673
7460	0.045126465444252355
7488	0.05045485451262101
7531	0.02455770902559038
7601	0.06700634272688506
7603	0.058730598619753036
7650	0.03467391590306834
7671	0.03109085463967573
7700	0.04548327444771214
7726	0.014212239798429544
7743	0.11147259048582389
7754	0.02142524368996735
7805	0.03428242591275769
7811	0.011963940887380555
7832	0.018172279013767424
7894	0.03951491587130466
7924	0.06635909241057289
8012	0.037589474984336665
8037	0.028293439511129382
8079	0.05606640408556871
8089	0.021132007845525314
8131	0.025170118901398062
8140	0.05259817855444296
8156	0.030515351671102114
8212	0.021825483680657197
8326	0.07186370921582409
8392	0.038932391805802435
8433	0.04720813591293446
8505	0.009747601062957433
8645	0.057810975876783285
8761	0.04406150039513415
8778	0.05862746175440928
8805	0.01428416396162003
8877	0.008156403608923843
8895	0.04377339177403875
8905	0.026598838283899664
8931	0.04181171603381695
8965	0.0281067064285496
9000	0.025351021983208717
9003	0.06216534275864874
9007	0.052933938749945675
9204	0.03951491587130466
9212	0.037589474984336665
9215	0.038932391805802435
9306	0.025351021983208717
9370	0.04044572794916624
9390	0.02334248727144133
9426	0.023419765049206967
9443	0.014320289178236549
9480	0.03784624563293165
9495	0.011963940887380555
9510	0.06308290113489061
9539	0.06547645104197158
9549	0.03507867924103071
9580	0.018323094176767637
9648	0.04720813591293446
9665	0.07467622087450532
9713	0.031851581639980316
9844	0.025442511894365277
9875	0.06434214819270073
9891	0.06777399955530848
9894	0.08889588831520465
9938	0.03216998384203422
9976	0.04294966001020036
9986	0.12509381382191964
9987	0.029700987797099378
9998	0.007302483775948234
10023	0.029187387105795985
10026	0.03109085463967573
10087	0.028456176498727167
10121	0.02238090359153839
10128	0.029005146506097847
10135	0.02481633375835448
10178	0.024388353349424068
10180	0.04612198974006367
10211	0.020062802129918095
10268	0.04377339177403875
10284	0.041455290312418465
10329	0.16530317618161594
10452	0.01389383759637565
10477	0.022239607563970087
10485	0.10985692021837058
10558	0.01977369902228055
10636	0.028816184928324485
10728	0.046652716002053264
10773	0.06369013560215357
10814	0.058730598619753036
10825	0.046652716002053264
10873	0.022271090237472334
10890	0.04762767919908272
10920	0.02481633375835448
10976	0.021757838315663344
11020	0.041455290312418465
11024	0.05045485451262101
11134	0.025442511894365277
11158	0.06434214819270073
11175	0.03325611598204479
11203	0.02944142594452136
11209	0.024304567917981863
11305	0.013824220052288949
11306	0.02553470829831668
11350	0.033179546205286445
11372	0.026398171795936315
11401	0.02216958170350767
11444	0.052933938749945675
11452	0.04612198974006367
11453	0.08397735949345826
11454	0.019888501589326982
11567	0.03832257829294574
11577	0.028222063605977416
11581	0.04612198974006367
11592	0.009503433555908906
11608	0.04294966001020036
11636	0.016367552202405388
11652	0.03733811043725266
11749	0.06216534275864874
11762	0.08221839447970887
11773	0.04904859868328039
11876	0.0223931282599572
11889	0.13593353606136785
12055	0.050922124627837205
12183	0.02944142594452136
12193	0.01510531953060907
12196	0.07473034554879511
12215	0.03951491587130466
12486	0.05606640408556871
12489	0.020419227851316578
12516	0.039094706762375496
12525	0.02690630699161529
12566	0.012604520752622191
12567	0.06707194385336984
12581	0.01768289185907716
12591	0.05240164452346631
12612	0.02018043239159514
12624	0.022310046558742243
12646	0.04840306985424436
12670	0.03837697189492125
12698	0.028222063605977416
12718	0.02776717525501473
12739	0.04383988404025603
12748	0.01787624628700813
12753	0.04612198974006367
12766	0.019006867111817812
12768	0.028456176498727167
12834	0.108436701878737
12835	0.050885023788730555
12882	0.06216534275864874
12904	0.04335442334816274
