273
t_index	tf-idf
15	0.03984273746030962
34	0.031597458901555325
75	0.02939682114029798
91	0.02121673385582835
189	0.023013498685862267
211	0.045714311735208076
250	0.031597458901555325
267	0.0448747163708192
294	0.040465925300609384
320	0.05365482136507496
489	0.07427536927637711
601	0.04371180419577093
631	0.027730613688854874
647	0.04690032871080059
717	0.0388565971537433
758	0.024292313582190517
764	0.16109449080103588
773	0.05682294266162999
865	0.027940439623764763
866	0.04166581037936683
901	0.026924625564563546
902	0.014215957909133683
918	0.022522490198798623
983	0.0358179822555096
1023	0.04318888025085412
1116	0.02191808943213576
1123	0.11330417579370909
1203	0.06403715262162556
1208	0.03555362398991104
1273	0.02359915147487671
1301	0.013290615961628026
1320	0.04166581037936683
1371	0.18133394523268825
1420	0.15481444766224733
1491	0.044475023604990345
1651	0.04299222179614897
1654	0.02893049876761231
1665	0.04075534643004457
1694	0.03963556298735992
1710	0.028046678774614708
1716	0.066349048998106
1737	0.018101197375163924
1740	0.036988098427834515
1747	0.0378877142380415
1895	0.0388565971537433
1906	0.028153822099319624
1911	0.06192745021973745
1921	0.10207553709057689
2020	0.06554915596900354
2116	0.0448747163708192
2157	0.06736165104619196
2172	0.15731405250943345
2173	0.039370516046882874
2233	0.025366147398478107
2241	0.038123034447671546
2277	0.025452671894837436
2356	0.06554915596900354
2515	0.04863252360418466
2575	0.10207553709057689
2577	0.05004936601613446
2704	0.053201236912363906
2709	0.03480180273870364
2896	0.04758281046111686
2909	0.012275314202608542
3033	0.0636085122624784
3077	0.028261885120460954
3159	0.03742987234035774
3166	0.04758281046111686
3167	0.010461592716709493
3173	0.0678444503014875
3187	0.030256910184394446
3242	0.024532116350053534
3266	0.05682294266162999
3293	0.03232536478225027
3318	0.02266083515874182
3335	0.03963556298735992
3341	0.051037768545288444
3365	0.019754621065060304
3433	0.02185269050758739
3438	0.02916150093066794
3476	0.05951652052358324
3540	0.07427536927637711
3596	0.06044464841089609
3605	0.04977779139699738
3621	0.038123034447671546
3680	0.14274843138335058
3711	0.051037768545288444
3719	0.04758281046111686
3729	0.03536141774250192
3730	0.051718435103522524
3807	0.07427536927637711
3824	0.026924625564563546
3897	0.0636085122624784
4121	0.09516562092223373
4130	0.01568543069114572
4187	0.09322785509083012
4200	0.022183136372612808
4219	0.019977445725610617
4248	0.06997118177679475
4298	0.02055239790653137
4304	0.022591472643528395
4359	0.07189414106303271
4365	0.035172101924370626
4419	0.041354948544213926
4457	0.04557011022584305
4472	0.07901848426024122
4478	0.08151069286008913
4510	0.04371180419577093
4516	0.0777131943074866
4552	0.040183008570525446
4557	0.11364588532325998
4572	0.02916150093066794
4587	0.041285780694946476
4644	0.01744093481598997
4668	0.05911823699411394
4708	0.020377138491439475
4889	0.14299524119046714
4895	0.016945407839436787
4915	0.07065366352711101
4949	0.013727670374690432
5022	0.13109831193800708
5041	0.030384721075725128
5091	0.10926345253793694
5109	0.03278320667993403
5155	0.04371180419577093
5195	0.027422289756072082
5252	0.03173971199323583
5314	0.06291324561966785
5335	0.06192745021973745
5414	0.020850030318786815
5474	0.026167148123363525
5484	0.04634367104527169
5508	0.03677289208198827
5514	0.06044464841089609
5531	0.09479237670466598
5544	0.05044074562208487
5725	0.02598469181865007
5857	0.024213383764619702
5858	0.07149762059523357
6071	0.037207047679807426
6131	0.05039202368674039
6195	0.05039202368674039
6274	0.07427536927637711
6348	0.023418148631841648
6524	0.3443449702558806
6559	0.06536288869045685
6625	0.018594957313372667
6660	0.030644302739509317
6702	0.03963556298735992
6714	0.055815263830281674
6769	0.03860729663766346
6947	0.0550484553574658
6959	0.017349376123956522
7001	0.014503725059105896
7179	0.1241759820213527
7215	0.02031925671285904
7221	0.053201236912363906
7289	0.07427536927637711
7321	0.02598469181865007
7327	0.06813625999699528
7374	0.04166581037936683
7700	0.023979520730136178
7726	0.014985847127602767
7738	0.029045470020232597
7743	0.019590053170495753
7755	0.035172101924370626
7769	0.02073013165381031
7821	0.014251571128538707
7832	0.019161441062270478
7878	0.039370516046882874
7924	0.03498559088839737
7979	0.06044464841089609
8037	0.009944507111274446
8089	0.022282275247518555
8144	0.03963556298735992
8212	0.023013498685862267
8309	0.0448747163708192
8414	0.025804842121878897
8428	0.05039202368674039
8541	0.03635321106427965
8562	0.07427536927637711
8651	0.018494643916769242
8653	0.0816625716724284
8654	0.05911823699411394
8709	0.04409983079508851
8761	0.04645987673295891
9174	0.045714311735208076
9203	0.19911116558798952
9304	0.0678444503014875
9329	0.02673094074945476
9339	0.03232536478225027
9370	0.04264728885856482
9376	0.0275242276787329
9390	0.02461307653044856
9495	0.012615167751516039
9615	0.13109831193800708
9828	0.135688900602975
9836	0.07065366352711101
9883	0.03742987234035774
9891	0.030627045348644806
9894	0.14997553786969592
9986	0.04396765973395311
9998	0.015399952023079729
10116	0.02308523258173714
10181	0.037207047679807426
10206	0.044475023604990345
10209	0.02211634966603533
10211	0.021154870022916345
10217	0.019267233824868828
10224	0.07688257681134013
10329	0.04357525912697124
10337	0.049192138607982945
10357	0.030384721075725128
10370	0.05243801750314449
10401	0.07427536927637711
10426	0.07427536927637711
10430	0.05039202368674039
10558	0.04170006063757363
10665	0.028153822099319624
10722	0.026540190665908726
10824	0.040465925300609384
10831	0.03444208499065417
10873	0.023483360708611633
10880	0.02762699775690609
10948	0.013591568890591058
10974	0.035172101924370626
11022	0.1097645979102097
11024	0.053201236912363906
11071	0.041354948544213926
11134	0.02682741068253748
11150	0.04758281046111686
11184	0.02939682114029798
11188	0.05911823699411394
11305	0.014576706507923894
11353	0.11163052766056335
11404	0.029045470020232597
11514	0.02359915147487671
11522	0.05682294266162999
11544	0.01487293816750315
11608	0.04528751612863291
11623	0.015605751534884513
11636	0.01725847851127651
11669	0.04105157808962383
11734	0.04615608564773129
11744	0.03742987234035774
11748	0.06192745021973745
11762	0.08669374484421555
11784	0.055815263830281674
11795	0.03232536478225027
11876	0.01574136104146895
11889	0.047777578102203476
12055	0.04027045627089484
12188	0.01596834742122966
12196	0.03939905145390674
12377	0.03614850306344564
12467	0.030130383846369745
12476	0.06924131822946844
12488	0.033627163748056584
12528	0.05682294266162999
12537	0.016091571223909015
12553	0.041354948544213926
12555	0.039110934383098685
12591	0.02762699775690609
12594	0.07065366352711101
12643	0.03392107555119127
12672	0.06192745021973745
12699	0.02571587168328061
12718	0.029278611213904928
12768	0.15002558248880998
12772	0.051718435103522524
12832	0.06192745021973745
12834	0.03811305983254784
12835	0.02682741068253748
