135
t_index	tf-idf
531	0.10895729706745458
536	0.4266783943682403
639	0.03820661152432156
748	0.05200490477011862
781	0.10895729706745458
808	0.05404020746421277
854	0.043763608870464536
1023	0.059281317169526566
1105	0.07183437025054232
1507	0.041185203632994064
1676	0.07302433822999144
1691	0.06463471437662871
2018	0.055543772803796035
2121	0.041357146350208984
2436	0.04961765303617346
2615	0.024451572620274257
2626	0.04457694018867779
2891	0.01775094527151552
3016	0.08037599620890516
3044	0.08296668848171833
3093	0.04337086240750911
3241	0.03792098352530359
3300	0.13011258722252733
3318	0.031104398830649603
3320	0.059498178175414876
3359	0.03864410579089247
3378	0.040514047409636225
3547	0.0741395703617847
3715	0.053683904108978664
3900	0.08655992540160458
4087	0.04632832147607244
4094	0.09697964412163353
4457	0.015637451943981938
4895	0.023259368866752863
4949	0.037685366082842266
5093	0.04961765303617346
5162	0.3025747396482974
5362	0.03280874557113028
5515	0.027344190710293783
5518	0.07661236732244976
5548	0.022722120397378965
5777	0.09697964412163353
5885	0.08559597786612645
6428	0.04067940848498662
6544	0.0387924337446011
6554	0.013271604395702453
6603	0.022258197218432512
6708	0.019758718725270023
6848	0.16593337696343666
6910	0.05594103398931311
6922	0.07533177411530609
7079	0.20390163849499396
7103	0.04853729498383843
7119	0.04565058361085006
7133	0.024257775069315562
7343	0.1446852353209096
7481	0.057403511078331144
7729	0.06832529629534849
7754	0.031009191424480238
7778	0.04906903233834933
7821	0.117370754230415
7830	0.09697964412163353
7832	0.052602218832250545
8036	0.01898413076577865
8060	0.025046357548486275
8112	0.12142813905516475
8210	0.06752142574961709
8259	0.06463471437662871
8464	0.03924521337307661
8505	0.014107901485958533
8651	0.0507717192758555
8724	0.026964392993172007
8775	0.03924521337307661
8805	0.041347522673168005
8877	0.02360985802582732
8882	0.04632832147607244
9000	0.03669105027970506
9028	0.06335412116948504
9067	0.04802143278019733
9070	0.09406745928851036
9135	0.15601471431035588
9150	0.21791459413490916
9180	0.21791459413490916
9269	0.050474693163873055
9437	0.08296668848171833
9783	0.03909296480664408
9826	0.025113726446707244
9831	0.060514947929659474
9845	0.06734586133005804
9891	0.007006477819957602
9998	0.010569033452281126
10026	0.08999685390032204
10121	0.0647846749157707
10169	0.04727541331128586
10173	0.05107061775246514
10190	0.08752721774092907
10325	0.06752142574961709
10377	0.07661236732244976
10379	0.13665059259069698
10419	0.03629978600575483
10541	0.07445382057468909
10873	0.02148893490311584
11032	0.043763608870464536
11046	0.08376696903378161
11115	0.060514947929659474
11116	0.04727541331128586
11150	0.19593735672555326
11153	0.05841510137434603
11175	0.04813225377711047
11246	0.08997316630167591
11430	0.07005474851824378
11516	0.054230623721646075
11623	0.08568219421618546
11650	0.11269528669905489
11657	0.10195081924749698
11658	0.12154214222890868
11857	0.030914505705345992
11876	0.010803343489796717
11889	0.016394947869784942
12328	0.0741395703617847
12329	0.035419881725375565
12405	0.04521308934427916
12420	0.04153081716388082
12537	0.022087387585412375
12544	0.0627477396362432
12566	0.018242779521565892
12567	0.04853729498383843
12624	0.0322897846316239
12719	0.0317859559246435
12737	0.04261117521621585
12747	0.10895729706745458
12748	0.07761796566979919
12792	0.056347643349527445
12867	0.04609944262660169
12868	0.03682346549091645
