47
t_index	tf-idf
356	0.13536446813794978
665	0.18888759502118213
872	0.04766261701458575
1206	0.13059205217223102
1507	0.13704754795023497
1999	0.14304267298434806
2057	0.062079118719340194
2087	0.11625438188948574
2109	0.11059396729110083
2430	0.09254448513075099
2440	0.12253346365677108
2506	0.08267672333198495
2534	0.20136904753463442
2631	0.14056912509319608
2942	0.26454048635040117
3238	0.11665231511510439
3900	0.21602707672801846
4269	0.22735869910205558
4895	0.0773976862774293
4990	0.06509366086781475
6428	0.13536446813794978
6612	0.09495747364651846
6827	0.11392293598480156
7343	0.12036335246773117
7358	0.22735869910205558
8023	0.15264847022244102
8112	0.20203164294104403
8388	0.09981156548429354
8805	0.06879383973270978
8877	0.039281985573341505
9186	0.12387596327329498
9307	0.11665231511510439
9831	0.20136904753463442
10217	0.08800256288553487
10477	0.10710798353931808
10541	0.12387596327329498
11032	0.14562742820446994
11064	0.1719960012196502
11111	0.32270867339621023
11175	0.1601644953914213
11623	0.07127884279123065
12420	0.1381976087188676
12434	0.10255749884577811
12504	0.13213926089486405
12666	0.11279172989765487
12867	0.1534001295743748
12868	0.12253346365677108
