279
t_index	tf-idf
15	0.039469860665953746
34	0.031301747313044616
75	0.02912170469173652
91	0.021018172506605193
189	0.022798121928041704
211	0.04528648455508547
250	0.031301747313044616
267	0.04445474672378757
294	0.04008721626933947
320	0.05315268122442132
489	0.07358024732038793
601	0.04330271791146962
631	0.027471090799692906
644	0.033436213434170525
647	0.046461401936721845
717	0.038492949364715284
758	0.02406496876119175
764	0.15958685349629192
773	0.05629115297909016
865	0.027678953033638223
866	0.04127587196652622
901	0.026672645687936144
902	0.014082914821440817
918	0.022311708649096984
983	0.035482771994993875
1023	0.04278468786232156
1116	0.021712964296494622
1123	0.11224379439046893
1203	0.06343784720961626
1208	0.03522088778285955
1273	0.023378293759960995
1301	0.01316623288479442
1320	0.04127587196652622
1371	0.17963689265758284
1420	0.1533655834866424
1491	0.04405879456833716
1651	0.04258986987789651
1654	0.028659746496879655
1665	0.04037392878912979
1694	0.039264625079693825
1710	0.027784197922634465
1716	0.06572810720856104
1737	0.017931793441561775
1740	0.03664193738443659
1747	0.037533133947351735
1895	0.038492949364715284
1906	0.027890338523580943
1911	0.06134788890963492
1921	0.10112024130824254
2020	0.06493570014973904
2116	0.04445474672378757
2157	0.06673123260344203
2172	0.1558417952463555
2173	0.03900205863779239
2233	0.025128752873653463
2241	0.0377662518623854
2277	0.025214467611976772
2356	0.06493570014973904
2515	0.04817738571309399
2575	0.10112024130824254
2577	0.04958096830178989
2704	0.05270334173898604
2709	0.03447610261190034
2896	0.047137496535364164
2909	0.01216043304480307
3033	0.0630132183731013
3077	0.027997390213787703
3159	0.037079576861154644
3166	0.047137496535364164
3167	0.010363685659998107
3173	0.06720951347847287
3187	0.029973744408249934
3242	0.024302527283476826
3266	0.05629115297909016
3293	0.03202284093060988
3318	0.022448758878093784
3335	0.039264625079693825
3341	0.05056012065412127
3365	0.019569743211629863
3433	0.021648177421792585
3438	0.028888586776702856
3476	0.05895952241555523
3540	0.07358024732038793
3596	0.059878964219194274
3605	0.04931193527190765
3621	0.0377662518623854
3680	0.1414124896060925
3711	0.05056012065412127
3719	0.047137496535364164
3729	0.0350304803387947
3730	0.05123441704854538
3807	0.07358024732038793
3824	0.026672645687936144
3897	0.0630132183731013
4121	0.09427499307072833
4130	0.015538635227605294
4187	0.09235536223600124
4200	0.021975530738396056
4219	0.019790482519856878
4248	0.06931634148164148
4298	0.020360053887615803
4304	0.022380045506839082
4359	0.07122130434142798
4365	0.03484293627330606
4419	0.04096791939845606
4457	0.0451436325864393
4472	0.07827897284651945
4478	0.08074785757825959
4510	0.04330271791146962
4516	0.07698589872943057
4552	0.03980694727608557
4557	0.11258230595818032
4572	0.028888586776702856
4587	0.04089939887132437
4644	0.017277710091001267
4668	0.05856496630782399
4708	0.020186434675307292
4889	0.1416569895907531
4895	0.016786820609818932
4915	0.0699924360802838
4949	0.013599197030498462
5022	0.12987140029947808
5041	0.030100359153972134
5091	0.10824088710896293
5109	0.032476398016806976
5155	0.04330271791146962
5195	0.027165652382489806
5252	0.03144266909869059
5314	0.06232445853212009
5335	0.06134788890963492
5414	0.020654900843176945
5474	0.02592225726165015
5484	0.045909953871213105
5508	0.036428745093283345
5514	0.059878964219194274
5531	0.09390524193913384
5544	0.049968685097849574
5725	0.025741508513353446
5857	0.047973555250456906
5858	0.07082849479537655
6071	0.036858837552927626
6131	0.049920419137175105
6195	0.049920419137175105
6274	0.07358024732038793
6348	0.023198984870810187
6524	0.3411223440799184
6559	0.06475117609342418
6625	0.01842093242160659
6660	0.030357511467143508
6702	0.039264625079693825
6714	0.05529290472596824
6769	0.038245981980924854
6947	0.05453327259452483
6959	0.01718700827060258
7001	0.01436798884088932
7179	0.12301385449037569
7215	0.020129094595752187
7221	0.05270334173898604
7289	0.07358024732038793
7321	0.025741508513353446
7327	0.06749859221042848
7374	0.04127587196652622
7700	0.02375510324805552
7726	0.014845598866719234
7738	0.02877364176640107
7743	0.01940671546096331
7755	0.03484293627330606
7769	0.02053612427554349
7821	0.014118194746902329
7832	0.01898211461097792
7878	0.03900205863779239
7924	0.03465817074082074
7979	0.059878964219194274
8037	0.009851439310980977
8089	0.022073741800901672
8144	0.039264625079693825
8212	0.022798121928041704
8309	0.04445474672378757
8414	0.025563341978500173
8428	0.049920419137175105
8541	0.03601299175029063
8562	0.07358024732038793
8651	0.01832155782941623
8653	0.08089831500019534
8654	0.05856496630782399
8709	0.04368711308072739
8761	0.04602507202307641
8778	0.03062007790904494
9174	0.04528648455508547
9203	0.1972477410876306
9304	0.06720951347847287
9329	0.026480773513664225
9339	0.03202284093060988
9370	0.04224816506910653
9376	0.027266636297262416
9390	0.024382729780678875
9495	0.01249710600146353
9510	0.03294707445412571
9615	0.12987140029947808
9828	0.13441902695694574
9836	0.0699924360802838
9883	0.037079576861154644
9891	0.030340415583268592
9894	0.16714345462657154
9986	0.04355617897078372
9998	0.015255828272814817
10116	0.022869184486883895
10181	0.036858837552927626
10206	0.04405879456833716
10209	0.021909369069520346
10211	0.020956887639627088
10217	0.019086917289342645
10224	0.07616305474507173
10329	0.04316745072894945
10337	0.04873176343998835
10357	0.030100359153972134
10370	0.0519472650821185
10401	0.07358024732038793
10426	0.07358024732038793
10430	0.049920419137175105
10477	0.023230700968360923
10558	0.04130980168635389
10665	0.027890338523580943
10722	0.026291808605641002
10824	0.04008721626933947
10831	0.03411975135946125
10873	0.02326358664638881
10880	0.02736844457964175
10948	0.013464369281296159
10974	0.03484293627330606
11020	0.04330271791146962
11022	0.1087373424049048
11024	0.05270334173898604
11071	0.04096791939845606
11134	0.02657634061221066
11150	0.047137496535364164
11184	0.02912170469173652
11188	0.05856496630782399
11305	0.014440287277183148
11353	0.11058580945193648
11404	0.02877364176640107
11514	0.023378293759960995
11522	0.05629115297909016
11544	0.014733746589312114
11608	0.04486368320663034
11623	0.01545970176579827
11636	0.01709696134270457
11669	0.040667388101258764
11734	0.04572412403180352
11744	0.037079576861154644
11748	0.06134788890963492
11749	0.06493570014973904
11762	0.12882360428997777
11784	0.05529290472596824
11795	0.03202284093060988
11876	0.01559404214176261
11889	0.04733044140175502
12055	0.03989357657841643
12188	0.015818904220859194
12196	0.03903032699009625
12377	0.035810199553138695
12467	0.0298484021940664
12476	0.06859330851868742
12488	0.03331245673189972
12528	0.05629115297909016
12537	0.015940974807181936
12553	0.04096791939845606
12555	0.03874490632462101
12591	0.02736844457964175
12594	0.0699924360802838
12643	0.03360361789845765
12672	0.06134788890963492
12699	0.025475204188812366
12718	0.029004601058264686
12768	0.11889722874711055
12772	0.05123441704854538
12832	0.06134788890963492
12834	0.03775637059683428
12835	0.02657634061221066
