235
t_index	tf-idf
91	0.02331745639347386
392	0.05229410499963622
497	0.0350404659276995
543	0.09089921341207448
644	0.03709396944330642
657	0.1324848899649685
660	0.03106016592241348
729	0.030823651451384743
742	0.036551321083466426
758	0.08009267116678057
790	0.03192133554706759
808	0.04326869052276721
831	0.044161629988322834
872	0.03440533822748617
902	0.015623515895054937
975	0.18094900299289593
982	0.03928839051748119
1020	0.023944877930595274
1051	0.037658772747245314
1053	0.057630038383778025
1092	0.06642942608966906
1095	0.050240601484029306
1119	0.04614153886427434
1193	0.058468826079097015
1203	0.035188816619076344
1207	0.07649523468486935
1211	0.04041386923219266
1269	0.10145223310031477
1301	0.014606553498456456
1378	0.03804853822961909
1643	0.058468826079097015
1840	0.06309136197708314
1846	0.1226833488412083
1867	0.03928839051748119
1879	0.029806689054786267
1885	0.04089101167498905
2057	0.02987460907779573
2076	0.026961103302658513
2085	0.04614153886427434
2298	0.05229410499963622
2349	0.047325011376633266
2449	0.045116198774635505
2493	0.11561500356327829
2529	0.04724899052805323
2537	0.032177560640614854
2577	0.036669920310146764
2621	0.08909451821001985
2702	0.057115003892343856
2707	0.04216123885898832
2815	0.1992882782690072
2830	0.06642942608966906
2891	0.02842550735758807
2894	0.044472559020168334
2996	0.04138519848043794
3018	0.06642942608966906
3167	0.011497421499263721
3294	0.024306145442783797
3300	0.03472600330890249
3317	0.054062776800976244
3365	0.02171057611337322
3438	0.03204885497172342
3439	0.0353622422824318
3470	0.06642942608966906
3476	0.03270470095515469
3808	0.049656623098481574
3824	0.08877150273625056
3859	0.0603163343309653
3871	0.02452752231970578
3879	0.09775721659657821
3881	0.03130079389418113
3889	0.03709396944330642
3980	0.09607964120594024
3981	0.03793456833072804
4130	0.017238484897767383
4219	0.021955463207733655
4342	0.03130079389418113
4358	0.030706893293222584
4430	0.02245863719091551
4442	0.02937763887304085
4490	0.07764926164071284
4505	0.07493586331535207
4685	0.05175145663979623
4708	0.06718419169886415
4744	0.037467931657676035
4828	0.0344185293300487
4841	0.057630038383778025
4859	0.06458914180469674
4895	0.01862321557364282
4949	0.01508688177553283
4979	0.03865458078803387
5474	0.028758023711575598
5515	0.021893833886976605
5530	0.13981310422354645
5533	0.05344775289876448
5544	0.018478337185629492
5548	0.07277221473632023
5690	0.030026308898289993
5915	0.042703887218828306
5925	0.032177560640614854
5939	0.0603163343309653
6017	0.04326869052276721
6018	0.037279687126176374
6066	0.05175145663979623
6078	0.057630038383778025
6348	0.0128684194101076
6356	0.05683920830886114
6362	0.05683920830886114
6395	0.18094900299289593
6554	0.01062625349317044
6556	0.026524607808209033
6603	0.05346480475728336
6739	0.05609114723131885
6755	0.026353793791298076
6798	0.0211749314285162
6836	0.03886264124464644
6911	0.07456190110098244
7169	0.03709396944330642
7187	0.05122040181359499
7281	0.08719308902167786
7282	0.10350291327959246
7366	0.025610200906797494
7421	0.038449602822162206
7460	0.05229410499963622
7481	0.045961606594744984
7515	0.04724899052805323
7533	0.06642942608966906
7574	0.022652147473052817
7590	0.41943931267063933
7671	0.07205830995401889
7726	0.016469633794324676
7734	0.062449126084383036
7738	0.03192133554706759
7743	0.02152971393489891
7769	0.022782674475407473
7778	0.07857678103496238
7821	0.01566265526948225
7862	0.04718560796207098
8012	0.04355998043189239
8018	0.038449602822162206
8036	0.015200135556329805
8037	0.010929137938827176
8105	0.026018365008416304
8292	0.036551321083466426
8326	0.16655629101012534
8386	0.02094336519245077
8464	0.09426808694604742
8524	0.044472559020168334
8645	0.022331117766259678
8651	0.020325845437497783
8724	0.04317947803322069
8838	0.07764926164071284
8877	0.0945192189429056
8879	0.02207955156984657
8880	0.030362416753523778
8905	0.030823651451384743
8907	0.06642942608966906
8965	0.032571021078180405
8985	0.10145223310031477
9179	0.058468826079097015
9260	0.022522840367067098
9261	0.02585365163887962
9381	0.03130079389418113
9390	0.05410015911099455
9443	0.01659484514330022
9467	0.06365299458178417
9495	0.02772845490179228
9531	0.05229410499963622
9539	0.025292123458552508
9704	0.034267317337148655
9713	0.03691071166970303
9891	0.04487934220417515
9894	0.020603124449594327
9911	0.04614153886427434
9986	0.04832100904578754
9987	0.0344185293300487
10104	0.062449126084383036
10121	0.10374305285207872
10128	0.016806082217911696
10209	0.024306145442783797
10277	0.07764926164071284
10304	0.07203934386519094
10366	0.04326869052276721
10403	0.026784849204038095
10413	0.10458820999927244
10474	0.04579124775855871
10476	0.03569168069447383
10682	0.041639072752531335
10722	0.029168002140763403
10771	0.07345969898245742
10841	0.06990655211177323
10873	0.008602835903272142
10890	0.027596298894743698
10976	0.0504274673517257
11147	0.24226429512727177
11153	0.023385781271255075
11282	0.05609114723131885
11305	0.01601998312598958
11316	0.10713939681615238
11400	0.07493586331535207
11454	0.023047481786104867
11544	0.016345545432211762
11567	0.04440952583764422
11592	0.011012906668786415
11623	0.017150916506505354
11627	0.03283968504664031
11636	0.03793456833072804
11656	0.047638756010427
11660	0.02239473056628805
11669	0.045116198774635505
11686	0.09300185890102187
11702	0.03106016592241348
11710	0.04326869052276721
11751	0.07531754549449063
11795	0.07105196198765518
11876	0.008649976526842993
11889	0.052508157077998385
12188	0.01754941392961289
12196	0.02165002564634461
12299	0.06990655211177323
12317	0.07764926164071284
12323	0.06853463467429731
12371	0.06435512128122971
12423	0.05609114723131885
12436	0.04385753511795657
12512	0.036551321083466426
12590	0.05983212643661139
12612	0.023385781271255075
12624	0.10341460655551848
12699	0.028262065248574705
12737	0.06823548020102739
12739	0.06773756010960448
12766	0.011012906668786415
12823	0.05936176554465263
12834	0.02094336519245077
12835	0.02948366053845001
