460
t_index	tf-idf
3	0.011860645023908826
16	0.014369096557733461
17	0.04155852795030254
91	0.028402794569724558
102	0.021943403046722966
117	0.02215407927855528
182	0.020337979366582083
189	0.0308081196637913
274	0.04257628716449871
278	0.05042222413750264
294	0.02708582223816925
320	0.03591379519729555
336	0.04257628716449871
470	0.030598823879642113
497	0.02134124620150321
543	0.027680888960676907
549	0.040458558403000756
557	0.12413483364734772
598	0.059020013932607904
604	0.01697880263946493
631	0.018561455529607147
632	0.05273005581566673
639	0.03726277261453285
644	0.022591923752213985
647	0.17265975665069644
712	0.03673540596136191
729	0.07509205337744333
731	0.02163694708008622
764	0.0308081196637913
769	0.04541160759481572
817	0.02406113180822092
831	0.026896452238537927
858	0.05310457868113688
863	0.03740380457303895
866	0.02788896398540532
871	0.01594790080184112
872	0.01396961625783911
875	0.04327389416017244
902	0.01903087133244387
918	0.015075403845427007
931	0.07914145278335784
977	0.04784370240552336
983	0.011987363356893556
991	0.04287732949431711
1012	0.023173299796899086
1023	0.014454214557681163
1040	0.026008620227216082
1051	0.02293591479359036
1052	0.026896452238537927
1105	0.017514951586652467
1116	0.014670848862318859
1123	0.0606720195639657
1170	0.04474031609932602
1196	0.03876758464444285
1203	0.06429479567053457
1246	0.034162073793718266
1265	0.024472267510403226
1277	0.04541160759481572
1301	0.008896059059522121
1316	0.034162073793718266
1329	0.08633038799018147
1368	0.03184950143035288
1411	0.02877679599672716
1420	0.04441066239024608
1490	0.01663943018430787
1515	0.029769307743594552
1600	0.024472267510403226
1654	0.17428137549158895
1656	0.04257628716449871
1684	0.05313283255614175
1710	0.037546026688721666
1716	0.014803554130082027
1720	0.03876758464444285
1735	0.07471976993249481
1737	0.012116016395510978
1740	0.02475794267650531
1785	0.04387525487800285
1884	0.028321192590581468
1885	0.04980899223115875
2074	0.041451070149868145
2108	0.04971613608113965
2157	0.030058964299020028
2180	0.032552125758920414
2199	0.05329394159681531
2294	0.01458352569386979
2411	0.03184950143035288
2422	0.029510006966303952
2430	0.013562106164462833
2493	0.011735804068752112
2506	0.012116016395510978
2577	0.16750243828301542
2640	0.019063614912442572
2650	0.05620461457621702
2689	0.01967672964002077
2702	0.06957129864547718
2716	0.018773013344360833
2801	0.026225160743048242
2819	0.034162073793718266
2829	0.03331870948635982
2833	0.045639367685203464
2891	0.01731243392061697
2909	0.01643293590543559
2928	0.023294548080781515
2945	0.033729845188542114
2986	0.10620915736227377
2989	0.0775351692888857
3000	0.018492100320429104
3115	0.06546680217226306
3133	0.019837241356837013
3154	0.04541160759481572
3167	0.014004910973759556
3187	0.020252429288165053
3215	0.026896452238537927
3231	0.025205478479980017
3235	0.03219349247172926
3242	0.016420544881834916
3244	0.04971613608113965
3263	0.029769307743594552
3266	0.038034373674866055
3272	0.035610188946731354
3325	0.032552125758920414
3343	0.06583020914016889
3346	0.02877679599672716
3359	0.018844729609969618
3365	0.06611366854652888
3378	0.01975660332189699
3438	0.01951921831858826
3439	0.021537222716836474
3463	0.04541160759481572
3475	0.027680888960676907
3583	0.040458558403000756
3592	0.03292670344130605
3605	0.06663741897271964
3620	0.04971613608113965
3635	0.026352611268592455
3648	0.02877679599672716
3672	0.025517610843157568
3680	0.03184950143035288
3715	0.02617886056971888
3760	0.14943953986498962
3809	0.014803554130082027
3824	0.03604393654431291
3859	0.03673540596136191
3871	0.014938382772014473
3890	0.03184950143035288
3929	0.05010728711017664
3946	0.038425524703903036
3974	0.03876758464444285
3995	0.050410956959960035
4011	0.017514951586652467
4059	0.021055571035401125
4064	0.041451070149868145
4119	0.025841751203160408
4121	0.03184950143035288
4148	0.017828244560030355
4200	0.029696515476175647
4209	0.05610570685955842
4219	0.0668594057440736
4225	0.02810230728810851
4226	0.029014181000035884
4227	0.030894524758225114
4229	0.03615402991667682
4283	0.0350993288812993
4304	0.015121577168330779
4342	0.019063614912442572
4353	0.03478564932273859
4359	0.02406113180822092
4385	0.04541160759481572
4405	0.04971613608113965
4413	0.0849635777717444
4421	0.02406113180822092
4454	0.029510006966303952
4472	0.026445467418611552
4505	0.045639367685203464
4510	0.029258447678162505
4524	0.02810230728810851
4527	0.02810230728810851
4535	0.037359884966247404
4540	0.08068935671561378
4553	0.026711244555783612
4569	0.02419596045015337
4572	0.01951921831858826
4598	0.014670848862318859
4603	0.05313283255614175
4620	0.011829260963995425
4640	0.012896501600416384
4695	0.023053771404918974
4708	0.081836490351062
4712	0.0775351692888857
4808	0.03461767719986395
4836	0.01967672964002077
4859	0.013112580371524121
4889	0.09571370616183102
4895	0.01134238995111654
4968	0.022591923752213985
4990	0.019078546670297514
5091	0.02925414832935141
5093	0.02419596045015337
5135	0.020599967629255436
5239	0.01697880263946493
5248	0.10083869512039641
5249	0.15939849766842526
5307	0.04257628716449871
5324	0.025205478479980017
5342	0.03031314871354002
5364	0.03120098072486186
5369	0.02105163867985793
5414	0.027911889357765136
5418	0.056642385181162935
5474	0.035029903173304934
5484	0.01034002827870191
5531	0.08459889634328938
5538	0.04634659959379817
5583	0.02215407927855528
5600	0.031519003763110606
5719	0.04387525487800285
5764	0.026352611268592455
5769	0.04432160675377275
5771	0.035610188946731354
5797	0.04409616556453704
5855	0.041378277882449244
5857	0.01620720157913172
5867	0.034162073793718266
5882	0.0365747905317801
5913	0.03857667567843957
5970	0.11491537390625486
5978	0.017453666877644717
6006	0.023294548080781515
6173	0.037546026688721666
6233	0.02747782828322302
6298	0.017828244560030355
6308	0.032552125758920414
6348	0.023512367736943998
6388	0.01251419804387977
6524	0.03292670344130605
6544	0.07566824589347405
6545	0.029258447678162505
6580	0.017701526227045624
6601	0.015214689832264323
6603	0.0434166814940863
6612	0.02783144423752038
6621	0.03673540596136191
6625	0.024893028125506506
6744	0.06101393809974626
6755	0.016050665616268067
6777	0.020083891463163996
6798	0.012896501600416384
6850	0.02536009952172506
6909	0.010994851610026158
6952	0.02617886056971888
6985	0.013875690640403964
6995	0.030894524758225114
7001	0.0194161045780563
7012	0.03292670344130605
7051	0.08366689195621596
7061	0.04971613608113965
7167	0.032552125758920414
7170	0.023173299796899086
7206	0.07038888656076497
7215	0.013600671954187071
7279	0.05313283255614175
7281	0.03540305245409125
7321	0.017392824661369294
7327	0.057008662613743086
7340	0.014627074164675706
7416	0.016474735488827334
7472	0.019288337839219787
7515	0.11510718398690864
7557	0.033729845188542114
7566	0.028321192590581468
7574	0.01379619372678008
7591	0.012345996644084712
7651	0.01835507924701657
7726	0.01003076016108089
7743	0.1835761252013377
7779	0.02163694708008622
7811	0.016887897097813458
7816	0.04257628716449871
7821	0.009539273335148757
7862	0.04310728967320039
7865	0.04729195135300495
7924	0.023417566475025707
7946	0.02173786577546839
7975	0.01697880263946493
8018	0.07025269942507714
8035	0.018021968272156456
8037	0.04659441367097403
8089	0.014914616234097521
8105	0.07923187073923181
8131	0.017764647198938433
8144	0.02653002014436142
8167	0.014454214557681163
8197	0.040458558403000756
8249	0.040458558403000756
8250	0.031519003763110606
8285	0.03292670344130605
8311	0.029769307743594552
8386	0.012755467172791345
8421	0.04541160759481572
8433	0.06663741897271964
8497	0.02708582223816925
8504	0.03644050121016825
8505	0.00687969312333355
8533	0.040458558403000756
8537	0.023417566475025707
8539	0.01913785865567864
8541	0.0243329815235659
8645	0.013600671954187071
8651	0.012379369401947326
8653	0.018220250605084126
8724	0.01314913839132078
8761	0.0932936009529897
8777	0.03868950480124916
8778	0.06206741682367386
8799	0.031519003763110606
8830	0.029014181000035884
8877	0.011513305367550897
8879	0.013447456636082987
8931	0.059020013932607904
8965	0.019837241356837013
8997	0.04174072670529363
9006	0.02653002014436142
9042	0.03876758464444285
9096	0.029769307743594552
9130	0.026711244555783612
9139	0.039837317030579585
9203	0.03331870948635982
9261	0.01574605617321627
9330	0.02617886056971888
9376	0.03684662256507602
9382	0.04729195135300495
9396	0.037359884966247404
9411	0.06745969037708423
9443	0.05053509799352161
9458	0.021943403046722966
9461	0.03957072639167892
9480	0.026711244555783612
9495	0.033775794195626915
9509	0.04980899223115875
9510	0.04452285216994343
9552	0.03615402991667682
9553	0.016921282891579986
9648	0.03331870948635982
9752	0.03120098072486186
9755	0.024613894547497628
9786	0.03331870948635982
9791	0.041451070149868145
9799	0.06240196144972372
9826	0.012246664134184156
9862	0.1062656651122835
9891	0.03758366122502307
9894	0.03764473500206139
9911	0.14051153644054257
9976	0.03031314871354002
9979	0.03615402991667682
9986	0.0735742607474882
9987	0.02096245837146758
9998	0.020615881627557443
10026	0.021943403046722966
10056	0.028321192590581468
10099	0.01709503359045356
10128	0.010235672637321745
10135	0.017514951586652467
10137	0.017701526227045624
10212	0.03184950143035288
10217	0.012896501600416384
10224	0.01715375585141171
10228	0.012480288097329493
10329	0.16041878263256767
10334	0.05313283255614175
10375	0.014759086426118636
10399	0.13623482278444715
10403	0.03262639615083696
10452	0.029418111702911035
10460	0.025517610843157568
10464	0.029510006966303952
10477	0.015696341513699676
10520	0.028545915517358682
10671	0.020599967629255436
10677	0.09765637727676124
10699	0.023417566475025707
10773	0.029967618705791704
10774	0.09082321518963143
10805	0.06438698494345851
10853	0.017956897598647777
10873	0.005239520485306389
10890	0.016807408045834214
10948	0.018195003137755343
10976	0.015356316869358734
11020	0.05851689535632501
11021	0.030036841653290163
11039	0.03184950143035288
11046	0.02042440689700659
11077	0.029258447678162505
11127	0.02042440689700659
11132	0.061799902887766316
11134	0.017956897598647777
11174	0.05010728711017664
11175	0.04694321627500845
11202	0.020000870000023614
11305	0.009756902340884955
11372	0.11178831784359855
11400	0.045639367685203464
11404	0.01944155315732387
11425	0.09082321518963143
11432	0.02788896398540532
11444	0.037359884966247404
11454	0.11229576322114096
11493	0.03031314871354002
11532	0.04729195135300495
11544	0.009955184673812626
11553	0.023053771404918974
11567	0.02704743214741284
11592	0.006707363797550331
11605	0.024472267510403226
11652	0.026352611268592455
11698	0.034162073793718266
11740	0.05313283255614175
11744	0.02505364355508832
11749	0.04387525487800285
11762	0.029014181000035884
11814	0.023542407430182426
11876	0.010536462561740801
11889	0.11992450850620763
11946	0.04971613608113965
11986	0.04387525487800285
12032	0.03461767719986395
12042	0.07122037789346271
12045	0.03184950143035288
12055	0.017969990173221945
12141	0.04729195135300495
12145	0.04971613608113965
12165	0.040458558403000756
12193	0.031983242511452695
12215	0.02788896398540532
12304	0.06832414758743653
12309	0.12452248057789687
12387	0.03284108976366983
12424	0.05313283255614175
12468	0.041451070149868145
12488	0.011254152387316764
12512	0.06678427825491515
12516	0.05518477490712032
12520	0.02016773902407928
12525	0.05697005878337274
12528	0.11410312102459816
12537	0.010770875359103071
12553	0.027680888960676907
12567	0.02366912576316715
12581	0.024960576194658985
12643	0.022705034314221884
12690	0.02237015804966301
12739	0.030941453883011342
12762	0.0243329815235659
12766	0.020122091392650993
12768	0.06025167438949199
12790	0.051683502406320816
12829	0.005369496486536811
12834	0.03826640151837404
12835	0.0897844879932389
