339
t_index	tf-idf
15	0.019797004777579064
17	0.03085019587052977
91	0.04216856654760521
117	0.03289133271957963
182	0.030195037120667925
184	0.029095832416633927
190	0.022869831365712807
191	0.033541384029835516
227	0.046322928851843755
274	0.06321142077194992
294	0.040213306994950446
298	0.0788843287939943
316	0.034767184893055636
320	0.07997980228863666
395	0.04272383247486257
469	0.026853901906281393
542	0.052110660522293274
557	0.09214917181272364
596	0.0271506116188314
612	0.02646892774269399
631	0.027557498639763044
633	0.03045299828326257
634	0.03112217773742842
639	0.027661322249239638
644	0.033541384029835516
647	0.1398226262664833
687	0.031975508859032706
712	0.05453968295733111
716	0.03514066555731281
717	0.038614025467473154
731	0.03212356589045584
764	0.045739662731425615
790	0.02886414666313471
863	0.055532029371260165
871	0.023677251708671052
872	0.02074016665392193
902	0.01412721136068221
918	0.0447637762352817
976	0.1057382307002757
991	0.03182918352851081
1049	0.03592283730816741
1051	0.034052094660243754
1116	0.021781260468643756
1123	0.045038738851560546
1167	0.03886677493528674
1170	0.03321213678752489
1203	0.047728038930147945
1208	0.03533167191083104
1240	0.01818216409166257
1316	0.10143830591304938
1368	0.09457152656418395
1378	0.034404531294070534
1411	0.04272383247486257
1420	0.04395656603036112
1473	0.07381168735635667
1488	0.024299028017146555
1497	0.024378968692597515
1511	0.032986567425025905
1600	0.036333060063858454
1605	0.09462470754099489
1654	0.028749893146308693
1665	0.04050092134312963
1710	0.055743181225877333
1716	0.06593484904554167
1737	0.089940981407967
1740	0.03675719129584698
1855	0.07381168735635667
1884	0.08409483028381175
1885	0.036974773704268236
1982	0.05453968295733111
2069	0.01914695346732317
2075	0.038614025467473154
2109	0.04812445174451691
2157	0.022313709893645995
2219	0.03212356589045584
2233	0.02520779310089821
2430	0.04027030332652115
2440	0.07997980228863666
2451	0.037421630960927516
2529	0.04272383247486257
2577	0.18236870948531606
2587	0.047796473912500206
2612	0.0966578466750049
2701	0.047285763282091976
2737	0.03458454408524599
2751	0.07021259097937547
2829	0.04946704151969347
2909	0.012198682590894292
2970	0.04050092134312963
2986	0.13140396887125588
2991	0.03212356589045584
3115	0.024299028017146555
3167	0.010396283699135905
3181	0.04720331657499425
3182	0.03765119103722493
3183	0.052110660522293274
3187	0.030068024119675168
3241	0.054909059110556976
3242	0.04875793738519503
3267	0.04679508575947279
3300	0.03140020413791055
3318	0.045038738851560546
3365	0.0588938942250918
3378	0.029331889856432904
3471	0.034404531294070534
3584	0.05453968295733111
3593	0.06953436978611127
3605	0.04946704151969347
3648	0.04272383247486257
3680	0.047285763282091976
3760	0.16640047072227482
3809	0.02197828301518056
3824	0.026756542090873178
3929	0.03719620732809347
3931	0.055466823574091606
3936	0.04419737753551903
3939	0.08329804405689024
3946	0.028524469513474655
3981	0.017150738293614808
4007	0.05367653569309609
4123	0.05646821172711902
4148	0.02646892774269399
4162	0.038614025467473154
4200	0.022044652789622397
4209	0.055532029371260165
4219	0.11911639019313502
4222	0.03321213678752489
4241	0.05139557028948139
4304	0.0224504399228096
4342	0.056606071779298835
4370	0.05453968295733111
4389	0.060067308104100214
4457	0.04528562781382787
4464	0.06513994954173784
4472	0.019631298075030598
4540	0.07986431288167928
4544	0.060067308104100214
4564	0.020249929286123035
4572	0.028979453222606113
4587	0.04102804424410578
4598	0.08712504187457502
4640	0.01914695346732317
4695	0.03422707196206121
4708	0.0607497878583691
4712	0.057556782624188084
4726	0.04109678029637963
4737	0.03212356589045584
4828	0.06224435547485684
4841	0.052110660522293274
4889	0.17762819860450105
4970	0.04168032966597908
4990	0.014162602255969391
5086	0.029331889856432904
5091	0.06514880943800025
5122	0.046322928851843755
5135	0.03058400129326412
5248	0.029942287652854335
5307	0.06321142077194992
5314	0.04168032966597908
5369	0.03125458040505547
5414	0.020719868972099653
5474	0.02600379338542674
5484	0.03070290632875494
5531	0.03140020413791055
5535	0.05286911535013785
5556	0.0271506116188314
5583	0.06578266543915925
5609	0.042047415141905874
5690	0.0543012232376628
5769	0.03290131573682293
5781	0.04459457512278622
5792	0.030195037120667925
5857	0.024062225872258456
5913	0.028636673612138827
5970	0.034122111329665805
5985	0.046322928851843755
6000	0.05646821172711902
6006	0.03458454408524599
6018	0.06741863009955293
6127	0.057556782624188084
6173	0.027871590612938667
6273	0.055466823574091606
6295	0.06154085316475666
6298	0.02646892774269399
6308	0.04832892333750245
6348	0.04654391037347392
6488	0.09336653321228527
6524	0.04888504480956926
6559	0.021651615027211826
6625	0.03695774760842517
6726	0.024140662951392354
6850	0.03765119103722493
7001	0.014413182054764431
7033	0.07266612012771691
7107	0.04343892270767445
7133	0.017562461219958296
7179	0.03085019587052977
7206	0.020900749324950924
7222	0.042047415141905874
7282	0.04679508575947279
7321	0.025822476108233624
7324	0.04172244432183515
7327	0.08463862868550513
7366	0.023157445713891993
7367	0.12817149742458772
7417	0.03719620732809347
7418	0.03719620732809347
7671	0.0325785495995873
7700	0.04765964556842707
7726	0.01489229435988237
7738	0.02886414666313471
7743	0.11680654521161063
7805	0.03592283730816741
7811	0.012536414521994724
7832	0.019041821141579787
7878	0.03912473609788139
7894	0.04140570150149609
7908	0.05874917713073373
7924	0.10430155467916692
7946	0.032273396102115944
8012	0.03938812841886003
8037	0.0395297045015921
8089	0.02214317276617311
8140	0.05511499727952609
8156	0.031975508859032706
8326	0.07530238207444986
8386	0.01893756492873376
8392	0.08159060741014931
8505	0.01021402301052541
8645	0.04038481769703179
8651	0.01837918663819938
8653	0.027050924452818193
8761	0.046169839738766504
8778	0.030716390604241212
8805	0.014967660088649432
8873	0.04238105286439528
8905	0.027871590612938667
8931	0.04381240337193163
9000	0.07969219919991306
9007	0.055466823574091606
9204	0.04140570150149609
9215	0.040795303705074656
9327	0.031975508859032706
9329	0.02656406639997102
9370	0.04238105286439528
9390	0.02445942345952565
9416	0.03592283730816741
9421	0.029331889856432904
9426	0.02454039897290607
9443	0.015005513894052237
9480	0.03965718552288364
9484	0.045867945142712294
9495	0.012536414521994724
9510	0.06610141301443268
9539	0.045739662731425615
9549	0.03675719129584698
9580	0.019199852798319848
9665	0.03912473609788139
9713	0.03337567732728706
9883	0.03719620732809347
9891	0.0659443386892893
9894	0.0931495496100159
9938	0.033709315049776464
9976	0.04500479787847727
9986	0.19661931452657488
9987	0.03112217773742842
9998	0.007651907052799896
10023	0.03058400129326412
10026	0.0325785495995873
10121	0.023451828075837018
10128	0.0455895607427114
10135	0.02600379338542674
10178	0.025555334147442398
10180	0.0966578466750049
10211	0.042045611281598366
10268	0.045867945142712294
10284	0.04343892270767445
10329	0.0866064601088473
10452	0.014558656637392961
10477	0.023303771044413887
10558	0.020719868972099653
10696	0.0543012232376628
10728	0.04888504480956926
10773	0.06673770360340414
10825	0.04888504480956926
10873	0.023336760161377937
10876	0.05866377971286581
10890	0.024953329959615606
10976	0.022798949175301026
11020	0.04343892270767445
11050	0.05286911535013785
11134	0.026659934096212222
11175	0.034847418527636
11203	0.03085019587052977
11305	0.014485707899273175
11306	0.026756542090873178
11372	0.027661322249239638
11444	0.055466823574091606
11452	0.0966578466750049
11453	0.08799566956929872
11454	0.06252049449896863
11522	0.05646821172711902
11567	0.04015631066337975
11581	0.04832892333750245
11592	0.009958172107384361
11608	0.04500479787847727
11636	0.017150738293614808
11652	0.03912473609788139
11749	0.06513994954173784
11762	0.1292288073260681
11773	0.05139557028948139
11857	0.02238188811764085
11876	0.023464637693682407
11889	0.1186982875979236
11909	0.047285763282091976
12055	0.05335874430377714
12193	0.015828107887313283
12196	0.07830618673147906
12202	0.04140570150149609
12215	0.04140570150149609
12377	0.03592283730816741
12470	0.04381240337193163
12516	0.040965385419609514
12525	0.028193771674241877
12566	0.013207646083627
12567	0.07028133111462562
12581	0.018529016849859487
12590	0.027050924452818193
12591	0.054909059110556976
12612	0.021146064501286328
12670	0.040213306994950446
12718	0.029095832416633927
12737	0.03085019587052977
12739	0.045937619058661325
12748	0.03746324654405234
12766	0.019916344214768723
12768	0.0596356046318103
12834	0.17043808435860386
12835	0.18661953867348555
