162
t_index	tf-idf
91	0.03835608874140397
286	0.13427668342470436
554	0.05314423454780278
557	0.055878617666637855
590	0.12265072343643388
607	0.0492104780312118
632	0.047472293503606273
634	0.05661681716284683
683	0.13427668342470436
764	0.04160432061990693
872	0.01886503947890339
902	0.025699928500399555
994	0.09349775040196938
1123	0.08193353512461202
1420	0.039982434440225575
1490	0.08988178387714163
1497	0.044349711794995014
1524	0.08040294815219307
1605	0.05737976533578131
1645	0.06726373777933335
1716	0.11994730332067671
1737	0.09817125542017355
1981	0.05790298736418998
2157	0.04059263602733184
2233	0.045857491886117346
2294	0.039388166844178195
2537	0.05293053198370141
2577	0.0904803697595759
2588	0.07970261117654386
2686	0.10687527872055949
2707	0.06935320010185562
2712	0.06535007700959361
2801	0.07083067761157257
2833	0.061632936601991734
2909	0.022191589152376977
2929	0.09109983400468509
3000	0.04994470802259525
3117	0.14350472701569061
3181	0.08587128980991583
3187	0.05469912286968323
3199	0.07117490456120683
3214	0.04173400277054518
3242	0.044349711794995014
3318	0.12290030268691803
3378	0.053359962758815695
3471	0.06258800634980191
3563	0.07902318293535504
3680	0.08602127514130276
3692	0.05128952187982387
3869	0.060418827112646886
3939	0.05051135528047185
4020	0.0783634510656763
4059	0.05686830210683826
4135	0.0721435254590806
4148	0.14445516523438526
4172	0.08695034927708122
4200	0.04010317295076347
4209	0.05051135528047185
4219	0.03611567578143549
4325	0.13427668342470436
4342	0.10297658612691793
4430	0.036943372663359994
4457	0.020595667594918734
4472	0.035712848347584585
4574	0.10470609948340447
4587	0.024879121025477687
4600	0.08893065476753008
4717	0.05843852162219803
4798	0.06686791639628717
4895	0.0919028684526067
4990	0.02576431087957009
5066	0.10927319511784377
5091	0.039505785482490965
5304	0.07024583042542837
5362	0.04321151683854166
5369	0.028428840668280542
5746	0.12772928229981623
5806	0.07772230568609499
5842	0.08587128980991583
5857	0.04377349985706195
5970	0.15518558459026574
6162	0.23700247741765998
6168	0.09494458700721255
6246	0.1075953046446424
6312	0.07532438928881072
6348	0.021167927947485614
6388	0.06759837515568967
6488	0.05661681716284683
6701	0.05661681716284683
6726	0.04391619095681655
6763	0.05712259699661503
6779	0.07024583042542837
6960	0.10927319511784377
7001	0.026220160427528297
7418	0.13533313042636852
7472	0.05209523985529913
7651	0.04957463229371922
7726	0.02709175154843852
7738	0.05250905408919899
7751	0.1271698341318704
7769	0.03747639833433223
7821	0.02576431087957009
7953	0.13427668342470436
8037	0.017977903660453567
8089	0.013427466146325675
8105	0.042798952867276197
8140	0.05013202723524395
8156	0.058169179356098305
8183	0.07165406238251223
8505	0.01858113780349518
8574	0.10687527872055949
8653	0.0492104780312118
8777	0.03483173873084323
8844	0.06766656521318426
8877	0.015547954666946261
8885	0.07772230568609499
8933	0.05447038570955398
8938	0.05424392457881404
9048	0.07070562699004984
9113	0.060418827112646886
9260	0.03704898378493325
9443	0.05459543633107672
9449	0.06807665118827336
9578	0.17025728963546
9820	0.03892367815380886
9891	0.009228043590986229
9894	0.03389114388823338
9998	0.013920189846948245
10099	0.046171416254346224
10106	0.11850123870882999
10429	0.09109983400468509
10708	0.1799788221078936
10728	0.08893065476753008
10739	0.06766656521318426
10948	0.024571143986858605
11006	0.09226722608619398
11055	0.0721435254590806
11134	0.0484991965225989
11209	0.09266003457088777
11344	0.07649178137031958
11454	0.15164797424493506
11535	0.1424168805108188
11577	0.0537976523223212
11581	0.08791897017495498
11592	0.018115699172358994
11623	0.05642485736171873
11658	0.053359962758815695
11663	0.04046927986702863
11746	0.06132328344628536
11876	0.014228793298719764
11889	0.043186690232108034
12185	0.1009040895336044
12196	0.07122649151193719
12327	0.053359962758815695
12488	0.030395971538471844
12516	0.07452337544870105
12525	0.15386856563947163
12534	0.06572015273846964
12537	0.029090704443338528
12631	0.11499289936080741
12739	0.02785625308832303
12834	0.10335247039511183
