107
t_index	tf-idf
91	0.044756867976952885
117	0.06982039735471438
304	0.07712635764561758
701	0.13418266001202026
728	0.08597372582978402
872	0.0220131955327825
880	0.06520351776485105
902	0.02998867571363869
976	0.11222843029834007
983	0.03777915851478488
1301	0.028036659552269434
1370	0.11986844723840008
1488	0.05158099873771832
1713	0.1003763152355117
1900	0.15668447929976842
1905	0.07155677732479326
2091	0.14311840482829422
2130	0.08144239779320632
2219	0.0681906128293436
2241	0.16084168574198723
2375	0.13063644632902421
2396	0.07583062976940363
2526	0.14311840482829422
2577	0.07038635579933895
2623	0.13063644632902421
2634	0.06635835855499343
2909	0.025894872456574687
3044	0.12750846417846012
3167	0.044137625256754014
3181	0.0501006503419147
3375	0.11222843029834007
3433	0.04609842356676509
3557	0.09553437367630174
3785	0.09736662795065192
3959	0.08305241517703175
4134	0.06756570979909984
4200	0.04679550173416689
4289	0.09736662795065192
4338	0.16745247839039257
4457	0.024032627040200226
4478	0.08597372582978402
4505	0.07191810471409082
4828	0.13212981271979726
5107	0.10377120569746152
5484	0.06517489388753606
5485	0.4025479800360608
5508	0.07757270686563117
5515	0.04202428499289509
5556	0.05763422564272919
5594	0.05849794903521465
5857	0.05107832467487338
6173	0.059164690834947
6554	0.020396642612209415
7001	0.03059572279387872
7056	0.06756570979909984
7726	0.03161276311286082
7738	0.06127164887195777
7743	0.08265074439556182
7751	0.07419582735957012
7821	0.030063802081814677
7862	0.04528538598579185
7924	0.14760476170629258
8041	0.07500065117617259
8089	0.015668211991786755
8259	0.09933472473827093
8386	0.040199900670725805
8505	0.02168191697384631
8761	0.049003738824562895
8805	0.03177274644872338
8873	0.08996479335547743
9068	0.04707953816832631
9449	0.07943713213536319
9451	0.09736662795065192
9529	0.09069243211709178
9580	0.04075667480426283
9670	0.0780266863553252
9894	0.11864046901290376
10026	0.0691564339358435
10180	0.1025906934181862
10211	0.04462636573183799
10228	0.07866530250258111
10446	0.10630237276692589
10473	0.08305241517703175
10638	0.14311840482829422
10760	0.15668447929976842
10867	0.05091285900912973
10884	0.10766457665642287
11018	0.09736662795065192
11055	0.1683653547750041
11150	0.1003763152355117
11305	0.030749677737731525
11374	0.07191810471409082
11537	0.05158099873771832
11623	0.06584091273182315
11650	0.08659862886002778
11693	0.08361153379553522
11717	0.11222843029834007
11784	0.11774274076895509
12045	0.1003763152355117
12147	0.1490444623597084
12196	0.04155630542198814
12225	0.13418266001202026
12342	0.10146043120771593
12377	0.07625555328963461
12526	0.15668447929976842
12566	0.028036659552269434
12581	0.039332651251290554
