215
t_index	tf-idf
91	0.025831821629189664
177	0.05619600922817183
553	0.05367762206344758
634	0.03812994416670989
647	0.08565321131708631
706	0.04825713515658461
742	0.04049271887149771
854	0.03881894535895301
872	0.01270511021423859
890	0.04793443490798415
902	0.08654114518572116
989	0.05619600922817183
1005	0.04477177286127932
1042	0.05733191367065728
1051	0.041719589133800104
1052	0.0978473234354937
1069	0.07539797873211923
1167	0.04761838874919994
1171	0.03388980944197987
1203	0.019491646492381887
1240	0.022276233607241663
1391	0.05793307682508617
1475	0.0688188842163231
1511	0.020207068810853355
1589	0.040690498333684225
1718	0.07197770229109048
1737	0.022038590154701967
1788	0.07359263620872665
1837	0.08602232775709476
2007	0.0798074819829107
2018	0.04926811881265612
2201	0.061353353266114956
2237	0.03899614612619203
2277	0.03098916566713278
2349	0.026214078239312488
2436	0.04401156604227418
2537	0.03564732760317013
2577	0.020312053438072023
2590	0.05234393815877562
2615	0.021688893717526324
2621	0.09870174789665154
2637	0.050729004241139436
2689	0.035791250685494436
2707	0.04670756464568177
2718	0.04825713515658461
2773	0.1410336337252143
2787	0.05111706789647323
2801	0.04770260706904932
2813	0.05484321511632817
2906	0.1410336337252143
2909	0.02989090866471279
2964	0.04700519915582452
2967	0.09664667678207028
3203	0.03935681442901226
3214	0.08432027488848977
3241	0.03363645333234813
3318	0.05518009093829341
3359	0.034277873097313664
3365	0.024051668422314165
3378	0.0359365379879835
3390	0.03699403972422444
3432	0.032781300352007985
3471	0.042151383762167545
3619	0.04962049515116755
3651	0.03522349334665183
3824	0.032781300352007985
3839	0.03935681442901226
3878	0.056753441409567076
3939	0.03401807542606117
3993	0.05733191367065728
4135	0.04858677572481961
4143	0.04503379113313707
4147	0.09043183100788621
4209	0.03401807542606117
4219	0.048645924306490576
4241	0.06296828718375112
4587	0.016755436691004946
4634	0.06384439395498409
4708	0.024809596538326772
4856	0.04049271887149771
4859	0.07155391060357398
4920	0.02864149958421982
4950	0.061353353266114956
4990	0.017351588884025614
5045	0.08260205131606599
5091	0.10642444914391265
5109	0.03991424661040751
5135	0.07494117356088992
5248	0.03668437877513514
5332	0.03899614612619203
5369	0.09573039970508675
5438	0.08602232775709476
5515	0.02425468722676704
5725	0.03163691116219764
5733	0.09664667678207028
5740	0.04451415846695539
5855	0.03763278613160909
5925	0.03564732760317013
5985	0.056753441409567076
6018	0.08259925199258986
6022	0.06918313295793518
6173	0.0341474238363038
6250	0.06384439395498409
6348	0.014256045309665014
6379	0.09169568474325471
6545	0.05322004493000857
6620	0.03326410233410637
6708	0.01752626536877824
6777	0.03653186313219098
6959	0.042246463801369045
7167	0.059211124749795126
7281	0.032198428006015724
7327	0.08295733578422433
7555	0.061353353266114956
7574	0.02509477119493066
7743	0.07155391060357398
7778	0.04352493165719269
7802	0.19329335356414057
7905	0.09664667678207028
8036	0.03367838959831914
8037	0.012107647465167315
8049	0.04761838874919994
8105	0.028823974306591563
8167	0.026291686990691582
8259	0.05733191367065728
8326	0.046129092384591557
8386	0.02320172770293184
8497	0.04926811881265612
8504	0.13256787461931283
8537	0.042595695905033065
8585	0.08602232775709476
8645	0.024739124250271964
8651	0.06755285888955809
8761	0.14141470322849053
8775	0.03481106409755146
8873	0.10384795004254088
8892	0.04477177286127932
8905	0.0341474238363038
8956	0.05234393815877562
8967	0.04825713515658461
9109	0.024951520660187746
9232	0.17204465551418952
9307	0.031095240108824584
9319	0.04998116345398778
9339	0.03935681442901226
9376	0.1675566429568323
9381	0.034676017447289674
9390	0.11986776230507955
9397	0.06576285651690641
9416	0.04401156604227418
9421	0.071873075975967
9509	0.045300366472265194
9534	0.04503379113313707
9539	0.11207768305082033
9541	0.0379624266998441
9570	0.03747058678044496
9580	0.023523074811328284
9593	0.05793307682508617
9595	0.04670756464568177
9598	0.06213956127142476
9629	0.05277573278714307
9630	0.04730872780011066
9883	0.04557166020319632
9891	0.0559336119676565
9894	0.022824798160011782
9986	0.026765777226082817
9987	0.03812994416670989
9998	0.018749766880305843
10087	0.07306372626438196
10128	0.07447325485469278
10169	0.04193396599409023
10171	0.033020800469276614
10178	0.03130961696911472
10211	0.02575650110587349
10228	0.0454023740825501
10329	0.1326344960612804
10452	0.035673645296260215
10476	0.039540381840434624
10727	0.0349473111782208
10773	0.027255000530290636
10873	0.03812198360035738
10890	0.030572059775539683
10976	0.027932578062119746
11006	0.06213956127142476
11031	0.09043183100788621
11065	0.05111706789647323
11127	0.03715124823723159
11132	0.03747058678044496
11184	0.035791250685494436
11291	0.06477362970714373
11454	0.1531964109088559
11541	0.035791250685494436
11567	0.024599144321676314
11605	0.04451415846695539
11714	0.05733191367065728
11720	0.04503379113313707
11775	0.018618313713673194
11854	0.06296828718375112
11889	0.04362765790663021
12055	0.03268675409339919
12188	0.0388836005674664
12193	0.019392115651408918
12262	0.031747580925660046
12314	0.09043183100788621
12339	0.04401156604227418
12387	0.0896051095395666
12488	0.040941782167698136
12489	0.052428156478624977
12525	0.034542150258815324
12551	0.040890863221473735
12612	0.025907514107215455
12755	0.04641559971046995
12766	0.012200449135036264
12834	0.3944293709498413
12900	0.24855824508569904
