54
t_index	tf-idf
17	0.13620292371732126
320	0.2354060236929607
321	0.19178187071310798
357	0.14957737008317906
731	0.14182482383153067
1203	0.07023940758606544
1654	0.12693013423712102
1716	0.09703362719372353
1737	0.07941748364374307
2199	0.116442858139518
2716	0.12305244822645928
3181	0.10420079265704356
3365	0.08667174125593233
3808	0.09911818936448878
3824	0.11812953397886848
3981	0.07572012538605785
3995	0.16521566243985833
4162	0.1704800574763622
4200	0.19465329652237387
4209	0.12258633287231552
4219	0.17529873148991926
4342	0.12495726945866963
4430	0.08965810862904142
4572	0.1279436368317787
5091	0.09587684477377754
5474	0.11480616530605647
5583	0.14521449718396898
5970	0.15064835717779207
6744	0.13331041251237905
7133	0.07753787288318165
7281	0.1160291158178477
7416	0.10798780667742393
7738	0.12743456095460437
8037	0.08726137995029434
8504	0.1194292255126271
8799	0.20659925540801852
8885	0.18862476335341957
9329	0.1172797581150326
9894	0.08225063499162776
9998	0.06756599646747329
10228	0.08180519433814
10695	0.1356121764639242
10727	0.1259348939476969
11134	0.11770301184648035
11209	0.3373158504299294
11372	0.12212411811078495
11418	0.14521449718396898
11454	0.09200886091344392
11669	0.18011035203426798
12193	0.06988074176944413
12567	0.15514525127701834
12739	0.06760451971045857
12834	0.08360892495480449
12839	0.10420079265704356
