210
t_index	tf-idf
69	0.18464437890953278
102	0.04758195578526341
250	0.04586094664439057
321	0.06344385876718783
357	0.04948207829571447
360	0.08101097130747853
540	0.10780419900185917
607	0.07901738457262697
618	0.05432618438259925
643	0.11521294505000204
647	0.03403586154367197
687	0.046701196567727685
764	0.03340207953498219
866	0.060474277778374746
872	0.030291639892968385
957	0.057527551346675566
970	0.08580494782648619
1020	0.03162283777413432
1075	0.06458866669678169
1123	0.03289021928536264
1173	0.060936890235279935
1203	0.06970824257076193
1301	0.019290166066401812
1371	0.0877301179296606
1420	0.03209994623817061
1490	0.036080849886223676
1497	0.03560622018716851
1544	0.06834563628342281
1632	0.0722481083825678
1654	0.1259702621509004
1691	0.06834563628342281
1706	0.05188626992972348
1710	0.040707300002901604
1737	0.026272304035851225
1989	0.11428571781127263
2018	0.11746549916618725
2057	0.01972697290775725
2129	0.04648748400247447
2233	0.03681674327165875
2277	0.03694232600675562
2285	0.2696468250056719
2351	0.057142858905636314
2389	0.12582838446250105
2422	0.06398933855900646
2493	0.025447853695020697
2530	0.05639695060297031
2577	0.07264227517797434
2679	0.07610919379124355
2689	0.04266691350181762
2801	0.028433247939715082
2891	0.03754018752661573
2909	0.017816544407665946
3159	0.05432618438259925
3167	0.015184086381476163
3195	0.05132400353495074
3218	0.05676609883547501
3241	0.04009816973009188
3242	0.03560622018716851
3263	0.06455160495377919
3318	0.03289021928536264
3359	0.04086280916308135
3365	0.028672103838080797
3455	0.09513886397780344
3710	0.06344385876718783
3738	0.09232218945476639
3809	0.03209994623817061
3824	0.039078737954331595
4138	0.045057642955868685
4148	0.03865866851089502
4200	0.032196881298564135
4219	0.02899551433448781
4298	0.02983000711362027
4304	0.06557909132826288
4426	0.03106628055485887
4457	0.016535256839463077
4572	0.12697610042805169
4644	0.050627981415621894
4653	0.08580494782648619
4889	0.05188626992972348
4920	0.034143662540899296
4970	0.030437690254125717
5135	0.044668857734874945
5239	0.03681674327165875
5333	0.09383487666891273
5414	0.09078598354661431
5474	0.03797932573186666
5484	0.022421261065477392
5522	0.09232218945476639
5583	0.04803878498020216
5609	0.06141151993433509
5656	0.044288172798190036
5769	0.024026682739220706
5797	0.04780894275431903
5845	0.10780419900185917
5857	0.14057443092105326
5858	0.10377253985944696
5874	0.06513172402806727
5916	0.06573086675428759
5946	0.04024855918835234
5970	0.04983637431816674
6298	0.03865866851089502
6388	0.02713571895590013
6524	0.14279616921429866
6545	0.06344385876718783
6554	0.01403357709048898
6614	0.03143542878736358
6628	0.060474277778374746
6701	0.045454880688187156
6718	0.09513886397780344
6755	0.03480417600001059
6805	0.058318783619836397
6844	0.06765603685746199
6959	0.025181101278212877
6985	0.030087972095116485
6986	0.04586094664439057
7169	0.048988204554827434
7170	0.10049771441438961
7179	0.09011528591173737
7215	0.05898324614427992
7281	0.038383893167051444
7481	0.03034963121125567
7501	0.025447853695020697
7531	0.03758352218313908
7619	0.08247352895374775
7726	0.021750645761775322
7743	0.028433247939715082
7755	0.05104922819110716
8037	0.014433581873017992
8089	0.02156051513352914
8167	0.03134244020992933
8504	0.039508692286313485
8537	0.050778523743132124
8539	0.041498428591052725
8645	0.05898324614427992
8653	0.039508692286313485
8761	0.06743244558347418
8777	0.02796470390800357
8799	0.06834563628342281
8851	0.09513886397780344
8855	0.06906228562702603
8877	0.012482694360910786
8882	0.048988204554827434
9036	0.03936424713860041
9109	0.02974482180301432
9117	0.07965685443071067
9203	0.0722481083825678
9329	0.07759524278737283
9376	0.19974503977284927
9383	0.07965685443071067
9390	0.0357237268045514
9443	0.021916006311434873
9495	0.036619624189705706
9510	0.04827155521122422
9541	0.04525518235041147
9668	0.05160297408396266
9670	0.16105496461864735
9891	0.014817492096285752
9894	0.21767636953449268
9936	0.0877301179296606
9998	0.044703365562214235
10128	0.02219497686044679
10131	0.03190760534604714
10206	0.06455160495377919
10329	0.06324567554826864
10420	0.06291419223125053
10430	0.07313961280243046
10477	0.03403586154367197
10558	0.0302619945155381
10661	0.05603511271904496
10695	0.04486221632261985
10729	0.05432618438259925
10757	0.07407685495839081
10771	0.04850732901191367
10867	0.07005952355846304
10873	0.011361347715164992
10948	0.0394539458155145
10984	0.043731615578914584
11017	0.07407685495839081
11057	0.04948207829571447
11184	0.04266691350181762
11189	0.07965685443071067
11209	0.03719611086462582
11306	0.07815747590866319
11516	0.028672103838080797
11536	0.04249534213767598
11541	0.08533382700363525
11592	0.014544211167755868
11762	0.06291419223125053
11795	0.046917438334456364
11876	0.03427081214420193
11889	0.0346724869074124
11987	0.09232218945476639
12055	0.019483014463692255
12193	0.04623485937311711
12196	0.0857764133278899
12262	0.07569287260453719
12286	0.23042589010000408
12476	0.10049771441438961
12488	0.024403442809382007
12525	0.04117785517500703
12537	0.023355507530631727
12581	0.027062188812284733
12584	0.035143607730263315
12612	0.09265339787980742
12632	0.050511771326324305
12649	0.03865866851089502
12718	0.04249534213767598
12762	0.0527635047541476
12784	0.10254761002594634
12835	0.038937639059906944
