173
t_index	tf-idf
17	0.058780960948396174
91	0.04017330836224059
102	0.06207410999286612
117	0.06267007678797973
182	0.0575326427512525
184	0.05543825381922507
227	0.08826220369176553
250	0.05982892883235664
536	0.07357390963057564
557	0.05852601274108477
612	0.05043303499656185
631	0.05250716261827014
632	0.04972141707255205
647	0.13320674476047034
687	0.06092509575744295
716	0.0669558825005147
764	0.043575433687555565
808	0.07454700107375298
872	0.019758819867202328
918	0.04264572247501348
1006	0.11654752489804433
1051	0.0648817548788064
1052	0.1521708671273946
1075	0.16852119399725513
1116	0.04150130606584728
1203	0.060626303190434855
1411	0.08140460238275925
1511	0.03142576695087266
1544	0.3566473444963816
1605	0.12019656238301683
1654	0.05477911237244646
1737	0.10282237437952478
2167	0.04440224825349011
2464	0.04200316523713193
2493	0.06639713913719843
2521	0.08739529251392886
2577	0.03158903765872644
2640	0.05392768507313754
2730	0.0788930784496376
2801	0.03709323273783832
2816	0.0992899595844106
2891	0.024486947743346796
3183	0.0992899595844106
3214	0.043711259867899276
3231	0.07130195987639931
3241	0.05231096866996004
3242	0.04645089492124315
3318	0.042907674893040024
3359	0.05330849623024943
3378	0.0558880299959675
3522	0.06359293126808412
3619	0.07716913973044691
3651	0.10955822474489292
3824	0.0509810460315475
3939	0.05290446231778138
3981	0.03267845955027393
4029	0.0760854335636973
4219	0.03782675000207032
4262	0.07556151290989827
4430	0.03869366117990699
4564	0.03858355738066637
4587	0.026057834193587124
4730	0.0783044700216623
4765	0.05982892883235664
4895	0.03208566875012275
5135	0.058273762449022166
5239	0.048030110021914214
5369	0.029775731051404266
5414	0.07895793038178597
5725	0.049201307054226776
5764	0.07454700107375298
5769	0.03134454905235307
5874	0.0849690546472956
5970	0.03250758118300838
6348	0.06651244102786244
6488	0.11859837272283807
6603	0.030704579604753097
6668	0.06297374242519599
6716	0.07949658992914885
6828	0.05025312900936059
6910	0.07716913973044691
7107	0.08276711208045774
7179	0.058780960948396174
7187	0.04412344472254122
7222	0.08011577877203696
7282	0.0891618361240954
7327	0.09676061601102011
7501	0.033198569568599214
7574	0.039027057246115215
7700	0.045404570148098816
7726	0.028375293851423896
7743	0.07418646547567664
7751	0.06659741814915324
7754	0.08555267771493238
7769	0.07850388066112184
7805	0.06844620714334275
8012	0.07504886024503762
8037	0.01882965367838542
8117	0.0788930784496376
8140	0.05250716261827014
8156	0.06092509575744295
8298	0.08207612369486691
8391	0.08421224726869954
8414	0.048860766546138204
8497	0.15324225739092254
8505	0.038922935220728885
8530	0.1007350947726524
8537	0.0662442645765049
8541	0.06883381617391289
8686	0.09425289382293514
8709	0.08350182989013864
8761	0.0879705126692779
8777	0.03648198308908031
8805	0.028518893262529613
8877	0.03256915904270101
8880	0.05231096866996004
9006	0.07504886024503762
9124	0.0676893997647467
9339	0.06120719881502944
9376	0.15634912896828868
9503	0.05250716261827014
9510	0.06297374242519599
9539	0.043575433687555565
9595	0.07263898862014256
9670	0.07003595812491696
9891	0.08698721575451912
9894	0.035496825115574296
9946	0.09009675713452849
9986	0.04162578379077297
9987	0.05929918636141904
9998	0.01457969510271586
10087	0.05681387180988811
10121	0.044684351311076606
10128	0.05790991194822596
10178	0.048692303441061784
10329	0.16501713541469204
10452	0.02773959137423813
10558	0.03947896519089299
10699	0.0662442645765049
10701	0.12044098752183455
10867	0.04569886314722189
10873	0.04446510464520068
10920	0.04954678310354221
10976	0.043440377064770504
10997	0.14063839108956436
11103	0.09792744988671209
11134	0.05079697229712777
11153	0.04029102430593526
11209	0.04852502254295144
11306	0.0509810460315475
11350	0.0662442645765049
11453	0.111776059991935
11454	0.07941634603210455
11516	0.0748096751383694
11532	0.13378078978055807
11541	0.05566208109899092
11605	0.06922783225469104
11876	0.02980583889383963
11889	0.11308193045542615
12055	0.050834008936908585
12193	0.030158362543815733
12196	0.03730051604532849
12309	0.07045053257709039
12467	0.05705106212662279
12470	0.08347873000446754
12512	0.12594748485039198
12525	0.05371949658688346
12566	0.0251654197568174
12612	0.04029102430593526
12699	0.048692303441061784
12766	0.018973977611621447
12829	0.015189381282470237
12834	0.10824906291084439
