193
t_index	tf-idf
15	0.027581648921891518
69	0.08806762614718579
91	0.05875023071028912
278	0.034765561463000284
299	0.06587962858540161
316	0.04843845311432094
318	0.08185072420172802
557	0.04279479200577694
578	0.05602611748516249
601	0.06052012055001249
604	0.035120085448081456
647	0.03246735749799452
764	0.06372556522755876
872	0.014447842026028718
896	0.1573456599725988
918	0.09354890609042689
983	0.049590920435431785
1001	0.0786728299862994
1020	0.03016553518989129
1100	0.036615015019391794
1157	0.029898059429157898
1203	0.06649581733660084
1301	0.018401200659191007
1420	0.06124131330384133
1497	0.033965347945894536
1627	0.054876459441468496
1706	0.09899030015057646
1716	0.030620656651920666
1737	0.025061574725631607
1747	0.10491303551696174
1895	0.05379796114971005
1906	0.07795938597104521
1911	0.08574015238236288
1989	0.05450949511491628
1995	0.06976905676603647
2018	0.05602611748516249
2116	0.06213020245621319
2173	0.05450949511491628
2233	0.035120085448081456
2285	0.08574015238236288
2355	0.07365848494667133
2442	0.09075449742199095
2453	0.05450949511491628
2464	0.030713124570085397
2577	0.046196425587655604
2621	0.03741348263959668
2668	0.061576817510979785
2853	0.06001486309516783
2892	0.052136689304527625
3077	0.039129309026013206
3181	0.032882380954792255
3212	0.041032670341958025
3621	0.15834697397792935
3650	0.06976905676603647
3801	0.070663107181088
3808	0.03127847667108938
3809	0.030620656651920666
3824	0.03727783867335736
3959	0.05450949511491628
3973	0.06104046252479055
4011	0.03622909161523947
4100	0.04949515007528823
4121	0.13175925717080322
4248	0.09687690622864188
4288	0.048183993679855305
4298	0.02845532509535359
4369	0.04517532566452769
4370	0.07598595871149423
4441	0.09393239163741958
4472	0.02735078247794984
4510	0.06052012055001249
4516	0.1075959222994201
4572	0.04037485032278931
4604	0.08185072420172802
4653	0.08185072420172802
4836	0.04070065722361823
4889	0.09899030015057646
4895	0.023461354297314975
4949	0.01900631376884414
4959	0.10990348725374598
4970	0.029035003848100267
4985	0.036485422142154444
5039	0.09782181981805443
5041	0.042068430169242485
5223	0.058128682817277635
5240	0.059046271604164494
5314	0.029035003848100267
5484	0.1283280161957406
5531	0.13124249092293508
5544	0.0232788378474697
5609	0.05858143974539643
5769	0.022919440337487447
5857	0.2681924356716945
5858	0.04949515007528823
6166	0.10990348725374598
6348	0.03242303090281243
6524	0.20432335476256208
6559	0.03016553518989129
6625	0.051490396195384154
6718	0.09075449742199095
6755	0.03320026505471425
6841	0.05345279815394901
6873	0.08185072420172802
6958	0.029721995692814984
7001	0.02008078149943417
7179	0.0859624252489163
7264	0.07478340180566453
7281	0.036615015019391794
7327	0.07075230726653643
7531	0.035851528223784714
7769	0.028701402053489478
7878	0.05450949511491628
7924	0.04843845311432094
7979	0.08368717502592747
8036	0.05744696949526512
8037	0.013768426635728151
8089	0.06170076979979019
8167	0.029898059429157898
8292	0.046047015381586086
8421	0.09393239163741958
8464	0.03958602061363737
8568	0.08806762614718579
8653	0.11306393714395246
9046	0.08185072420172802
9198	0.08806762614718579
9203	0.1378372726308615
9260	0.02837406545309443
9278	0.05952384015454436
9376	0.0381080032684642
9390	0.03407743940419522
9418	0.10283616485768249
9495	0.01746602518763675
9541	0.043169648640227244
9580	0.026749682852782224
9630	0.05379796114971005
9697	0.07365848494667133
9785	0.04922490959701471
9891	0.021201967188190465
9894	0.23360062626614814
9986	0.060874359142975266
9998	0.010660815425588915
10131	0.030437179571487633
10206	0.12315363502195957
10217	0.026675982270691866
10228	0.05163011711745754
10329	0.03016553518989129
10333	0.15197191742298846
10342	0.05602611748516249
10366	0.05450949511491628
10372	0.06270173436997298
10402	0.08368717502592747
10419	0.036615015019391794
10477	0.03246735749799452
10498	0.070663107181088
10757	0.070663107181088
10824	0.05602611748516249
10873	0.02167554580359179
10880	0.038250291092872445
10890	0.034765561463000284
10976	0.03176402789241029
11022	0.07598595871149423
11127	0.08449440525116568
11134	0.03714324216132316
11135	0.059046271604164494
11153	0.05892238080527213
11189	0.07598595871149423
11305	0.020181826198037742
11306	0.03727783867335736
11316	0.033743304666755354
11522	0.0786728299862994
11530	0.21980697450749195
11544	0.04118393314532908
11563	0.08806762614718579
11567	0.02797335443314452
11710	0.05450949511491628
11744	0.10364524768022228
11751	0.0474421727188528
11762	0.06001486309516783
11795	0.044755301444047636
11889	0.03307464470447026
11969	0.08574015238236288
12055	0.055755485570974365
12196	0.05454900312207367
12215	0.05768738933034491
12467	0.08343258742803698
12534	0.050331958528564
12537	0.022279195476546033
12553	0.05725699310021924
12581	0.02581505855872877
12591	0.038250291092872445
12738	0.06733298351161035
12834	0.05276851454735415
12839	0.032882380954792255
