27
t_index	tf-idf
69	0.32656356034544626
294	0.20775044359330191
557	0.15868736620983556
1123	0.11633982224428238
1706	0.18353296365005753
2018	0.20775044359330191
2577	0.17130096353369648
4298	0.1055151896384201
5314	0.10766469639402614
5484	0.0793088517962895
5531	0.16222009145853858
5857	0.1243105447515578
7327	0.0874522090747246
7738	0.14911828251183973
7924	0.17961462569914052
8771	0.33652674759229945
9420	0.17242580349936076
9443	0.07752165640657849
9535	0.38132677803839266
9894	0.1924921047097876
11658	0.1515347427126297
11744	0.19216346900716688
11876	0.0404077593040761
12196	0.10113657794674462
12377	0.18558497033926896
12576	0.1994882171913375
12768	0.30809013836561805
