157
t_index	tf-idf
17	0.05549132700668691
91	0.0379250382317948
357	0.060940297972695824
537	0.12629384469306365
604	0.04534213967228299
661	0.07504762080272276
872	0.01865303181211539
875	0.057781782226899274
902	0.025411109498240502
977	0.04258910130423556
991	0.05725226636968239
1074	0.13276766530742254
1186	0.13276766530742254
1203	0.02861669800278043
1420	0.03953310685479138
1471	0.05276029684149588
1475	0.05051828811066677
1488	0.04370751211120177
1511	0.029667046645218034
1706	0.06390121149141235
1716	0.03953310685479138
1737	0.06471199640426968
1927	0.09810243651377885
1952	0.12127235930766027
2085	0.07504762080272276
2157	0.04013645092034847
2158	0.08897809882772492
2186	0.09373326884901133
2277	0.04549680272526337
2565	0.06650781950405046
2577	0.08946354007818058
2609	0.07684885272013013
2763	0.08171460471149242
2801	0.03501733681076699
2813	0.04025908547794775
2909	0.021942197305422476
2917	0.06425560284125814
2986	0.04727218353629307
3115	0.17483004844480707
3167	0.03740031867701281
3189	0.23433901401401938
3214	0.0412649908417336
3215	0.07182736733472672
3241	0.04938342316400169
3242	0.04385130420189712
3349	0.07504762080272276
3365	0.035311502903224816
3369	0.11245841806862779
3378	0.10552059368299176
3439	0.17254640058834686
3514	0.07563215719010441
3902	0.07285042467009521
4029	0.07182736733472672
4130	0.028037800855029105
4131	0.14189200299347648
4148	0.047610586689638947
4200	0.03965248849088758
4219	0.035709803312127565
4260	0.039772506832053404
4471	0.11069568639265083
4710	0.09007604270683461
4737	0.057781782226899274
4739	0.07563215719010441
4949	0.024538292619935644
4990	0.0254747683402032
5091	0.07812362907499687
5195	0.049017506392328034
5296	0.0850545573214312
5369	0.028109353810788936
5474	0.04677393324246203
5578	0.05944946250230994
5725	0.046447791510237355
5934	0.03611528068987668
5970	0.061376635853448346
6388	0.033419348091915206
6391	0.04370751211120177
6609	0.06535354672036785
6620	0.04883675533520216
6660	0.05477687380535842
6760	0.0724356039724581
6827	0.0891687566548766
7056	0.05725226636968239
7213	0.06573176378512009
7262	0.13276766530742254
7327	0.030448492719435453
7353	0.07504762080272276
7416	0.04399602100692463
7508	0.12629384469306365
7542	0.2525876893861273
7743	0.03501733681076699
8011	0.09977011678918953
8037	0.07110346294659951
8105	0.042317972896441375
8505	0.018372320659147796
8651	0.06611857248086501
8709	0.03941435520387536
8753	0.06991102833449407
8805	0.0269228540392382
8877	0.015373224813030448
8965	0.05297564188795106
9048	0.06991102833449407
9109	0.03663262268386617
9278	0.07684885272013013
9376	0.04919972103669561
9443	0.05398188600764548
9485	0.08171460471149242
9495	0.022549687549826294
9539	0.12341029822584022
9554	0.08095170502078065
9713	0.06003399888969159
9891	0.009124337686053944
9894	0.10053081295745238
9998	0.013763753017118243
10099	0.09130507223860894
10121	0.04218362392648645
10171	0.04847955123794605
10211	0.03781445626171892
10218	0.11716950700700969
10223	0.10804516932095577
10228	0.033328791085899444
10268	0.08250427821336603
10329	0.15578207084845658
10464	0.15761380658092922
10729	0.06690611991295323
10736	0.07182736733472672
10873	0.01399221574720166
10948	0.02429501040586126
11020	0.07813511054859851
11071	0.07392221702316237
11127	0.054543676012526965
11132	0.05501251350428819
11170	0.14189200299347648
11305	0.026055949768856747
11357	0.07233308267610573
11404	0.051918950789646125
11418	0.059162791292728056
11453	0.05276029684149588
11514	0.04218362392648645
11592	0.01791211268540464
11623	0.027895373888276474
11650	0.14675988105462417
11658	0.05276029684149588
11875	0.08793124097651855
11889	0.21350676410201472
11915	0.12127235930766027
12055	0.023994560206792647
12196	0.0352130196579573
12387	0.04385130420189712
12525	0.050713123835357886
12537	0.028763779478185474
12560	0.11069568639265083
12581	0.033328791085899444
12612	0.03803616628788759
12659	0.04565253611930447
12719	0.04139395042461282
12739	0.0275432010414765
12834	0.20438196488235483
