229
t_index	tf-idf
91	0.019690501668013314
190	0.021358015674797712
222	0.06392896631184652
278	0.023303784094135943
282	0.04463687653393511
294	0.0751099933706778
320	0.07469271826415506
469	0.025078718276152965
497	0.05918007017184253
540	0.06893234804974688
647	0.02176326966689795
865	0.051861071242653406
918	0.020902328032240066
970	0.05486554867741018
1006	0.02856223854798018
1100	0.024543495594729674
1123	0.02103072110551107
1170	0.062033281029343815
1193	0.049374189791964736
1203	0.014857655154171605
1301	0.012334551469592522
1429	0.07366966130777651
1476	0.03989956327590549
1488	0.02269273493859841
1665	0.03782359821800771
1867	0.03317720878142355
1895	0.036061436047043836
1905	0.03148095268858053
1984	0.07366966130777651
1989	0.036538386028664514
2093	0.06893234804974688
2157	0.020838656746104346
2233	0.023541425888395966
2285	0.05747268029723533
2337	0.06557117080250592
2349	0.01998187966400905
2353	0.03213021149620201
2391	0.06557117080250592
2407	0.11266499005601668
2529	0.07979912655181098
2564	0.07366966130777651
2577	0.04644904968504296
2584	0.029590035085921264
2587	0.04463687653393511
2682	0.05747268029723533
2688	0.05747268029723533
2728	0.07366966130777651
2818	0.05012823541938055
2897	0.06893234804974688
2909	0.01139228575068602
2986	0.04908699118945935
3033	0.05903281463183894
3193	0.01918366138628064
3311	0.05609654428644668
3365	0.018333566404505112
3621	0.07076128479364364
3687	0.06893234804974688
3719	0.04415992655231443
3808	0.020966348203876523
3809	0.020525403341938284
3946	0.026638852610756568
4007	0.05012823541938055
4029	0.03729243165608034
4130	0.029114188949744324
4219	0.018540362105485975
4226	0.0402287020014726
4240	0.045653487190609486
4298	0.09536977463405838
4330	0.031016640514671907
4359	0.0333612071052385
4366	0.03866856766686899
4369	0.03028157726688354
4397	0.07366966130777651
4478	0.03782359821800771
4505	0.03163991639366656
4524	0.038964372127055065
4538	0.05375197769588008
4539	0.05609654428644668
4540	0.07458486331216067
4572	0.02706375951260527
4653	0.10973109735482035
4709	0.030424936759846238
4736	0.060833857544476296
4836	0.02728215189155123
4889	0.03317720878142355
4921	0.0262288578386803
5066	0.05609654428644668
5146	0.6296403918268076
5239	0.023541425888395966
5324	0.03494786506551374
5333	0.030000029857997535
5369	0.014594244433327817
5392	0.049374189791964736
5474	0.02428480638308524
5484	0.028673283337564096
5515	0.018488319025713996
5531	0.08797345832310713
5548	0.015363183182059958
5561	0.0341276229318942
5577	0.05012823541938055
5689	0.07366966130777651
5857	0.17977269325062245
5858	0.09953162634427065
6085	0.045134128261916116
6144	0.0356031948798141
6173	0.0260291324266236
6348	0.010866778502064087
6524	0.09130697438121897
6612	0.01929440773290179
6614	0.020100496440089582
6628	0.03866856766686899
6696	0.04891325578556024
6708	0.013359528508357758
6726	0.022544838633521604
6826	0.0333612071052385
6835	0.22100898392332954
6841	0.07166013807846931
6850	0.035162250017875867
6873	0.05486554867741018
6985	0.019238903343049497
7042	0.042835833621297746
7179	0.028810836268832178
7181	0.04736635117834651
7206	0.07807640109958565
7213	0.0341276229318942
7215	0.018857584815649323
7220	0.07366966130777651
7245	0.03729243165608034
7313	0.04676705817213959
7327	0.015808714364799244
7477	0.14733932261555302
7531	0.048063441981862826
7551	0.032996063259988946
7580	0.12166771508895259
7619	0.10547073407841141
7651	0.025449659021591214
7738	0.05391215064183982
7743	0.14544669401097354
7769	0.03847780668609899
7803	0.03028157726688354
7821	0.013226380034984215
7924	0.06493778358398739
8035	0.02498779445470749
8036	0.012835803763300218
8037	0.009229145974715096
8060	0.01693467741263932
8089	0.006893131005456637
8167	0.0200410375224992
8250	0.04370168538508469
8292	0.030865881621784476
8311	0.04127569928669415
8371	0.033738131795540284
8505	0.019077645136343732
8597	0.060833857544476296
8645	0.018857584815649323
8653	0.07578814979990373
8686	0.046197010868538724
8761	0.04311777140262873
8771	0.060833857544476296
8901	0.05093432412656835
9008	0.028080370169279643
9198	0.05903281463183894
9212	0.036784366737053875
9260	0.01901948558764137
9276	0.02728215189155123
9329	0.024808042415544275
9333	0.052735367039205706
9376	0.02554426400885391
9390	0.02284252740176606
9397	0.05012823541938055
9420	0.093508110503416
9443	0.014013570796942933
9449	0.03494786506551374
9570	0.02856223854798018
9584	0.06296403918268077
9622	0.07366966130777651
9891	0.04263581932226662
9894	0.06959350102261878
9896	0.06296403918268077
10093	0.05486554867741018
10131	0.020402416394835927
10171	0.02517035523289274
10206	0.0825513985733883
10211	0.019633088028693475
10367	0.06173176324356895
10403	0.022618552771356694
10452	0.027192506292950978
10477	0.02176326966689795
10558	0.019350177061179485
10660	0.02653499724168147
10665	0.05225713672750971
10747	0.03132412278901422
10773	0.02077533056348479
10880	0.025639641290269688
10894	0.06296403918268077
10948	0.012613855258290995
10976	0.021291819168593976
11020	0.04056738229726428
11022	0.05093432412656835
11127	0.028318820324981203
11153	0.05924459649788242
11175	0.016271910781452507
11353	0.051800175890355286
11516	0.018333566404505112
11524	0.04736635117834651
11544	0.013803048847456353
11567	0.05625265216491767
11592	0.009299884750384102
11744	0.03473734311602716
11817	0.03957944319385112
11876	0.007304500729236836
11879	0.04463687653393511
11889	0.0221703417620201
12193	0.014781787016866787
12196	0.018282434366262746
12467	0.02796294554177324
12476	0.03213021149620201
12534	0.033738131795540284
12581	0.017304151744258187
12584	0.022471586656327806
12624	0.021832199967663463
12718	0.027172445432082266
12766	0.009299884750384102
12768	0.027846689337898068
12784	0.06557117080250592
12795	0.03354814952686181
12829	0.0148898136435129
12834	0.017685692654331845
12838	0.03246889179199369
