376
t_index	tf-idf
117	0.03265522796831352
169	0.09822390181119214
177	0.04553869002035718
182	0.029978287261681443
242	0.06693694555168216
534	0.041108477824445454
563	0.06693694555168216
578	0.03992464271592662
596	0.02695571564250719
597	0.04050246166318384
657	0.07929102070502196
660	0.02788384690405125
678	0.034701630877510305
703	0.061099092779032936
773	0.05606286442185958
775	0.03833684135468243
854	0.06291421557858026
858	0.02609214163509807
871	0.023507288646578015
874	0.04911195090559607
902	0.014025801613839935
1049	0.07132994284956644
1051	0.03380765757986176
1076	0.05173659314576509
1100	0.05218428327019614
1116	0.04324981490442128
1123	0.022357718021677138
1131	0.06693694555168216
1167	0.038587776504093674
1203	0.031590287630531
1240	0.018051646566971755
1265	0.10821674840181632
1301	0.013112837277307965
1307	0.06467235366427182
1316	0.05035507427673013
1317	0.041108477824445454
1320	0.041108477824445454
1411	0.042417146822274
1420	0.02182051570642489
1428	0.03992464271592662
1475	0.0557676938081025
1497	0.024203968476328885
1500	0.05832745630926993
1529	0.061099092779032936
1555	0.029481386303767267
1615	0.06693694555168216
1645	0.03670935667714455
1737	0.053577213363980976
1792	0.061099092779032936
1902	0.06970858202144517
1906	0.027777229361567766
1944	0.023063639077558956
1968	0.061099092779032936
1996	0.029727352112270202
1999	0.030898772559650966
2069	0.019009510368727934
2129	0.03160070323176902
2157	0.022153534780974832
2167	0.023136488948765375
2244	0.08415365559207796
2317	0.04080177415684614
2329	0.061099092779032936
2349	0.021242696759167668
2449	0.04050246166318384
2464	0.021886409056903623
2506	0.017859071121326987
2577	0.016459964291015615
2619	0.046459175318326704
2621	0.053322271618767986
2635	0.03234469010792729
2637	0.041108477824445454
2665	0.04050246166318384
2668	0.04388011429420847
2674	0.044274460667195446
2762	0.026278925116341022
2775	0.05714362120075109
2801	0.019328011600077515
2813	0.04444244719872761
2833	0.03363633255417307
2853	0.04276705355059418
2878	0.04050246166318384
2891	0.01275930877685697
2894	0.03992464271592662
2909	0.012111116454749776
3000	0.08177235586961146
3077	0.02788384690405125
3093	0.031174803195635162
3133	0.05848039366700447
3195	0.06977682871750651
3242	0.024203968476328885
3319	0.04911195090559607
3320	0.04276705355059418
3346	0.042417146822274
3365	0.019490378192320076
3390	0.029978287261681443
3401	0.055068664560738945
3426	0.04468173870968434
3438	0.0287714292226884
3471	0.03415756430818195
3476	0.029360206148101985
3627	0.06970858202144517
3639	0.05173659314576509
3651	0.028543517003751365
3672	0.03761309097131478
3729	0.034888414358753256
3806	0.061099092779032936
3824	0.07969342462378702
3830	0.06467235366427182
3839	0.0318929724207716
3879	0.04388011429420847
3886	0.03586694119894939
3929	0.036929200777944954
3993	0.046459175318326704
4057	0.04911195090559607
4130	0.015475618351422997
4143	0.07298667229292698
4148	0.026278925116341022
4163	0.08160354831369228
4182	0.03380765757986176
4207	0.03910538754172809
4209	0.02756670114467711
4226	0.04276705355059418
4227	0.04553869002035718
4248	0.06903522932188125
4264	0.028431110196453398
4266	0.05414817926276942
4276	0.02788384690405125
4288	0.034336284908625954
4406	0.03833684135468243
4413	0.0417455850343179
4457	0.02248027637792307
4491	0.05414817926276942
4538	0.05714362120075109
4587	0.08146706302890427
4598	0.02162490745221064
4611	0.055068664560738945
4620	0.017436392125303138
4644	0.01720764040331184
4645	0.03649333614646349
4746	0.05832745630926993
4752	0.055068664560738945
4832	0.06693694555168216
4878	0.027671519213425522
4895	0.01671874172255706
4920	0.023209768615208244
4921	0.02788384690405125
4937	0.06275766850518166
4949	0.027088091077125197
4990	0.028121876923395316
5091	0.06468114996129909
5111	0.06467235366427182
5135	0.030364459322142653
5162	0.0434979036011655
5164	0.06693694555168216
5206	0.12934470732854364
5216	0.02343223785972224
5239	0.02502684331176084
5304	0.03833684135468243
5314	0.020690567309040363
5347	0.0434979036011655
5369	0.015515112398797857
5414	0.020571134971211578
5533	0.14394600752463463
5548	0.032665139324191704
5556	0.02695571564250719
5663	0.09596400501642306
5682	0.04510282538887573
5725	0.025637113923289982
5749	0.061099092779032936
5787	0.05963612530709847
5788	0.04553869002035718
5833	0.11428724240150218
5838	0.038587776504093674
5882	0.02695571564250719
5885	0.030763024023387073
5899	0.03313609579190566
5913	0.0852933305893602
5925	0.05777394601754347
5934	0.03986805552267826
5968	0.04276705355059418
6006	0.10300885472587785
6018	0.03346733855362675
6155	0.05848039366700447
6260	0.06970858202144517
6308	0.04798200250821153
6348	0.023104901475727864
6353	0.02788384690405125
6390	0.05173659314576509
6544	0.02788384690405125
6569	0.03784968607591448
6612	0.020511846708596355
6614	0.06410639405780763
6617	0.06970858202144517
6618	0.16520599368221683
6621	0.05414817926276942
6625	0.018346226400094957
6665	0.027777229361567766
6671	0.028886973008771737
6708	0.0142024883404568
6716	0.12426884088346007
6726	0.023967373371729182
6744	0.029978287261681443
6755	0.023658764517005257
6798	0.019009510368727934
6909	0.016206468401994314
6960	0.05963612530709847
7051	0.08221695564889091
7133	0.017436392125303138
7165	0.029727352112270202
7217	0.06970858202144517
7221	0.0524896035366207
7281	0.07827642490529421
7296	0.022847618546877897
7327	0.01680621298148441
7417	0.036929200777944954
7574	0.02033566123775286
7591	0.01819806320269298
7650	0.0360722494672721
7651	0.08116644654711294
7671	0.03234469010792729
7726	0.059141570387471226
7735	0.03833684135468243
7738	0.05731390074287915
7780	0.037153006246163606
7926	0.03415756430818195
7968	0.03761309097131478
7976	0.04853413195833885
8003	0.039372513265799304
8023	0.0329737291996631
8036	0.01364571759958559
8041	0.035078049606151455
8049	0.038587776504093674
8089	0.014656147883212033
8103	0.01711730642380148
8105	0.09343055132424498
8110	0.044274460667195446
8131	0.026185182275642153
8167	0.06391676208465409
8234	0.06970858202144517
8259	0.046459175318326704
8407	0.03204172710213448
8438	0.055068664560738945
8454	0.03910538754172809
8504	0.026856744063598243
8537	0.034517614660940624
8645	0.16037968903221872
8651	0.03649450964237202
8709	0.06526491023919126
8719	0.02033566123775286
8722	0.060728918644285305
8761	0.022919208759096917
8777	0.019009510368727934
8830	0.08553410710118836
8844	0.036929200777944954
8848	0.05102663606468623
8867	0.06970858202144517
8873	0.04207682779603898
8877	0.008485335967225538
8890	0.04021019247418126
8899	0.0434979036011655
8910	0.04971796706685769
8958	0.04599040770751288
8986	0.061099092779032936
8997	0.030763024023387073
9036	0.026758554876893558
9046	0.05832745630926993
9068	0.044038507650395256
9135	0.03738091846510064
9154	0.046946330597094674
9204	0.041108477824445454
9260	0.08087831007837512
9261	0.023209768615208244
9267	0.03910538754172809
9271	0.05832745630926993
9272	0.03330061299750909
9327	0.03174597819117761
9353	0.04553869002035718
9376	0.02715605655726055
9390	0.12141922856303985
9421	0.029121335951008593
9449	0.037153006246163606
9451	0.04553869002035718
9476	0.04080177415684614
9518	0.055068664560738945
9529	0.042417146822274
9630	0.03833684135468243
9670	0.07298667229292698
9820	0.021242696759167668
9891	0.030217370143040122
9987	0.06179754511930193
9998	0.01519395831916416
10116	0.022776438596006695
10128	0.0754371732578199
10135	0.025817129645724073
10137	0.02609214163509807
10153	0.05035507427673013
10173	0.03670935667714455
10209	0.02182051570642489
10211	0.041743794122710065
10212	0.046946330597094674
10256	0.05606286442185958
10326	0.06970858202144517
10371	0.05414817926276942
10403	0.024045738725901284
10446	0.04971796706685769
10448	0.03910538754172809
10604	0.06970858202144517
10652	0.11927225061419694
10730	0.05414817926276942
10773	0.022086212841451503
10792	0.03738091846510064
10859	0.06693694555168216
10861	0.041108477824445454
10873	0.038615402098418086
10880	0.02725745195653715
10890	0.09909682716075843
10920	0.025817129645724073
10948	0.02681952916557078
10976	0.045270581712504344
10995	0.06693694555168216
11047	0.05102663606468623
11057	0.03363633255417307
11065	0.041422946961153354
11134	0.026468560363739225
11174	0.036929200777944954
11175	0.017298636176116152
11184	0.02900360172890254
11277	0.11927225061419694
11305	0.02876344949388911
11350	0.034517614660940624
11369	0.05832745630926993
11453	0.029121335951008593
11454	0.12414340385424216
11514	0.046566966356718725
11519	0.02537188959492621
11577	0.029360206148101985
11623	0.015397005003970706
11751	0.03380765757986176
11775	0.01508743465156398
11802	0.1380704586437625
11814	0.034701630877510305
11819	0.05173659314576509
11823	0.09198081541502576
11889	0.11784623244078073
11909	0.046946330597094674
12026	0.05832745630926993
12055	0.0529757177733801
12150	0.05714362120075109
12180	0.05963612530709847
12193	0.03142897709703278
12287	0.0524896035366207
12298	0.046946330597094674
12329	0.050919339884285
12392	0.05102663606468623
12423	0.05035507427673013
12445	0.127251440466822
12488	0.016588679095037286
12489	0.021242696759167668
12496	0.06275766850518166
12517	0.036929200777944954
12537	0.01587632624436191
12551	0.03313609579190566
12581	0.01839600950254889
12607	0.055068664560738945
12612	0.04198854225880042
12632	0.034336284908625954
12651	0.04911195090559607
12692	0.04971796706685769
12739	0.01520262126471132
12748	0.03719432309901238
12758	0.04510282538887573
12762	0.03586694119894939
12763	0.04599040770751288
12766	0.029660067266361608
12767	0.038587776504093674
12834	0.09400812444799647
