355
t_index	tf-idf
3	0.01750060337293333
16	0.04240374097317019
91	0.04190885415132673
117	0.03268875796931509
182	0.06001813722339272
184	0.028916633810247575
185	0.03511406733169203
227	0.0460376301130031
250	0.031206813114028252
278	0.024799644652062573
279	0.03914554049012316
294	0.03996563686582357
316	0.03455305693852252
319	0.0265917509625169
320	0.07948721390333285
392	0.04699453453287697
469	0.026688511147607296
498	0.04392516987543612
543	0.04084366893490962
557	0.0610544222524175
604	0.025052540577819544
612	0.026305908005155216
632	0.02593472757460811
634	0.030930499053058932
647	0.16212171654959934
705	0.1021580592195141
706	0.07829108098024631
712	0.16261133391418514
764	0.06818693441398424
831	0.03968621789260586
858	0.026118932736847743
872	0.010306214919496556
918	0.022244040088358022
977	0.023531425651918434
983	0.03537515728248161
1020	0.021518264683996622
1049	0.035701591794690124
1051	0.03384237088192823
1075	0.0659255836949867
1122	0.02857282514867238
1203	0.06324544832683383
1208	0.03511406733169203
1240	0.018070181783692883
1301	0.013126301383192271
1411	0.04246070024584264
1420	0.0873716830132176
1488	0.04829874499243227
1490	0.04910358035674832
1497	0.024228820824260453
1536	0.054203777971395056
1605	0.12538923000763666
1654	0.1428641257433619
1710	0.08309979600405479
1716	0.0218429207533044
1737	0.03575481720772642
1868	0.04699453453287697
1905	0.03350170242015103
1927	0.054203777971395056
1952	0.13401135122788516
1971	0.06116182860326494
1999	0.030930499053058932
2098	0.03550264961397276
2106	0.046506879048843215
2129	0.03163315045927084
2157	0.04435256353578535
2233	0.025052540577819544
2237	0.03163315045927084
2440	0.02649573796777762
2506	0.01787740860386321
2575	0.050406778270117386
2577	0.09886119112345607
2584	0.03148940757469371
2588	0.04354256673298403
2611	0.057202295593652384
2621	0.05337702229521459
2650	0.04146547955208927
2702	0.07699031342393643
2711	0.05969735897367146
2781	0.044319921158604524
2800	0.06700567561394258
2891	0.05108963953547015
2970	0.04025147982318525
2986	0.15671359642108645
2994	0.04084366893490962
3000	0.02728543958511196
3080	0.05969735897367146
3115	0.024149372496216136
3166	0.04699453453287697
3167	0.010332253925943464
3183	0.05178971566635134
3215	0.07937243578521172
3231	0.03719115451258679
3242	0.024228820824260453
3305	0.030265441014767764
3335	0.03914554049012316
3343	0.03237790125233475
3365	0.019510390681620214
3370	0.04392516987543612
3388	0.03631826136526601
3462	0.05969735897367146
3471	0.034192636890329454
3476	0.029390352859755855
3546	0.04354256673298403
3593	0.03455305693852252
3619	0.0805029596463705
3621	0.03765171164728017
3692	0.028020128778570307
3707	0.05969735897367146
3723	0.05107902960975705
3760	0.05512520841275762
3801	0.050406778270117386
3902	0.0805029596463705
3939	0.02759500630665264
4007	0.05334594675327421
4059	0.03106788852869145
4187	0.0460376301130031
4209	0.02759500630665264
4219	0.09865230257868708
4262	0.0394129404957215
4421	0.10650794884191826
4436	0.03610928802544539
4447	0.06282210733530946
4461	0.057202295593652384
4476	0.05107902960975705
4501	0.033670869941733954
4505	0.033670869941733954
4522	0.052543499239350526
4524	0.04146547955208927
4527	0.04146547955208927
4540	0.03968621789260586
4572	0.05760194277034856
4576	0.06282210733530946
4587	0.027183570814519546
4640	0.019029029108646737
4644	0.017225309004508485
4666	0.09029827287072414
4737	0.03192571974681229
4856	0.03284715018817486
4859	0.01934785737328534
4889	0.10592052153456512
4949	0.013557952403978266
4990	0.01407537606663985
5091	0.04316504253292413
5216	0.046912595607608666
5248	0.05951575161009629
5296	0.04699453453287697
5345	0.034924237369069626
5369	0.015531043132301723
5474	0.025843638368422895
5484	0.04577071484873766
5531	0.062413626228056504
5556	0.026983393451811367
5583	0.03268875796931509
5690	0.026983393451811367
5699	0.04317138630243693
5740	0.03610928802544539
5797	0.032532358158284924
5855	0.03052721112620875
5857	0.07174208638311155
5885	0.030794611131807086
5970	0.016955978162500638
5978	0.02575321163505314
6006	0.03437154099896755
6019	0.023759571888420337
6071	0.036747049409449034
6080	0.07335708783433981
6233	0.040544049110726704
6241	0.05334594675327421
6298	0.07891772401546565
6312	0.04115068752219933
6315	0.035306840511521706
6323	0.03350170242015103
6348	0.04625725062938185
6391	0.024149372496216136
6488	0.12372199621223573
6524	0.04858396622973798
6530	0.046506879048843215
6559	0.021518264683996622
6612	0.020532908029661106
6701	0.030930499053058932
6708	0.02843414257427331
6732	0.06355714917057148
6760	0.0200111410810656
6805	0.01984197355948267
6827	0.02463386058218561
6850	0.037419300749088696
6909	0.016223109011647325
6958	0.021201870486585096
7107	0.04317138630243693
7133	0.017454295606056436
7169	0.03333480567220862
7179	0.030660192297936175
7187	0.023014821095356432
7227	0.06282210733530946
7244	0.05107902960975705
7248	0.04354256673298403
7324	0.04146547955208927
7327	0.033646938803525234
7377	0.028020128778570307
7416	0.048617560155077864
7455	0.04699453453287697
7481	0.10325945478549996
7547	0.0394129404957215
7574	0.02035654165366455
7738	0.057372749976795916
7743	0.03869571474657068
7826	0.03631826136526601
7924	0.03455305693852252
7994	0.04212003178406543
8018	0.03455305693852252
8036	0.013659728860668354
8037	0.08839405039170786
8052	0.06700567561394258
8060	0.018021707566216506
8089	0.007335598321066481
8103	0.03426976454227746
8140	0.027387774492296613
8156	0.06355714917057148
8167	0.04265492737222005
8260	0.057202295593652384
8319	0.044319921158604524
8386	0.018820930175172283
8505	0.030453347293403384
8521	0.036747049409449034
8605	0.038376205168962556
8674	0.05969735897367146
8709	0.021777307825137378
8724	0.019401799414655897
8761	0.06882822579293892
8805	0.044626426862318866
8877	0.008494048609616391
8882	0.03333480567220862
9029	0.04281096625424387
9042	0.11440459118730477
9044	0.05512520841275762
9109	0.04048067748423931
9215	0.040544049110726704
9261	0.04646720026101418
9306	0.052800921424053855
9376	0.08155182022272381
9381	0.028128720045534624
9386	0.04354256673298403
9390	0.024308780077538932
9397	0.05334594675327421
9421	0.029151237393575516
9426	0.02438925687003928
9430	0.057202295593652384
9443	0.029826192576008055
9480	0.0394129404957215
9496	0.04514913643536207
9524	0.05969735897367146
9539	0.02272897813799475
9541	0.030794611131807086
9549	0.03653080707144765
9580	0.019081602637437182
9650	0.04750209974259658
9670	0.03653080707144765
9821	0.04115068752219933
9828	0.06700567561394258
9891	0.05041399496753944
9894	0.1110910199272011
9911	0.04146547955208927
9987	0.030930499053058932
9998	0.007604779647732917
10023	0.030395637189051788
10026	0.03237790125233475
10099	0.025224041518013815
10128	0.07551463125313215
10169	0.034016270514332904
10171	0.02678603024386063
10329	0.1936643821559696
10357	0.03000906861169636
10366	0.03888377037868217
10452	0.04340697355459881
10477	0.023160245221371334
10483	0.046506879048843215
10527	0.056120429106510994
10532	0.04558544860748064
10558	0.02059225716876161
10671	0.060791274378103576
10746	0.03653080707144765
10773	0.02210889070299984
10824	0.03996563686582357
10867	0.023836560499937206
10873	0.02319303116134078
10876	0.029151237393575516
10880	0.02728543958511196
10890	0.024799644652062573
10974	0.034737262100762153
10976	0.02265853250459765
11018	0.04558544860748064
11121	0.056120429106510994
11132	0.060791274378103576
11134	0.02649573796777762
11153	0.04203165559628372
11174	0.036967119243566236
11209	0.05062137462280371
11210	0.046506879048843215
11279	0.03207462716771874
11315	0.2101739969574021
11327	0.06700567561394258
11344	0.04178844890620297
11357	0.03996563686582357
11411	0.057202295593652384
11444	0.05512520841275762
11452	0.048031269859635906
11453	0.05830247478715103
11454	0.0621354364148976
11567	0.01995449578475797
11592	0.00989684062395244
11617	0.06116182860326494
11649	0.05838734625002816
11652	0.07776754075736433
11746	0.03350170242015103
11775	0.030205852501252864
11795	0.03192571974681229
11833	0.023531425651918434
11857	0.022244040088358022
11876	0.03886686851243806
11879	0.04750209974259658
11889	0.12976395911090635
12055	0.03977258445933458
12070	0.056120429106510994
12181	0.07335708783433981
12193	0.06292249599635
12196	0.019455976498343196
12208	0.06978015796717935
12250	0.07335708783433981
12309	0.1102411482283471
12327	0.05830247478715103
12377	0.07140318358938025
12385	0.04178844890620297
12387	0.024228820824260453
12480	0.03350170242015103
12512	0.06569430037634973
12516	0.02035654165366455
12525	0.11208051511428123
12528	0.056120429106510994
12564	0.022588483750113842
12566	0.013126301383192271
12581	0.018414898307050388
12591	0.02728543958511196
12638	0.02649573796777762
12654	0.06282210733530946
12699	0.025397941150418494
12725	0.057202295593652384
12739	0.030436462272045592
12748	0.01861625689454517
12766	0.029690521871857323
12768	0.02963415716205627
12779	0.04699453453287697
12780	0.05838734625002816
12829	0.00792279240579371
12834	0.037641860350344565
12835	0.10598295187111048
