45
t_index	tf-idf
182	0.13608403309524744
498	0.19919026306312665
706	0.3550315470646084
871	0.10670945335324106
1020	0.0975802442021795
1203	0.07170078980623598
1497	0.10987197562080876
1605	0.28430526030214986
1879	0.12146831590684863
2577	0.0747186890889618
2716	0.1256126443637382
2830	0.270713412648389
3181	0.10636876631955053
3263	0.19919026306312665
3902	0.18253094700366937
4219	0.08947297487138854
4430	0.09152351111957431
5342	0.20282917286919197
5970	0.07689135318677237
6488	0.2805250047079722
6554	0.043304142699050155
6760	0.09074579489241466
7416	0.11023457193495022
8156	0.14410832443824234
9433	0.1592339956533095
9443	0.06762736674934182
9539	0.1030705435471757
9549	0.1656585755070512
9820	0.09642951992463954
9894	0.08396191957823564
9998	0.034485878207522615
10224	0.114777984425874
10329	0.0975802442021795
10452	0.06561345507700117
10824	0.18123471675497418
10948	0.12174510380489897
11209	0.114777984425874
11315	0.2382723496670259
11418	0.14823579095037254
11454	0.09392317252366494
11775	0.1369764015217897
12196	0.08822825473060308
12262	0.11678472763688262
12566	0.059524674189731674
12742	0.11517365996216172
