380
t_index	tf-idf
3	0.016381532076534797
16	0.03969224535374576
91	0.03922900393437724
117	0.030598484281097217
182	0.05618029385315298
184	0.027067567569733626
185	0.03286870789960088
227	0.04309376644637346
250	0.029211301984280905
278	0.04642767631460625
279	0.036642389609493786
294	0.037410045146740234
316	0.032343571162590457
319	0.02489134871986308
320	0.07440442574944071
392	0.04398948187482466
434	0.04111638690095567
469	0.024981921601381053
498	0.04111638690095567
543	0.038231931695303756
554	0.027176850593668103
557	0.05715031391941295
569	0.03524408324345541
600	0.05253182361581134
604	0.04690112544450542
612	0.024623783912233983
632	0.024276338512803152
634	0.028952656750370443
647	0.151754887723908
705	0.09562559006218478
706	0.07328477921898757
712	0.15221319664002206
731	0.05976847665809427
764	0.08510231938866247
831	0.037148493543345935
858	0.024448764726322104
872	0.009647186825141783
918	0.020821651028485995
977	0.02202671507427483
983	0.033113102524893356
1020	0.02014228513386236
1049	0.033418663271496084
1051	0.03167832973151778
1075	0.06170999027576317
1119	0.0388139808026284
1122	0.026745743658993768
1203	0.05920123543072993
1208	0.03286870789960088
1240	0.01691468895159375
1269	0.04267049956355338
1301	0.012286943631188962
1411	0.03974556238130509
1420	0.10223090579804626
1488	0.045210294953235475
1490	0.04596366534029676
1497	0.022679515503053783
1536	0.050737732213340686
1605	0.1173712499878117
1654	0.16047446195396264
1710	0.07778600227574606
1716	0.02044618115960925
1737	0.03346848520005253
1868	0.04398948187482466
1905	0.03135944522135866
1927	0.050737732213340686
1952	0.12544203202471685
1971	0.05725085220053028
1999	0.028952656750370443
2068	0.0733853175001049
2098	0.0332324423941155
2106	0.04353300938734733
2129	0.02961037730458202
2157	0.04151645099058283
2233	0.02345056272225271
2237	0.02961037730458202
2440	0.02480147524981357
2506	0.016734242600026265
2575	0.04718353061951029
2577	0.09253953929486053
2584	0.02947582601944657
2588	0.040758249211808595
2611	0.05354451044631484
2621	0.04996384320276211
2650	0.0388139808026284
2702	0.07206718888831576
2711	0.055880027680879706
2781	0.041485895921283385
2800	0.12544203202471685
2891	0.0478227265080075
2970	0.03767760995436933
2986	0.14669258835793264
2994	0.038231931695303756
3000	0.025540679613204935
3080	0.055880027680879706
3115	0.022605147476617737
3166	0.04398948187482466
3167	0.009671560774442917
3183	0.048478036462165065
3215	0.07429698708669187
3231	0.03481297630878108
3242	0.022679515503053783
3305	0.02833012566644942
3335	0.036642389609493786
3343	0.03030750521186721
3365	0.018262804085429442
3370	0.04111638690095567
3388	0.033995900075035994
3462	0.055880027680879706
3471	0.03200619807580692
3476	0.027510994784179704
3546	0.040758249211808595
3593	0.032343571162590457
3619	0.07535521990873865
3621	0.03524408324345541
3692	0.026228389307119564
3707	0.055880027680879706
3723	0.04781279503109239
3760	0.05160024203713464
3801	0.04718353061951029
3902	0.07535521990873865
3939	0.025830451175400868
3992	0.036642389609493786
4007	0.04993475477785218
4029	0.037148493543345935
4059	0.029081260893558628
4148	0.024623783912233983
4187	0.04309376644637346
4209	0.051660902350801736
4219	0.1108128096851488
4262	0.07378538158973205
4342	0.07899011020565024
4353	0.02402239629610525
4421	0.0996973271823465
4436	0.033800289478277575
4447	0.058804964863127994
4461	0.05354451044631484
4476	0.04781279503109239
4501	0.03151779537204001
4505	0.03151779537204001
4516	0.03592224922503735
4522	0.04918361955074298
4524	0.0388139808026284
4527	0.0388139808026284
4540	0.037148493543345935
4572	0.053918602293597684
4576	0.058804964863127994
4587	0.03816798721993156
4640	0.017812223046590973
4644	0.016123841331207932
4666	0.08452417450790564
4737	0.029884238329047134
4856	0.030746748152841084
4859	0.018110663925044398
4889	0.13219661700467344
4895	0.015665735247470284
4949	0.01269099284550411
4990	0.013175329993568288
5091	0.06060729854020723
5216	0.04391278251172296
5248	0.05571003315050009
5296	0.04398948187482466
5345	0.03269101656202129
5369	0.01453791482683043
5474	0.024191073980995237
5484	0.04284391900568214
5515	0.018416959405812165
5531	0.05842260396856181
5538	0.03200619807580692
5556	0.02525794773729089
5583	0.030598484281097217
5690	0.02525794773729089
5699	0.04041080381237776
5740	0.033800289478277575
5797	0.030452085413209203
5855	0.028575156959706475
5857	0.0671545582902657
5885	0.02882545814507872
5970	0.03174346555246462
5978	0.02410642956035978
6006	0.03217366221014708
6019	0.022240272562079902
6071	0.03439726938500405
6080	0.06866628891538594
6233	0.03795147097883444
6241	0.04993475477785218
6298	0.07387135173670195
6312	0.038519318062996515
6315	0.03304915425116836
6323	0.03135944522135866
6348	0.043299343388896926
6391	0.022605147476617737
6488	0.11581062700148177
6524	0.045477277796527535
6530	0.04353300938734733
6545	0.04041080381237776
6559	0.04028457026772472
6580	0.024448764726322104
6612	0.019219936841300675
6614	0.02002291427678918
6701	0.028952656750370443
6708	0.026615929103886
6732	0.059493004649262604
6760	0.018731534137533767
6777	0.02773920908704817
6805	0.018573183986852412
6827	0.023058655104433747
6850	0.03502653379658615
6909	0.0151857267427961
6958	0.01984612267687288
7107	0.04041080381237776
7133	0.016338185447146013
7169	0.031203220640318413
7179	0.028699634686777144
7187	0.021543144654794715
7227	0.058804964863127994
7244	0.04781279503109239
7248	0.040758249211808595
7324	0.0388139808026284
7327	0.03149539450391906
7377	0.026228389307119564
7416	0.04550872356749925
7455	0.04398948187482466
7481	0.1353191800658979
7547	0.036892690794866026
7574	0.019054848164982343
7738	0.053704065170546246
7743	0.036221327850088796
7826	0.033995900075035994
7924	0.032343571162590457
7994	0.03942667787114596
8018	0.032343571162590457
8036	0.012786261234506246
8037	0.11032228935269268
8052	0.06272101601235842
8060	0.01686931440469656
8089	0.006866525492656974
8103	0.03207839382114495
8140	0.025636470742737495
8156	0.059493004649262604
8167	0.03992736970720596
8260	0.05354451044631484
8319	0.041485895921283385
8386	0.01761743094250405
8505	0.028506016329488647
8521	0.03439726938500405
8605	0.03592224922503735
8674	0.055880027680879706
8709	0.020384763832189224
8724	0.01816115665733226
8761	0.06442702371861266
8805	0.04177280220160073
8877	0.00795089899433302
8882	0.031203220640318413
9029	0.04007343072559423
9042	0.10708902089262969
9044	0.05160024203713464
9109	0.03789215163367112
9203	0.046018703628621746
9215	0.03795147097883444
9261	0.06524380177313127
9306	0.04942458094424848
9376	0.07633701138239254
9381	0.026330036735216746
9386	0.040758249211808595
9390	0.022754361783749625
9397	0.04993475477785218
9421	0.027287169491087983
9426	0.022829692509763334
9430	0.05354451044631484
9443	0.041878447273462585
9480	0.036892690794866026
9496	0.04226208725395282
9524	0.055880027680879706
9539	0.021275579847165618
9541	0.02882545814507872
9549	0.03419485460416551
9580	0.017861434775461378
9650	0.04446459096602403
9670	0.03419485460416551
9821	0.038519318062996515
9828	0.06272101601235842
9891	0.051909314431908354
9894	0.10398733504051648
9911	0.0388139808026284
9987	0.028952656750370443
9998	0.007118494093008797
10023	0.028451996481976535
10026	0.03030750521186721
10099	0.023611097081730474
10128	0.07068586881033555
10169	0.03184110939948859
10171	0.02507320486569521
10329	0.18128056620476124
10357	0.02809014692657649
10366	0.03639735831623672
10452	0.0406313265021315
10477	0.021679269674843998
10483	0.04353300938734733
10527	0.05253182361581134
10532	0.04267049956355338
10558	0.019275490915932947
10671	0.05690399296395307
10746	0.03419485460416551
10773	0.0206951437336122
10824	0.037410045146740234
10867	0.02231233815788913
10873	0.021709959126848814
10876	0.027287169491087983
10880	0.025540679613204935
10890	0.023213838157303126
10948	0.012565169387202531
10974	0.032515997376109405
10976	0.021209638840529746
11018	0.04267049956355338
11121	0.05253182361581134
11132	0.05690399296395307
11134	0.02480147524981357
11153	0.03934395287452173
11174	0.03460326691376608
11209	0.047384404667114584
11210	0.04353300938734733
11279	0.030023623905648784
11315	0.1967344782029719
11327	0.06272101601235842
11344	0.03911629796972299
11357	0.037410045146740234
11378	0.04918361955074298
11411	0.05354451044631484
11444	0.05160024203713464
11452	0.04495992344465333
11453	0.054574338982175966
11454	0.058162202926922514
11567	0.018678511009206467
11592	0.00926398985696544
11617	0.05725085220053028
11649	0.05465378336257112
11652	0.07279471663247344
11746	0.03135944522135866
11775	0.02827434752413422
11795	0.029884238329047134
11807	0.03286870789960088
11833	0.02202671507427483
11857	0.020821651028485995
11876	0.04365784468224848
11879	0.04446459096602403
11889	0.13250862352912196
12055	0.0372293374235858
12070	0.05253182361581134
12181	0.06866628891538594
12193	0.05889893419869383
12196	0.0364237388044404
12208	0.06531808485031758
12250	0.06866628891538594
12309	0.10319180815501215
12327	0.054574338982175966
12377	0.06683732654299217
12385	0.03911629796972299
12387	0.022679515503053783
12480	0.03135944522135866
12512	0.06149349630568217
12516	0.038109696329964686
12525	0.10491355722847825
12528	0.05253182361581134
12564	0.021144069334493597
12566	0.012286943631188962
12581	0.017237362671142537
12591	0.025540679613204935
12638	0.02480147524981357
12654	0.058804964863127994
12699	0.023773876749701283
12725	0.05354451044631484
12739	0.02849021101620365
12748	0.017425845438830027
12766	0.03705595942786176
12768	0.02773920908704817
12779	0.04398948187482466
12780	0.05465378336257112
12829	0.0074161716122294954
12834	0.08808715471252025
12835	0.09920590099925428
