227
t_index	tf-idf
3	0.024012701326937006
44	0.03015231946269297
76	0.055229339375592774
117	0.044852475376917694
189	0.03118659121994993
211	0.061949448558341925
557	0.04188660170721484
633	0.04152742509093467
644	0.04573892198689739
738	0.02833660524849622
740	0.0957458469348481
764	0.03118659121994993
797	0.06828841911073043
863	0.07572660558451676
866	0.056463148601890806
902	0.019264661760644192
922	0.0957458469348481
953	0.21628591775150663
1006	0.041706068179996815
1038	0.0957458469348481
1100	0.03583797183577663
1116	0.029702154582095047
1203	0.0867795257453421
1446	0.044852475376917694
1490	0.03368768447759564
1513	0.09193896012840967
1605	0.043011861728789555
1654	0.1960248746117555
1706	0.04844476489948963
1710	0.03800727207803878
1740	0.05012417804950231
1905	0.04596792219194041
1931	0.10757111744368773
2005	0.08392057642600849
2057	0.018418525093233554
2388	0.10757111744368773
2440	0.03635498895089739
2461	0.06448153230429197
2577	0.15825616059053815
2711	0.08191116731773819
2737	0.04716143384126291
2833	0.04620003814151228
2891	0.017525113690701418
2906	0.07848767325530841
2909	0.016634811219224856
2914	0.11208377246548507
2986	0.07167594367155326
3031	0.0659040441586575
3115	0.03313552433748961
3181	0.03218455166349124
3215	0.10890747898724099
3365	0.02677034466904068
3369	0.04262846898478088
3370	0.06027003540832926
3378	0.03999861844336155
3432	0.0729734581163964
3439	0.04360360633579422
3503	0.0743733860760342
3538	0.07848767325530841
3651	0.0392049749223511
3824	0.0364867290581982
3871	0.030243795602073176
3946	0.03889757454951533
3995	0.05103024543119073
4029	0.05445373949362049
4130	0.021256008125966955
4136	0.0392049749223511
4144	0.045069806457620494
4148	0.03609452192023459
4187	0.0631685570003436
4219	0.02707230404067571
4288	0.04716143384126291
4342	0.038595615177880294
4398	0.08011368961957005
4430	0.05538549094764949
4448	0.09193896012840967
4454	0.059745062937913825
4457	0.03087701741618473
4524	0.056895076966460116
4547	0.10757111744368773
4553	0.10815754729963575
4569	0.04898640591946776
4572	0.03951801598266436
4587	0.018649384625739618
4709	0.044425946682949025
4713	0.06666240274646879
4730	0.11208377246548507
4737	0.04380550524979999
4895	0.04592691572520446
4955	0.05923576365107229
4970	0.028418823523868326
4985	0.07142225835245182
4994	0.07209530591716888
5086	0.03999861844336155
5091	0.029613529660089285
5195	0.07432227082125628
5216	0.03218455166349124
5239	0.03437476763267266
5248	0.04083099128661273
5252	0.043011861728789555
5332	0.04340406886675315
5347	0.059745062937913825
5369	0.02131025382864999
5484	0.020934106894527373
5583	0.044852475376917694
5652	0.05563077575863962
5762	0.06745604626747924
5769	0.022433044390986076
5855	0.04188660170721484
5896	0.04620003814151228
5898	0.08882850712629314
5970	0.023265417234237265
6144	0.1559614387985264
6488	0.042439955916201165
6601	0.030803198475941252
6708	0.05852203137574955
6726	0.06583913761361466
6805	0.05445062374909165
6827	0.03380029385754156
6959	0.04702178564716733
7051	0.056463148601890806
7165	0.04083099128661273
7169	0.04573892198689739
7244	0.07008589680889857
7281	0.03583797183577663
7311	0.14639269962203016
7377	0.0384466163345398
7416	0.06670849720837939
7472	0.03905058238338545
7591	0.04999065892287711
7743	0.026547331570260294
7788	0.32271335233106324
7811	0.017095361518382042
7926	0.04691595825191651
8037	0.013476233335773698
8060	0.024727712066102508
8089	0.060391357183918165
8105	0.06416417467348286
8156	0.04360360633579422
8386	0.025824331045095673
8504	0.11066449632373508
8505	0.02785683508082045
8605	0.052656261795452346
8677	0.04716143384126291
8709	0.029880797671157193
8719	0.027931354386032645
8805	0.020410745022094764
8877	0.011654744009264164
8890	0.055229339375592774
9008	0.04100245262051924
9036	0.036753301030461406
9067	0.04741049314223267
9109	0.02777191155147509
9272	0.04573892198689739
9276	0.0398369086153623
9330	0.053000925217220274
9397	0.07319634981101508
9426	0.03346467137881525
9443	0.02046236460495652
9449	0.05103024543119073
9495	0.034190723036764084
9539	0.0935597736598498
9755	0.0498325425868784
9894	0.05080959067088369
9991	0.04667396470342723
10026	0.044425946682949025
10128	0.02072283163561932
10131	0.029791242299525046
10137	0.03583797183577663
10228	0.025267211854936276
10329	0.08857608825018125
10333	0.1487467721520684
10473	0.053352695599774284
10580	0.10757111744368773
10595	0.0957458469348481
10690	0.05042088568671992
10791	0.08619865658487381
10825	0.06666240274646879
10867	0.03270631279100395
10873	0.010607773882146456
10902	0.08619865658487381
10904	0.061949448558341925
10920	0.03546023849109677
10948	0.03683705018646711
11134	0.03635498895089739
11175	0.023759952124553434
11202	0.04049315333367771
11203	0.042069066110912795
11316	0.03302720486807808
11374	0.04620003814151228
11418	0.044852475376917694
11437	0.036753301030461406
11449	0.08011368961957005
11454	0.05683764704773665
11481	0.03800727207803878
11536	0.03967671721192196
11537	0.03313552433748961
11543	0.05371187221605445
11544	0.04030992846424151
11592	0.013579524826602228
11617	0.08392057642600849
11623	0.021148031441978646
11643	0.11045867875118555
11652	0.053352695599774284
11658	0.11999585533008465
11699	0.04083099128661273
11710	0.053352695599774284
11720	0.05012417804950231
11746	0.04596792219194041
11755	0.10757111744368773
11802	0.09482098628446534
11876	0.021331801771953984
11889	0.04855910279304919
12055	0.01819074788966927
12178	0.10065377763513277
12196	0.1067827303374429
12330	0.05604188623274253
12387	0.03324453594878088
12476	0.09383191650383302
12537	0.04361277358970651
12566	0.018010690713066813
12581	0.025267211854936276
12584	0.06562521516842312
12737	0.08413813222182559
12748	0.025543497393102587
12829	0.0217418386853894
12834	0.12912165522547833
