154
t_index	tf-idf
91	0.026182210725906176
632	0.03240501398704373
638	0.04340363556966381
647	0.05787668817286517
762	0.053053944037312416
790	0.07168630401552722
871	0.05880425581428293
902	0.1403440164454168
1006	0.03797884691184049
1035	0.06471039480654703
1116	0.027047708668117745
1122	0.10710382007235032
1157	0.02664831381275867
1158	0.07012154976078881
1240	0.06773518153577585
1454	0.0558864195870099
1515	0.05488377466476192
1594	0.07459086458364796
1654	0.03570127335745011
1737	0.06701258081779217
1782	0.06298243735878717
2071	0.05752325886017153
2109	0.05976036843563048
2167	0.028938344086432585
2447	0.08718915548426523
2464	0.027374786101194017
2506	0.022337526939264062
2531	0.058109577659378506
2577	0.020587571059662493
2615	0.021983087134760094
2621	0.03334685411842639
2634	0.07763762772706699
2737	0.04294667309011133
2762	0.03286879780775261
2801	0.024174828403228845
2833	0.2944983731929616
2909	0.060592712405847876
2992	0.14510692757841648
3059	0.07295402531048632
3365	0.02437791108897523
3390	0.07499167171142877
3505	0.06887803793254628
3522	0.04144551681245164
3809	0.027292368909312224
3854	0.2588415792261881
4148	0.13147519123101045
4158	0.052213977085619395
4209	0.03447950485568772
4430	0.05043575608133645
4564	0.07543835977759816
4587	0.01698271150001872
4598	0.027047708668117745
4682	0.034349499040674365
4737	0.03989065980992951
4828	0.038647147981686975
4895	0.02091124118836408
4949	0.016940437720916666
4970	0.02587906736663492
4990	0.05276085013812877
5239	0.03130273589725533
5304	0.04795043486353963
5332	0.039525099314733005
5682	0.056413100676765485
5725	0.03206604190195534
5764	0.2915077752867197
5842	0.08792477070328679
5938	0.06471039480654703
5970	0.1694897185063318
6348	0.014449417767500462
6353	0.10462854039128983
6388	0.13842977434333234
6554	0.011931782073063231
6668	0.041041971935902095
6742	0.06382240431048017
6805	0.024792218421261114
6909	0.020270506907135326
7247	0.040265029834272825
7327	0.02102064730413724
7460	0.1174377902734148
7591	0.04552305372110307
7610	0.07295402531048632
7743	0.024174828403228845
7826	0.09075813610464256
8003	0.09849163708083995
8089	0.009165709009807703
8407	0.04007671717426337
8505	0.06341825789096409
8592	0.1174377902734148
8604	0.1591618321119372
8645	0.02507469173459585
8761	0.085999731946569
8775	0.03528324981793825
8858	0.07849518607974146
8877	0.021226347044473064
8896	0.0656522349379297
8938	0.0370273901882386
8944	0.06218556503731855
9078	0.1833169406142487
9261	0.05805999966898359
9268	0.1833169406142487
9421	0.1092719697279551
9534	0.04564464040359772
9587	0.10698319126558956
9593	0.0587188951367074
9891	0.03149572725154321
9894	0.02313439926073269
9905	0.1833169406142487
9939	0.1429466481551291
9998	0.028506139901902674
10128	0.018870857038652915
10139	0.08718915548426523
10211	0.05221173707347016
10228	0.02300911145078695
10273	0.05141710476415078
10403	0.12030241279971228
10682	0.046754798587003765
10722	0.032751547407927864
10873	0.01931953971814041
11092	0.058109577659378506
11184	0.03627673189460412
11209	0.03162528597951008
11306	0.03322595386442437
11316	0.0902268095997842
11377	0.0587188951367074
11437	0.06693740523879754
11453	0.03642398990931837
11481	0.06922121555830701
11514	0.05824439907352349
11516	0.02437791108897523
11592	0.01236593898756492
11623	0.057774171745605986
11636	0.02129758162878757
11713	0.049245818540419976
12055	0.033130125157421995
12188	0.07882205432147887
12196	0.02430992146521254
12330	0.051033490107440585
12488	0.062245689653427305
12512	0.041041971935902095
12537	0.01985757617351536
12566	0.016401096895922354
12591	0.03409270634729427
12596	0.07849518607974146
12600	0.05695826553340592
12632	0.04294667309011133
12721	0.050659120083097274
12737	0.038309404153248953
12739	0.01901492858956066
12748	0.04652141136387093
12786	0.0558864195870099
12834	0.11758220783717775
12835	0.26484789769945466
12839	0.08792477070328679
12904	0.056413100676765485
