96
t_index	tf-idf
193	0.12376084029176898
319	0.055128359118901675
543	0.0846745463264563
632	0.05376625922073367
729	0.05742577091264744
742	0.06809666253864503
758	0.14921604578418363
791	0.1342123552112136
831	0.08227499103532064
901	0.055128359118901675
1041	0.2090003759751565
1044	0.07163324198725247
1175	0.17605374951746278
1203	0.03277912944612306
1596	0.14251386893116338
1932	0.12104500364072872
2018	0.08285426501851544
2057	0.0278288323450615
2058	0.32506170579435406
2237	0.06557987403834631
2261	0.07663792535223451
2577	0.03415880896584891
2621	0.05532895629806426
2635	0.13424768983968421
2729	0.05854181567764963
2762	0.05453576733255199
2833	0.13960869388482353
2909	0.0502675833345226
2992	0.060190196847505845
3231	0.0771023812951047
3293	0.13237282086557975
3862	0.0846745463264563
3900	0.03228021179143472
4222	0.06842926853964808
4459	0.14466387013065823
4476	0.10589385752525017
4598	0.13463232413585888
4666	0.09360037294367568
4739	0.08663320522105945
4856	0.06809666253864503
4894	0.10072124778503422
4972	0.13891198640724753
4990	0.058360383084895724
5248	0.06169217161776159
5314	0.08587687355923652
5548	0.06778886237480748
5769	0.03389443118740374
5970	0.07030415219157238
6554	0.019797161271466145
6582	0.08405339319930867
6668	0.06809666253864503
6909	0.03363273749366272
7187	0.04771289127182751
7247	0.06680756355993751
7327	0.03487736719983333
7340	0.04474353662329268
7481	0.04281421192505208
7483	0.057866407410638074
7574	0.08440382435018727
7811	0.025829644185138625
7818	0.08875302439534258
7821	0.029180191542447862
8037	0.020361447849152142
8105	0.04847331831699109
8775	0.05854181567764963
8877	0.017609331660197642
8966	0.09272650595476528
8985	0.0945049081187533
9008	0.06195123517962615
9135	0.15515071967857347
9394	0.11237189088527211
9476	0.1693490926529126
9595	0.07854817745808967
9891	0.03135454475833391
9911	0.17192729061032766
10171	0.055531126804503735
10670	0.16253085289717703
10681	0.14466387013065823
10730	0.11237189088527211
10832	0.1520793379777324
10873	0.032054896841769896
10876	0.060434526709379155
11082	0.1520793379777324
11175	0.03589927645421488
11454	0.08587687355923652
11649	0.12104500364072872
11699	0.12338434323552318
11889	0.02445623131446826
12055	0.054969360542214206
12196	0.04033491667853887
12451	0.06744405534117232
12537	0.032947604604261854
12697	0.1342123552112136
12834	0.07803675651980951
12835	0.16478793290448046
12855	0.2611275010308489
