240
t_index	tf-idf
34	0.02518524506834845
76	0.0649693629404856
162	0.05070015202028512
174	0.04529160844536838
178	0.03180794404164169
182	0.02421861356034177
250	0.02518524506834845
258	0.03609711767613883
294	0.03225399386667653
415	0.04068044561936163
433	0.036800885909357324
469	0.043077560743278065
503	0.052246972208942054
604	0.0202184815133686
631	0.022103116070992992
687	0.07694004375859509
728	0.0324846814702428
758	0.01936256560221438
775	0.0619425077749493
790	0.023151142718913963
865	0.022270361089298592
983	0.014274639358963798
1075	0.05320479138851209
1148	0.02965645487522258
1358	0.02717384527694228
1611	0.06327096295308111
1633	0.04616472139382389
1706	0.028494144135212708
1713	0.03792661765104833
1894	0.02485258027806801
2057	0.021666741900946165
2076	0.09776852060260513
2087	0.020287447206211638
2098	0.02865217053200701
2116	0.035768089221759496
2146	0.36444810707160447
2219	0.025765433748998708
2264	0.025646681252865032
2389	0.06910059497496378
2430	0.03229970906560646
2509	0.03514073064968484
2716	0.022355040653511186
2796	0.03202849069557345
2907	0.06853523540245865
2955	0.22976385936002203
2959	0.04936023542593375
3195	0.02818536688611116
3199	0.03138088091822101
3294	0.05288453936360388
3318	0.03612434080249833
3433	0.034836052326300805
3439	0.025646681252865032
3488	0.03792661765104833
3552	0.03544950789878639
3592	0.03920935763025021
3809	0.01762817978786796
3845	0.04448842239180743
3900	0.037698690088070384
3946	0.0228786969659904
3995	0.030014866861020666
4134	0.025529317706669115
4200	0.03536282633799691
4219	0.015923333202416717
4298	0.016381607762538317
4313	0.047121108420277884
4330	0.02663854669745422
4406	0.03097125388747465
4426	0.017060526360327292
4436	0.02914175391256515
4457	0.009080590921925496
4510	0.03484117202209458
4514	0.06154509008305842
4557	0.04529160844536838
4640	0.030714495566262674
4666	0.036437301739014875
4979	0.0560689395494776
4987	0.0795272036522841
4992	0.3693373393817854
5333	0.10306173499599483
5345	0.02818536688611116
5362	0.019051876115125283
5414	0.03323768059306146
5421	0.04016574465670421
5427	0.05070015202028512
5470	0.056315599189507425
5494	0.04179653578566826
5548	0.02638924563240543
5559	0.04529160844536838
5561	0.029310404417084865
5602	0.13587482533610512
5655	0.0383362446817947
5656	0.02432153209136187
5676	0.052246972208942054
5690	0.021776763118245102
6102	0.02965645487522258
6109	0.1696194866494403
6123	0.09232944278764778
6144	0.030577694864660075
6168	0.02093044449494722
6213	0.028494144135212708
6302	0.054076472183851566
6348	0.009332899429942917
6353	0.022526574211867507
6375	0.052246972208942054
6508	0.059202335972515736
6523	0.0324846814702428
6544	0.022526574211867507
6559	0.034732336655576374
6689	0.04016574465670421
6695	0.08480974332472015
6702	0.03159214069614581
6708	0.011473790137185124
6756	0.05070015202028512
6760	0.01614985453280323
6832	0.04374478825671144
6836	0.22548293508888928
6850	0.030198990720663954
6917	0.08610496287942501
6959	0.013828589533928955
7151	0.11840467194503147
7195	0.027885808258520904
7206	0.016763919481194645
7321	0.06213450583325209
7420	0.04374478825671144
7421	0.11154323303408362
7445	0.043052481439712506
7481	0.016666967337512717
7628	0.041222981464803
7675	0.054076472183851566
7726	0.01194470206105414
7754	0.018006883931864084
7795	0.052246972208942054
7803	0.026007239878698966
7811	0.020110230534052136
7821	0.011359435978681784
7826	0.029310404417084865
7832	0.015272924019603446
7862	0.03422164910982179
7901	0.041222981464803
7926	0.027594933723908206
7958	0.03399268354933224
8036	0.022047981488278103
8037	0.007926423750140637
8089	0.02960072224676724
8292	0.1325453394204735
8433	0.03967616127614607
8505	0.008192388543845634
8539	0.022789501100384656
8605	0.03097125388747465
8621	0.036437301739014875
8653	0.23866487445276666
8709	0.01757522732298472
8719	0.016428607702371256
8724	0.01565808950883846
8754	0.0245305910865584
8778	0.024636776932572133
8877	0.006855063830900717
8879	0.016013329041619513
9026	0.018930244700937352
9139	0.023719283244768328
9148	0.047121108420277884
9174	0.036437301739014875
9186	0.0432349649824748
9210	0.08033148931340842
9339	0.025765433748998708
9420	0.026769718092214272
9443	0.024071024706615863
9444	0.05070015202028512
9476	0.06592520728454528
9495	0.010055115267026068
9497	0.027452598446510306
9503	0.044206232141985984
9580	0.015399676889937505
9682	0.04374478825671144
9728	0.06234795464783089
9737	0.047121108420277884
9826	0.01458341660806535
9891	0.05289215074734984
10021	0.08748957651342287
10026	0.026130363740098583
10073	0.04240487166236007
10075	0.04374478825671144
10102	0.0265090678840947
10116	0.036800885909357324
10128	0.02437742665240196
10167	0.04292138145220749
10209	0.05288453936360388
10238	0.052246972208942054
10318	0.08610496287942501
10414	0.12538960735700477
10429	0.04016574465670421
10475	0.10452145496039433
10498	0.04068044561936163
10558	0.03323768059306146
10665	0.067321322710588
10690	0.02965645487522258
10696	0.06533028935473531
10773	0.017842829016529015
10792	0.030198990720663954
10821	0.23867248583651263
10831	0.08235779533953091
10873	0.031196295263145175
10874	0.054076472183851566
10880	0.022020527384122766
10906	0.04240487166236007
11313	0.04817834522837669
11400	0.02717384527694228
11401	0.018632464131083527
11431	0.0750661172564675
11437	0.0864699299649496
11507	0.04240487166236007
11514	0.018810069985425025
11519	0.020497234682936627
11536	0.023336971526111992
11591	0.04240487166236007
11636	0.04126841454253106
11643	0.0324846814702428
11660	0.01624191452538982
11682	0.026769718092214272
11710	0.03138088091822101
11758	0.15674091662682615
11765	0.04374478825671144
11833	0.018990876116881612
11857	0.017951900403557396
11876	0.01254689615307115
11889	0.009520465055632395
11943	0.036789424493137754
12188	0.01272781917030686
12323	0.02485258027806801
12329	0.02056814995200676
12555	0.031173977323915445
12584	0.01929965336598316
12649	0.04246000624507496
12664	0.03544950789878639
12719	0.07383178892520854
12724	0.04068044561936163
12766	0.007987177530940597
12779	0.03792661765104833
12795	0.028812725458185817
12829	0.012788070838022702
