282
t_index	tf-idf
16	0.021281720270401316
91	0.021033344946284404
557	0.030642181699700462
639	0.055188988402702095
644	0.06692070023095349
660	0.028017600758451403
720	0.05354685649463007
742	0.23079600627634653
743	0.15408294545750423
748	0.0751204561654115
764	0.04562915852834084
775	0.03852073636437606
808	0.11709063944823409
902	0.028186161779328665
977	0.04724009785879361
1006	0.03051011223313045
1012	0.034321412069176375
1020	0.02159930606118098
1051	0.03396982690051206
1053	0.1559542931448827
1075	0.0220579568163943
1105	0.02594096982500587
1171	0.027594494201351048
1203	0.015870910310949043
1207	0.034500989960554895
1265	0.03624528163244406
1273	0.023395169906151366
1301	0.06587868612791287
1378	0.034321412069176375
1388	0.17582172823058814
1511	0.016453436956676466
1868	0.047171523795469066
2057	0.01347408883853525
2063	0.04162164547057109
2180	0.04821216364054721
2199	0.026310787937930766
2210	0.16064056948389022
2241	0.03779351427913984
2277	0.025232669241484092
2319	0.0736333628737834
2464	0.04398278853721491
2493	0.12167130260078877
2530	0.03852073636437606
2577	0.016538919812281668
2615	0.03532000101367551
2626	0.03219542556835742
2631	0.0610202244662609
2635	0.03249984183380644
2679	0.051984764381627566
2692	0.051984764381627566
2697	0.04409059939831068
2698	0.04162164547057109
2702	0.02576009059916743
2709	0.034500989960554895
2712	0.035836049949620585
2718	0.03929296913079347
2784	0.09869506439886078
2891	0.012820512911790673
2898	0.03249984183380644
3000	0.027388201105779685
3115	0.02424032306467377
3133	0.029380456857284385
3167	0.01037116691915521
3269	0.057417728988542444
3285	0.0998851312502933
3300	0.031324343182062814
3351	0.051984764381627566
3390	0.030122087773976687
3440	0.04876694155744944
3475	0.04099749301079845
3522	0.03329504375009776
3819	0.042972199500269384
3878	0.04621101551379876
3880	0.05992218919379108
3908	0.04876694155744944
3917	0.04370655530855013
3946	0.028455556155050677
3981	0.06843721267229769
4134	0.06350457236984564
4144	0.06594171607895616
4162	0.03852073636437606
4218	0.0544079184483297
4264	0.08570246752660594
4415	0.03297085803947808
4430	0.0607759596615592
4442	0.10599955701806034
4445	0.15738749824536544
4456	0.056331788011597383
4510	0.04333397695053456
4514	0.038273590701635246
4587	0.02728594868039065
4636	0.07333677637908881
4707	0.07869374912268272
4765	0.031324343182062814
4841	0.1559542931448827
4895	0.01679893855313813
4949	0.027218027832350365
5053	0.04370655530855013
5139	0.07654718140327049
5198	0.04821216364054721
5239	0.025146892628052638
5314	0.020789816280562576
5369	0.015589535633580762
5484	0.0306287300013918
5515	0.019749176435484423
5544	0.01666825203832604
5594	0.02749092142330918
5607	0.0672580301746224
5609	0.08389166236238153
5678	0.0700429616915897
5690	0.08125505224894722
5718	0.11483545797708489
5769	0.01641091409398437
5857	0.024004093019157353
5896	0.03379768005914565
5934	0.02002964774720311
5946	0.02749092142330918
5970	0.03403967441398072
6006	0.034500989960554895
6017	0.23418127889646817
6018	0.1345115016977385
6019	0.02384905440271343
6061	0.03710634358614368
6127	0.057417728988542444
6136	0.05533281915056341
6348	0.02321573157885346
6554	0.028756008130166644
6559	0.04319861212236196
6603	0.04822754514769578
6625	0.036868459970445466
6828	0.026310787937930766
6901	0.047681000580504375
6909	0.06513683179426195
6910	0.040403073616015826
6952	0.038772875205069696
6958	0.021281720270401316
7056	0.03175228618492282
7170	0.034321412069176375
7178	0.05127140176269807
7179	0.030775663700721267
7187	0.023101498753829813
7206	0.020850254404129357
7213	0.03645504200074966
7324	0.04162164547057109
7327	0.01688682939613761
7330	0.07869374912268272
7418	0.03710634358614368
7565	0.04130566788134337
7574	0.04086641557594373
7645	0.07869374912268272
7651	0.02718526251852757
7769	0.020550948737885183
7778	0.10631943590165302
7780	0.03733122260938913
7832	0.03799163455311186
8037	0.029575652380833536
8089	0.04417935245394674
8180	0.06305870587942271
8311	0.04409059939831068
8326	0.300481824661646
8386	0.018891812940287675
8388	0.021663804644663356
8397	0.04069674476833738
8414	0.025581795450801147
8425	0.05127140176269807
8446	0.05992218919379108
8524	0.04011615412635643
8530	0.05274138682940369
8539	0.02834461810790946
8651	0.01833478365725205
8709	0.021859324802037443
8777	0.057302086827260526
8877	0.00852603861472615
8880	0.027388201105779685
8905	0.027804254569656652
8938	0.029745764345227355
8956	0.042620614331605064
9026	0.023544638137264418
9028	0.04575713101723669
9036	0.026886910905574896
9261	0.023321101747351095
9272	0.033460350115476746
9274	0.050596618612283775
9279	0.07869374912268272
9294	0.04821216364054721
9307	0.025319039469419047
9332	0.07869374912268272
9338	0.06498257544269039
9390	0.02440033100156026
9426	0.024481110883096426
9443	0.014969261498303797
9465	0.05127140176269807
9480	0.039561376209454206
9495	0.025012254635978275
9538	0.038273590701635246
9553	0.025061701525077373
9554	0.08979213812707412
9555	0.0736333628737834
9688	0.061392174260496694
9713	0.06659008750019552
9891	0.05566424873789243
9894	0.018584901209071466
9987	0.031046988476210395
9998	0.007633420517472482
10056	0.04194583118119077
10121	0.023395169906151366
10128	0.015159806392256756
10131	0.021793810488202243
10153	0.050596618612283775
10171	0.026886910905574896
10205	0.04130566788134337
10211	0.020972015839449232
10228	0.036968503776730215
10349	0.04876694155744944
10367	0.06594171607895616
10403	0.16912757300590306
10424	0.04069674476833738
10485	0.057417728988542444
10602	0.07869374912268272
10649	0.05354685649463007
10722	0.026310787937930766
10743	0.05860724274352938
10873	0.031040506651565446
10880	0.027388201105779685
10920	0.02594096982500587
10948	0.0269481776770705
11016	0.022673555750969798
11039	0.047171523795469066
11123	0.04934753219943039
11132	0.03051011223313045
11147	0.13111966592565039
11176	0.04995645531243638
11194	0.03779351427913984
11305	0.02890142264547361
11316	0.024161081857986152
11337	0.04621101551379876
11357	0.04011615412635643
11401	0.023174271252299136
11404	0.028794412665674767
11430	0.050596618612283775
11437	0.026886910905574896
11454	0.020789816280562576
11544	0.01474438247505836
11546	0.051984764381627566
11554	0.05127140176269807
11556	0.07869374912268272
11567	0.02002964774720311
11592	0.009934113777978459
11623	0.015470861698586266
11627	0.029622803270542238
11636	0.051327909504223265
11672	0.05992218919379108
11699	0.029869948933283045
11802	0.034683189519441555
11813	0.0700429616915897
11823	0.04621101551379876
11833	0.04724009785879361
11856	0.051984764381627566
11876	0.03901324762791729
11889	0.011841151985860826
11908	0.061392174260496694
11934	0.05533281915056341
12055	0.039922374652275314
12166	0.03983568281463775
12188	0.03166064690400685
12193	0.015789868155230046
12196	0.01952925095392998
12262	0.025850202529461887
12371	0.11610215472275288
12488	0.01666825203832604
12537	0.01595248215771937
12566	0.07905442335349543
12584	0.024004093019157353
12590	0.026985571088345057
12612	0.06328493074240304
12698	0.0885031255056671
12699	0.025493594036871178
12737	0.030775663700721267
12766	0.029802341333935372
12823	0.05354685649463007
12834	0.018891812940287675
12843	0.057417728988542444
