281
t_index	tf-idf
3	0.015157117098033168
15	0.01704040922420651
17	0.02655452015024668
82	0.028311442855534344
231	0.030247571702653128
357	0.029162041309320003
433	0.019746726018545477
497	0.027272696134323354
557	0.026439346338878348
601	0.03739035412244665
604	0.021697782816364204
631	0.02372030816242001
644	0.028870979031230853
743	0.0332372903452994
758	0.020779243135873603
764	0.01968536603081009
790	0.02484501451474007
863	0.023899789795692728
872	0.008926121176707892
977	0.02038035869331326
982	0.030578940885111754
984	0.03281493626312934
1020	0.018636777864827446
1075	0.019032520775189198
1169	0.04070154883825519
1218	0.044854612615402446
1370	0.04860540504991058
1475	0.024174748955436108
1490	0.02126408734429727
1561	0.023809675054659134
1674	0.05297171636397913
1782	0.043656862823164645
1894	0.02667093910802465
1908	0.08731372564632929
1996	0.20618425481874883
2018	0.03461388301672168
2057	0.023252006328670194
2076	0.20984366456104997
2080	0.06353392203582217
2085	0.10773865032604975
2087	0.08708717775620815
2146	0.15042817041972378
2173	0.033676888063998996
2261	0.03201689354426941
2430	0.017331471502295658
2468	0.0318262930161403
2530	0.0332372903452994
2615	0.015237781510499133
2619	0.08055838951217024
2631	0.07897617396260696
2653	0.049542400002633255
2702	0.022226875479918248
2729	0.024456913099160517
2762	0.022783313209697332
2777	0.056069663542866376
2796	0.034371880726502164
2801	0.0335140147517984
2891	0.02212414144911939
2955	0.0273971905695789
3019	0.042078141509677466
3103	0.03873819204057072
3110	0.05297171636397913
3166	0.04070154883825519
3193	0.01768129595698636
3195	0.4234660038371438
3212	0.02535067777017354
3288	0.06353392203582217
3294	0.0567538788061913
3433	0.018692429920016265
3475	0.035374338790923644
3476	0.02545472349466579
3651	0.04949334001476362
3791	0.04860540504991058
3808	0.01932437193637541
3854	0.044854612615402446
3859	0.046945410530180996
3886	0.031095935301452708
3900	0.04045694477359838
3979	0.04550745787102334
3981	0.014762616986962459
4130	0.01341705790679245
4134	0.0547943811391578
4135	0.034135197600980445
4182	0.029310576749930452
4207	0.03390360483183414
4260	0.019032520775189198
4349	0.043104503354639265
4369	0.027910080297967856
4407	0.044854612615402446
4426	0.03661754671877563
4457	0.009744979588991936
4587	0.011771724585667496
4618	0.034861449062534695
4619	0.05056876184759507
4636	0.06327801489678381
4666	0.0391032659413477
4789	0.12087194971386984
4859	0.0167570073758992
4878	0.02399066500766423
4921	0.024174748955436108
4949	0.04696968848845226
4979	0.3911132430912818
4987	0.028448624949060787
5091	0.018692429920016265
5172	0.05297171636397913
5198	0.041599456093936234
5362	0.06133746541503619
5369	0.013451298472084846
5414	0.017834770982951394
5469	0.02199693118359747
5502	0.056069663542866376
5665	0.03771183019560892
5699	0.03739035412244665
5842	0.04063058226306273
5871	0.06353392203582217
5976	0.03987278242177349
6078	0.044854612615402446
6102	0.0318262930161403
6144	0.03281493626312934
6187	0.03461388301672168
6264	0.04620245053352651
6323	0.02901552682183769
6545	0.03739035412244665
6554	0.008270625829105694
6559	0.018636777864827446
6572	0.058033020340550856
6591	0.04070154883825519
6607	0.046945410530180996
6639	0.06043597485693492
6660	0.026212629571043207
6693	0.0394811520372252
6708	0.012313279130906699
6798	0.016480873048510005
6805	0.01718495701481335
6828	0.022702040003454924
6836	0.060495143405306255
6909	0.014050690581560233
6958	0.018362751661438272
7001	0.012406246459784425
7056	0.0273971905695789
7187	0.07973172830649243
7195	0.05985219125898173
7296	0.01980843764136756
7353	0.03591288344201658
7421	0.05985219125898173
7450	0.056069663542866376
7454	0.03873819204057072
7481	0.08943209638608877
7531	0.04429936106985909
7569	0.042078141509677466
7655	0.05056876184759507
7671	0.028042212614749148
7726	0.0128186457007448
7735	0.0332372903452994
7767	0.10113752369519013
7784	0.03591288344201658
7820	0.06353392203582217
7821	0.012190558159318752
7862	0.07345100664575309
7955	0.03591288344201658
7994	0.036479785314793484
8031	0.06353392203582217
8037	0.03402546742737419
8089	0.012706593066214246
8095	0.05056876184759507
8103	0.02968073860200061
8108	0.04114114655695479
8140	0.02372030816242001
8212	0.01968536603081009
8292	0.028448624949060787
8311	0.03804319937806755
8327	0.06353392203582217
8461	0.06043597485693492
8512	0.05440966902313679
8589	0.030748529409088107
8651	0.06328004969270609
8653	0.023284270916132315
8665	0.022783313209697332
8731	0.0912359452402358
8777	0.016480873048510005
8778	0.026439346338878348
8786	0.09389082106036199
8811	0.03564024486168347
8827	0.049542400002633255
8865	0.023030879255510353
8877	0.01471324007164926
8879	0.05155487104444005
8893	0.06353392203582217
8965	0.02535067777017354
9026	0.020315291131531365
9109	0.08764988780119519
9139	0.02545472349466579
9186	0.06959742844505183
9211	0.05440966902313679
9260	0.017529977560239038
9280	0.025665880234820644
9307	0.021846318256974653
9319	0.03511484072315666
9333	0.04860540504991058
9391	0.03804319937806755
9397	0.04620245053352651
9503	0.04744061632484002
9527	0.03771183019560892
9531	0.04070154883825519
9553	0.02162427639640273
9764	0.03739035412244665
9783	0.024362034523184507
9826	0.01565042389920017
9883	0.03201689354426941
9891	0.034930490512548394
9912	0.056069663542866376
9933	0.05056876184759507
9998	0.013172864177208884
10026	0.028042212614749148
10075	0.046945410530180996
10167	0.023030879255510353
10171	0.02319914281501728
10203	0.03591288344201658
10216	0.03564024486168347
10217	0.016480873048510005
10342	0.03461388301672168
10375	0.018861132827913196
10403	0.020847184362578555
10558	0.017834770982951394
10722	0.022702040003454924
10821	0.06403378708853882
10835	0.0332372903452994
10840	0.03987278242177349
10853	0.022947723253789472
10867	0.041289266548453024
10975	0.12706784407164434
11021	0.038385089957271024
11069	0.046945410530180996
11077	0.03739035412244665
11109	0.03987278242177349
11123	0.042579099216112457
11175	0.01499757864357928
11199	0.030920831464315235
11305	0.012468673583667319
11316	0.04169436872515711
11404	0.02484501451474007
11428	0.09721081009982116
11486	0.05297171636397913
11516	0.03379555206045744
11519	0.02199693118359747
11535	0.022461837136535073
11544	0.012722065244289281
11592	0.04285782868201633
11653	0.044854612615402446
11702	0.048349497910872216
11716	0.03345484620342707
11718	0.034135197600980445
11775	0.013080510244449608
11833	0.1019017934665663
11876	0.013464899803123516
11937	0.06353392203582217
11947	0.12706784407164434
11961	0.051703352228797836
12057	0.030247571702653128
12188	0.013659060197011958
12262	0.0669138833818683
12323	0.08001281732407395
12435	0.2117330019185719
12436	0.034135197600980445
12451	0.02817598636872768
12470	0.03771183019560892
12488	0.014382059764018866
12516	0.01763061986952892
12537	0.04129339139747116
12564	0.01956368508968203
12566	0.034105719023978805
12584	0.020711727875771888
12607	0.047743453249040925
12638	0.022947723253789472
12649	0.045566626419394664
12659	0.021846318256974653
12676	0.056069663542866376
12723	0.06353392203582217
12737	0.02655452015024668
12766	0.017143131472806532
12829	0.006861860112991925
