210
t_index	tf-idf
56	0.03870978630701527
69	0.08979089415545548
91	0.029949914503768712
117	0.04672165470715364
182	0.042891606437757135
184	0.08266040462251918
227	0.06580103960188664
612	0.03759872283091099
632	0.03706819903657309
647	0.0331026642609569
706	0.11190051502239791
721	0.05018812066139304
743	0.054850655646147245
764	0.032486259325198975
902	0.020067496102882398
983	0.02528064671828196
1020	0.03075580092111691
1049	0.051027862419644306
1051	0.19348199993418239
1105	0.03693800631273423
1123	0.06397686658089213
1203	0.15819294823846444
1206	0.0403606221997432
1225	0.062234875056169064
1411	0.06068857609617463
1420	0.031219827996817325
1446	0.04672165470715364
1497	0.03462996671746318
1511	0.09371386841305225
1605	0.17921734175131204
1654	0.04083880066221182
1710	0.07918236964485689
1737	0.1788637790529448
1759	0.07624673004010449
1764	0.05348296348925761
1793	0.07509980131000867
1906	0.03974243022317519
1921	0.07204581132899572
2018	0.05712241155045705
2057	0.019186097587469215
2157	0.031696296947734334
2233	0.035807299607791276
2440	0.07574008909752801
2577	0.07065056494259968
2615	0.025146523611297364
2645	0.047177352170645795
2796	0.05672304132055844
2801	0.02765366345109975
2909	0.051984147989964494
2970	0.057530963504828045
2992	0.04149706952150158
3000	0.038998755719785255
3019	0.06944048766308608
3025	0.07402242737446019
3167	0.04430330458511555
3183	0.07402242737446019
3203	0.04563105321065136
3207	0.0464981143091344
3305	0.04325803647783358
3329	0.09577041875965055
3346	0.06068857609617463
3381	0.06334593853227333
3474	0.04740965910373766
3488	0.06716873175877629
3506	0.1748357548452754
3563	0.12340870252366232
3692	0.08009767656949436
3809	0.031219827996817325
3825	0.05837737239027098
3890	0.06716873175877629
3939	0.03944121576939087
3971	0.07624673004010449
3988	0.055950257511198954
4023	0.04938627514920212
4059	0.0444049652079294
4219	0.056401027184620624
4365	0.04964955740646972
4442	0.03773386589527073
4457	0.016081892180784367
4540	0.05672304132055844
4587	0.03885315589217697
4640	0.05439593197521519
4644	0.049239860400210396
4836	0.08299413904300317
4889	0.10092729816950119
5314	0.02960314784652934
5484	0.02180651359171354
5486	0.10484841704097875
5531	0.04460352847278436
5548	0.046735835436422166
5656	0.04307387703374595
5672	0.06278172519737962
5690	0.038567044757902014
5769	0.023367917718211083
5857	0.06836007639301074
5938	0.07402242737446019
5970	0.04846995763338824
5978	0.03680876045344636
6006	0.04912683656607539
6010	0.06789418870309165
6233	0.0579491293232804
6312	0.058816190421763434
6348	0.08264367575685255
6488	0.2210429802859899
6524	0.06944048766308608
6614	0.030573530325128096
6732	0.045420740373585934
6798	0.027197965987607594
6861	0.10484841704097875
6909	0.023187497617076953
6959	0.048981368681634635
7001	0.020473713270766296
7022	0.07026720543590943
7107	0.06170435126183116
7112	0.11506192700965609
7169	0.04764504303923023
7179	0.04382224981272728
7215	0.17209811994594504
7327	0.04809117122794045
7417	0.05283666581756838
7481	0.11807001284700465
7738	0.04100109610361987
7754	0.06378103988913789
7779	0.04563105321065136
7811	0.017807792574294632
7903	0.07204581132899572
7924	0.04938627514920212
8037	0.11230272851180521
8049	0.055209682550386156
8089	0.010484683821543961
8098	0.05449873865491414
8156	0.045420740373585934
8167	0.030483091314058543
8386	0.026900532646033495
8505	0.014508869565647361
8653	0.03842544060373434
8681	0.06647173154963826
8761	0.06558357876679066
8775	0.0403606221997432
8792	0.05449873865491414
8858	0.08979089415545548
9068	0.031504173700098254
9096	0.06278172519737962
9339	0.04563105321065136
9364	0.051610577814846424
9390	0.06948850306279815
9421	0.04166551843503518
9426	0.03485927605801677
9495	0.017807792574294632
9539	0.032486259325198975
9553	0.03568599383084012
9580	0.027273108709799414
9593	0.06716873175877629
9821	0.058816190421763434
9891	0.050439288248419124
9894	0.07939053969221466
9986	0.031032760718751027
9987	0.2210429802859899
9998	0.010869421504447925
10087	0.04235574994200758
10099	0.03605242387091656
10128	0.06475930098155634
10137	0.03733148129384068
10206	0.06278172519737962
10211	0.02986258642965607
10222	0.06170435126183116
10228	0.026320196104636012
10333	0.07747281804282645
10419	0.03733148129384068
10452	0.06204107333182375
10558	0.05886453868837206
10747	0.04764504303923023
10784	0.07624673004010449
10852	0.0925303409283497
10853	0.037870044548764005
10873	0.02209968321116409
10876	0.04166551843503518
11022	0.07747281804282645
11134	0.07574008909752801
11213	0.0602016626975159
11315	0.07509980131000867
11344	0.05972773521636668
11454	0.05920629569305868
11522	0.08021226481572069
11544	0.06298470295617989
11563	0.08979089415545548
11567	0.028520724549582786
11644	0.08979089415545548
11744	0.05283666581756838
11751	0.048370499983545596
11760	0.058816190421763434
11833	0.13453275222117922
11876	0.044441563962536124
11889	0.1011655037774611
12055	0.037897656021161054
12196	0.027808196836336792
12215	0.058816190421763434
12257	0.06789418870309165
12377	0.051027862419644306
12436	0.05633244917299241
12504	0.04083880066221182
12512	0.046948042830092206
12520	0.04253257953351821
12567	0.04991679894354002
12591	0.038998755719785255
12717	0.051027862419644306
12742	0.03630097655641593
12766	0.014145437118109184
12834	0.1345026632301675
12835	0.15148017819505602
