119
t_index	tf-idf
179	0.07355862514551176
250	0.05493217211754662
297	0.1105833780694164
309	0.07947431621946102
335	0.08872914416821313
415	0.08872914416821313
632	0.04565191946208818
687	0.05593862219735882
758	0.04223217933403563
902	0.024714438243699736
1148	0.0646844404007545
1358	0.059269558100292156
1475	0.049133278174058256
1497	0.04264907636868505
1511	0.057707389143080795
2076	0.0852981527373701
2090	0.12283137127256286
2146	0.42802681502505946
2199	0.04614011291966391
2251	0.10766085224986148
2277	0.04424946188662752
2389	0.07535852373658289
2430	0.035224854332833504
2493	0.030481400439386807
2506	0.03146892580331019
2704	0.0924903332271601
2778	0.0511063640787929
2891	0.022482789752763025
2915	0.09878666750510422
2955	0.055682637611842035
3153	0.09878666750510422
3193	0.03593584505609152
3294	0.03844926676704045
3378	0.05131381996912425
3592	0.0855205171169925
3968	0.06711877276273367
3973	0.07664633237223523
4010	0.08024234002401362
4219	0.0347307829559095
4222	0.05810200489114464
4539	0.10508300178304833
4558	0.11794755498513212
4825	0.08991248276034694
4992	0.402785484939643
5041	0.10564765559633157
5333	0.05619763625655498
5508	0.06392966103385976
5970	0.05969393333695751
6102	0.0646844404007545
6109	0.0924903332271601
6168	0.04565191946208818
6348	0.020356221924784167
6554	0.0168093972882239
6556	0.041958595364685214
6603	0.028191533503321316
6614	0.037653308775464404
6695	0.0924903332271601
6708	0.02502577254841036
6748	0.10766085224986148
6780	0.08760651693972936
6826	0.062493970534499094
6836	0.06147581334953386
6917	0.09390285121767347
6985	0.036039327199519085
7012	0.0855205171169925
7195	0.12164487696957912
7321	0.04517437835272349
7374	0.07243599791702797
7421	0.24328975393915825
7570	0.09703481818154645
7700	0.04168838906154187
7811	0.02193146507056275
7862	0.0373208502427785
7944	0.11975510731343365
8089	0.012912576112325585
8309	0.07801467994904454
8505	0.017868624916019385
8647	0.11794755498513212
8653	0.09464690302359542
8724	0.034152253257699564
8754	0.05350428983537964
8877	0.014951752314256923
9139	0.051734725875029815
9176	0.10508300178304833
9443	0.026250959016700357
9503	0.048209662961422144
9728	0.20398304046260146
9785	0.06180996384871295
9998	0.013386405814616562
10121	0.04102711723385361
10167	0.18723381146833906
10209	0.03844926676704045
10414	0.09116347653019231
10452	0.02546921761059447
10498	0.08872914416821313
10665	0.09789082129325832
10690	0.0646844404007545
10696	0.04749784631946511
10738	0.062493970534499094
10821	0.06507182100131226
10873	0.04082581502401727
11400	0.059269558100292156
11592	0.017421034009092597
11623	0.027130594014183416
11636	0.030003859330022118
11643	0.0708531566345434
11784	0.09703481818154645
11889	0.04153065206678029
12055	0.023336725083041847
12385	0.07355862514551176
12516	0.03583284988925819
12537	0.027975191386989028
12555	0.06799434682086716
12584	0.042094959871625225
12649	0.046305294326832475
12664	0.07731981420445873
12690	0.05810200489114464
12766	0.017421034009092597
12893	0.1105833780694164
