147
t_index	tf-idf
3	0.12550167605731724
16	0.03801112202982578
34	0.05594817599653929
240	0.05520917233848665
278	0.044461280893226394
356	0.10495243022693942
634	0.055452794822660925
872	0.0369543614765937
1122	0.1024518232153386
1273	0.041785938679404416
1301	0.023533086101647796
1496	0.10061378690542892
1507	0.05312868809620701
1675	0.057237045663208336
1767	0.10965210508558498
1808	0.09037024356733572
1921	0.09037024356733572
2069	0.03411561013050879
2264	0.05697324098170993
2294	0.038578359644778085
2431	0.0600624977737225
2464	0.03927866547107313
2534	0.07806395283031792
2685	0.06880160024758349
2801	0.03468721158809733
2900	0.12012906663419211
2931	0.1251032120693889
2992	0.05205160731501802
3294	0.03916040930289621
3305	0.054260465954017144
3569	0.10467795965038817
3704	0.1070265757090768
3808	0.04000168783885699
3871	0.03951707667867855
3900	0.027915457935290006
3901	0.058047725381156795
4260	0.03939755234179573
4262	0.07066027932229058
4457	0.020172227733886414
4587	0.02436761483122188
4673	0.06162196114213451
4742	0.09563964147023209
4807	0.1126286847947762
4828	0.055452794822660925
4859	0.03468721158809733
4990	0.12617302742775838
5091	0.03869356008423265
5278	0.0928496003845146
5314	0.037132535978174515
5329	0.0600624977737225
5332	0.05671252180584614
5369	0.027844353455792385
5383	0.1070265757090768
5484	0.027352873238370393
5792	0.05380083656875169
5806	0.07612436174146893
5816	0.0809442419559944
5899	0.059468029599727884
5915	0.06880160024758349
6019	0.04259661839735287
6403	0.09157546872527283
6428	0.20990486045387885
6434	0.13151600087303678
6580	0.04682652599813324
6603	0.02871295303380766
6612	0.036811793244207594
6760	0.035876359402804675
7033	0.06473742750262425
7103	0.06261284584651398
7170	0.12260243681633518
7177	0.06162196114213451
7343	0.23330395571156054
7358	0.08813925963081619
7761	0.09420099810178105
7821	0.025234605485551675
7843	0.1025533779942779
7926	0.12260243681633518
7959	0.12012906663419211
8006	0.09563964147023209
8112	0.15664163721158483
8131	0.046993502325115157
8140	0.24550664975779515
8176	0.06708604356131286
8210	0.08710227101047396
8212	0.04074895005906219
8464	0.05062611124003084
8505	0.036398231967902345
8719	0.03649560020622989
8724	0.0347839199194859
8729	0.07216362878965007
8877	0.030456588104496415
8892	0.0651120789337764
8965	0.05247621511346971
8989	0.13151600087303678
8990	0.07739849340071067
9000	0.04733125477789429
9026	0.04205290277348295
9186	0.0480225112656078
9267	0.07018087943868098
9495	0.02233710083417324
9783	0.10085942283914362
9831	0.15612790566063584
9872	0.08611138630609451
9891	0.03615327272062427
9998	0.027267991037187977
10038	0.06667701859147322
10116	0.040875965989166846
10133	0.054968183662482475
10184	0.06971157293782106
10191	0.060365784566764676
10541	0.0480225112656078
10722	0.046993502325115157
10727	0.10164851371912095
10792	0.1341720871226257
10873	0.027720608841975528
10876	0.10452580045602305
10988	0.13151600087303678
11032	0.22581926716813755
11035	0.09717757781097226
11049	0.08172647082716833
11064	0.06667701859147322
11153	0.037677581112403075
11175	0.031045172449298896
11293	0.13151600087303678
11306	0.04767420362569009
11401	0.08278278647883149
11543	0.07018087943868098
11699	0.05335049326377956
11702	0.05004202798838653
11711	0.060365784566764676
11714	0.08337842908107757
11744	0.06627536384336441
11775	0.02707681725927216
11833	0.16875037371005294
11857	0.039879543777512155
11876	0.027872508378508278
12052	0.06436896894147215
12075	0.1126286847947762
12329	0.04569145427472099
12372	0.07739849340071067
12420	0.0535745276663579
12434	0.039758065354682716
12436	0.07066027932229058
12504	0.0512259116076693
12739	0.027283538080069995
12766	0.03548649322283308
12867	0.059468029599727884
