354
t_index	tf-idf
44	0.016716509059528737
51	0.04541172271133971
56	0.02060221129995478
162	0.04778871574052884
174	0.04269075565219327
179	0.031788432300705625
182	0.02282786920642415
184	0.021996855119092596
194	0.041933692241712284
250	0.023738992280443492
258	0.034024254897445504
277	0.018430840355589367
297	0.04778871574052884
309	0.03434490402436995
319	0.020228319005726875
331	0.04441519731093375
335	0.03834438703702297
338	0.031788432300705625
415	0.03834438703702297
422	0.04541172271133971
433	0.034687609516797266
469	0.06090577315228442
503	0.0492467103885106
685	0.041933692241712284
687	0.024173930673634787
728	0.030619261419215112
774	0.04652574332936416
790	0.021821697458026115
872	0.007839927631204988
880	0.02322201971154734
983	0.01345492381070477
1032	0.026146397693991037
1075	0.033433018119057474
1116	0.016466936706923903
1148	0.1956741123647431
1171	0.020912345424810824
1240	0.01374596964777746
1358	0.0512267958091067
1387	0.02829127494207993
1475	0.04246598910347054
1490	0.01867652282807095
1501	0.053081698065681505
1511	0.012469152525597656
1706	0.026857879120412143
1867	0.026857879120412143
1906	0.021151807414735806
1996	0.04527357416710259
2057	0.030633806659399607
2076	0.0552925210667681
2087	0.019122448533304852
2098	0.027006830913552354
2116	0.03371412077258946
2146	0.4492182234465893
2147	0.04778871574052884
2157	0.016869475898527254
2173	0.029578846179558582
2219	0.024285863854405915
2251	0.04652574332936416
2264	0.024173930673634787
2277	0.019122448533304852
2353	0.026010305513146398
2354	0.04541172271133971
2389	0.03256626024946374
2430	0.03044491098213021
2493	0.026345134438861054
2584	0.023953961610881713
2609	0.06459962647741005
2615	0.013383540502918278
2704	0.039969788593046826
2731	0.030619261419215112
2754	0.034676806267894156
2778	0.022085665568656262
2796	0.030189267220274603
2813	0.016921019586778448
2829	0.11219331998112181
2907	0.032299813238705025
2909	0.00922237417900079
2914	0.031069739098573797
2955	0.09625322673159108
2959	0.04652574332936416
3061	0.02864162030497361
3105	0.037859242574616404
3166	0.03574869655618598
3181	0.017843182847850168
3184	0.0412327610042115
3192	0.053081698065681505
3193	0.015529710832338924
3195	0.07970049985001836
3202	0.02938382394274149
3226	0.04441519731093375
3235	0.036134800915875925
3294	0.0830794425003206
3343	0.02462983788436323
3433	0.049253408593657774
3476	0.02235721273774097
3522	0.025232477564388286
3552	0.03341383385672948
3581	0.04652574332936416
3592	0.03695777569682769
3825	0.031069739098573797
3845	0.041933692241712284
3862	0.09320921729572139
3871	0.016767223622783878
3878	0.03502078029785147
3900	0.07106771528764962
3968	0.029005443751211647
3973	0.0331227880196568
3979	0.039969788593046826
3981	0.012966197358713119
3995	0.05658254988415986
4078	0.029578846179558582
4168	0.0492467103885106
4182	0.025743858502387685
4186	0.03653734010747928
4200	0.01666606497523
4219	0.015008942058942132
4222	0.025108838635357685
4298	0.015440900382775258
4421	0.027006830913552354
4454	0.0331227880196568
4457	0.01711828312271336
4514	0.058010887502423295
4532	0.030619261419215112
4558	0.05097115204725109
4636	0.02778894928805261
4640	0.028950727744220396
4644	0.026206551498362683
4836	0.022085665568656262
4859	0.014717896221869444
4878	0.0421426224809416
4949	0.020627042324419833
4979	0.05284920275842226
4985	0.019798324806786363
4987	0.14992077055144024
4990	0.01070712483743174
4992	0.2735293691415828
5158	0.053081698065681505
5183	0.04269075565219327
5333	0.04857172770881183
5342	0.034024254897445504
5427	0.04778871574052884
5494	0.03939638616469989
5541	0.04441519731093375
5548	0.012436926792935909
5555	0.0811604192675257
5559	0.04269075565219327
5561	0.05525453195357629
5602	0.1280722669565798
5656	0.022924877681297844
5690	0.020526241065120878
5970	0.012898396040511712
5980	0.041933692241712284
6019	0.03614776629609177
6066	0.03537773750539494
6073	0.061238522838430225
6102	0.02795344462353473
6109	0.11990936577914049
6123	0.13054119129943512
6168	0.03945704391149574
6169	0.04778871574052884
6213	0.026857879120412143
6302	0.05097115204725109
6323	0.02548471233597942
6348	0.008796961352582103
6353	0.02123299455173527
6375	0.0492467103885106
6391	0.01837040408998138
6523	0.030619261419215112
6544	0.02123299455173527
6554	0.007264197592809055
6559	0.03273784588996101
6580	0.03973729328578758
6586	0.053081698065681505
6695	0.039969788593046826
6707	0.05097115204725109
6708	0.010814912253380255
6756	0.04778871574052884
6760	0.015222455491065105
6798	0.014475363872110198
6828	0.01993949523923562
6832	0.0412327610042115
6836	0.1328341664166973
6850	0.028464825561534124
6917	0.04058020963376285
6985	0.03114886148507068
7012	0.07391555139365538
7040	0.03502078029785147
7195	0.07885343007619564
7273	0.053081698065681505
7282	0.03537773750539494
7321	0.03904430419006091
7416	0.018491665281524357
7421	0.10513790676826083
7445	0.04058020963376285
7472	0.021649724658808524
7481	0.015709873296442925
7501	0.013172567219430527
7531	0.01945435077682905
7591	0.013857463002308126
7623	0.05580266512482795
7628	0.03885576797502236
7675	0.10194230409450218
7700	0.018015678389676364
7726	0.022517564490640563
7754	0.016972845707607598
7803	0.024513784362256458
7811	0.009477704229405548
7832	0.01439588236752233
7835	0.05097115204725109
7862	0.04838472656335632
7892	0.053081698065681505
7901	0.03885576797502236
7955	0.0630854996564481
7958	0.03204066707229676
7966	0.0492467103885106
8012	0.02977797444786468
8021	0.02148082296713845
8036	0.02078188482697648
8060	0.02741819071570041
8089	0.01116036496773528
8105	0.017786376410504245
8139	0.0412327610042115
8244	0.0412327610042115
8292	0.04997359018381341
8306	0.031788432300705625
8388	0.01641780286455259
8397	0.03084181859072326
8509	0.0456557384128483
8539	0.02148082296713845
8605	0.02919274181986864
8621	0.03434490402436995
8653	0.12270525706341011
8709	0.03313195361928105
8724	0.014758929880096834
8731	0.026711236750647183
8778	0.02322201971154734
8786	0.0412327610042115
8818	0.03434490402436995
8877	0.012922828975622181
8879	0.01509376992249118
8967	0.02977797444786468
9026	0.053529548543550506
9088	0.04652574332936416
9139	0.06707163821322291
9176	0.04541172271133971
9186	0.08150442826177494
9260	0.015396805928150013
9339	0.04857172770881183
9391	0.03341383385672948
9443	0.011344377792274351
9444	0.04778871574052884
9446	0.03130328783829906
9476	0.031069739098573797
9497	0.025876143783045542
9503	0.02083385332797388
9562	0.04652574332936416
9580	0.014515356504153457
9652	0.015986719696249714
9728	0.08815147182822447
9737	0.04441519731093375
9785	0.026711236750647183
9790	0.04652574332936416
9826	0.01374596964777746
9877	0.04441519731093375
9885	0.030619261419215112
9891	0.0651947905119053
10023	0.023121931545957868
10073	0.039969788593046826
10102	0.04997359018381341
10103	0.053081698065681505
10121	0.017729909118088576
10133	0.023323178359101217
10137	0.01986864664289379
10166	0.05493660032225633
10167	0.0809132760229075
10178	0.019320189046728203
10185	0.02642460137921113
10209	0.033231777000128235
10211	0.03178706855715393
10224	0.019253815136541137
10318	0.04058020963376285
10393	0.053081698065681505
10399	0.05097115204725109
10413	0.03574869655618598
10414	0.11818915849409967
10429	0.07571848514923281
10434	0.053081698065681505
10475	0.04925967576872646
10477	0.017617975937317447
10498	0.03834438703702297
10503	0.027627265976788145
10558	0.015664509931851815
10665	0.04230361482947161
10690	0.02795344462353473
10696	0.06157872319536264
10773	0.03363642316246332
10776	0.03653734010747928
10792	0.028464825561534124
10821	0.14060425765788412
10873	0.058809720566185684
10876	0.022175317835975497
10880	0.020756007263949345
10890	0.018865065484319227
10906	0.039969788593046826
11108	0.05097115204725109
11147	0.0331227880196568
11203	0.023323178359101217
11208	0.053081698065681505
11210	0.03537773750539494
11306	0.020228319005726875
11413	0.09082344542267942
11437	0.10188053532721869
11465	0.02273184560616855
11514	0.03545981823617715
11519	0.019320189046728203
11535	0.01972852195574787
11536	0.0659905653572778
11592	0.02258555101230519
11627	0.04489897802978861
11636	0.038898592076139354
11643	0.030619261419215112
11682	0.025232477564388286
11744	0.02812085153157682
11758	0.0492467103885106
11833	0.053700997585775075
11857	0.016921019586778448
11867	0.026711236750647183
11874	0.04058020963376285
11876	0.011826395578560635
11889	0.01794751219204317
12188	0.011996929162723003
12216	0.04269075565219327
12217	0.053081698065681505
12262	0.0195904429576737
12323	0.023425430634844598
12329	0.01938703203437644
12435	0.026566833283339454
12451	0.02474733310198172
12555	0.05876764788548298
12566	0.009985164651955494
12584	0.01819137836566438
12612	0.015986719696249714
12649	0.040021757094044215
12664	0.06682766771345897
12698	0.02235721273774097
12719	0.05219402062369312
12721	0.03084181859072326
12724	0.03834438703702297
12739	0.02315298714674918
12766	0.03011406801640692
12779	0.03574869655618598
12795	0.10863266414508849
12829	0.024107441804257397
12903	0.053081698065681505
