174
t_index	tf-idf
16	0.05686256876178955
17	0.04111470480621475
23	0.08681338062617247
91	0.056198935429197905
117	0.04383497080938587
182	0.040241560962498986
189	0.030479105206181835
222	0.0456151385880018
319	0.035659006325862254
355	0.03249036425838698
557	0.1637455188558035
607	0.036051335890391466
644	0.08940261572186196
647	0.12422970296638683
657	0.05321842464893612
764	0.030479105206181835
872	0.02764085625862367
902	0.037655263342059174
922	0.1871475930922151
942	0.1967407759510672
977	0.03155517127702882
1043	0.07392180222640539
1051	0.04538194265815407
1123	0.06002407441746685
1164	0.060544089181083796
1170	0.04426251313714146
1203	0.04240544079153601
1207	0.04609154920409235
1301	0.05280632306442053
1490	0.03292345970432561
1511	0.06594283815613339
1694	0.10498677412662398
1716	0.14645459985228204
1737	0.07191974241114556
2157	0.05947590085061034
2199	0.03514986028592412
2493	0.023220943750814658
2565	0.04927705848311278
2577	0.17676117402587316
2613	0.06592576650904876
2665	0.05436875915968764
2801	0.051890179735690586
2804	0.06173554143694124
2891	0.05138263879133024
2898	0.04341811816764507
2949	0.07268618242898382
2986	0.035024966539468155
2994	0.05477054335287419
3061	0.050490192454887006
3077	0.037430074482361554
3115	0.06476765127817428
3167	0.01385534591629466
3193	0.027376177756164775
3242	0.03249036425838698
3365	0.02616304378439055
3401	0.07392180222640539
3754	0.08681338062617247
3761	0.11120875791421843
3771	0.2102616077909373
4059	0.041661417299574996
4226	0.057408649721043634
4240	0.06515012725426518
4298	0.02721962038815526
4342	0.03772005113375166
4426	0.028347709082143815
4430	0.02706451938885789
4436	0.04842183321951006
4472	0.0523260875687811
4540	0.05321842464893612
4587	0.018226312456837354
4640	0.025517547540089697
4644	0.02309879494669285
5135	0.04075994169510766
5248	0.03990471643150493
5300	0.08424318977834494
5314	0.02777412593479617
5345	0.046832703984969005
5484	0.020459204468220197
5548	0.021924137693202807
5654	0.05890277449802418
5855	0.04093637971395087
5882	0.03618419107292586
5970	0.022737627672960285
6233	0.05436875915968764
6348	0.046522536118490325
6379	0.049872594546325
6554	0.03841654877614237
6559	0.05771112534633841
6625	0.024627183723564747
6701	0.04147718075992056
6744	0.040241560962498986
6959	0.02297753450537011
7051	0.11036449827889024
7063	0.14091956369477063
7206	0.02785486816130522
7213	0.04870206228968688
7327	0.02255993607438711
7340	0.028941729465414037
7416	0.03259758801820962
7738	0.03846785526155212
7743	0.15567053920707175
7754	0.029920173410559435
7924	0.046334958449536896
7939	0.05321842464893612
7949	0.06592576650904876
8037	0.03951155136455091
8167	0.057199404700322316
8286	0.06592576650904876
8504	0.036051335890391466
8537	0.046334958449536896
8651	0.024494328541030348
8761	0.09229727453479358
8877	0.011390349342901037
8885	0.11387790001503037
9008	0.0801445761300679
9119	0.4340669031308624
9261	0.03115579320798101
9278	0.056938950007515185
9329	0.1416099596995837
9330	0.051798568311860096
9376	0.03645312008357801
9426	0.03270550578778035
9443	0.059994491783003125
9458	0.04341811816764507
9597	0.06944897314825912
9665	0.052142358578089125
9891	0.06084374327941553
9894	0.07448541820195373
9987	0.04147718075992056
10026	0.04341811816764507
10099	0.0676498706175859
10121	0.031254744460965406
10128	0.020252722111802783
10178	0.03405813123864068
10211	0.028017535180240714
10224	0.033941125585201924
10329	0.20198893871218446
10419	0.035024966539468155
10452	0.019402627864455492
10477	0.18634455444958026
10728	0.06515012725426518
10773	0.029647580354800692
10783	0.05789196579889801
10825	0.06515012725426518
10873	0.02073426068768338
10880	0.036589228898123986
10904	0.060544089181083796
10948	0.018000690107492515
11134	0.03553025481974297
11348	0.1967407759510672
11372	0.03686482587014894
11454	0.05554825186959234
11519	0.03405813123864068
11567	0.053517159695205534
11652	0.052142358578089125
11682	0.044480467053686724
11802	0.046334958449536896
11814	0.04658197388882927
11833	0.09466551383108647
11875	0.06515012725426518
11876	0.020847877405366696
11889	0.06327668162721464
12055	0.03555616032531881
12196	0.10436030181061551
12327	0.03909122645174746
12377	0.04787512072614981
12512	0.0440473716077481
12564	0.060581410082573034
12566	0.05280632306442053
12567	0.046832703984969005
12659	0.03382493530879295
12762	0.048146236247485104
12766	0.013271465384623461
12834	0.025238491031338895
