185
t_index	tf-idf
604	0.029112899209055118
632	0.030138065540639997
758	0.0557609057270955
838	0.06785040108731427
865	0.03206743183524025
876	0.18220964478415125
902	0.01631575119655773
932	0.04818594437978466
1023	0.02478408522081096
1149	0.09110482239207562
1301	0.03050745994958229
1313	0.08524634448778186
1358	0.03912803333657832
1378	0.03973436499934492
1476	0.04934246420091849
1511	0.038096734960239784
1589	0.038357248765982246
1758	0.07107455413702922
2057	0.015599135690130333
2076	0.0844670283742148
2087	0.029212203959676206
2145	0.07786553521483747
2146	0.2422035578858736
2150	0.07300392043162947
2167	0.02691391249092505
2227	0.07107455413702922
2251	0.07107455413702922
2264	0.07385809323689649
2389	0.04974949912686812
2487	0.055815876795526624
2515	0.055815876795526624
2721	0.04782013283226787
2891	0.014842481961090524
2955	0.03676005306228233
3146	0.0519767890554973
3154	0.07786553521483747
3193	0.047447593280636635
3285	0.0385461244534188
3294	0.05076616867235714
3320	0.04974949912686812
3341	0.058576392708465194
3488	0.05461111391007612
3808	0.02592838619610909
3819	0.04974949912686812
3869	0.038357248765982246
3900	0.018094305847873422
3973	0.050599672822134636
3995	0.0864377270983805
4074	0.09110482239207562
4130	0.018002275063234187
4135	0.04580074266800343
4144	0.07634162050452292
4219	0.022928249794013467
4254	0.05349912042414792
4288	0.039942264763709656
4316	0.09110482239207562
4514	0.08861971178278527
4620	0.020283178353338933
4634	0.060183467923209596
4895	0.019448359371886877
4955	0.050168333795686394
4992	0.1899337340805329
5161	0.24326906479365726
5174	0.17049268897556372
5239	0.058225798418110236
5252	0.036427882471382
5314	0.024068652731892695
5334	0.09110482239207562
5450	0.0641348636704805
5515	0.022863889846442186
5548	0.03799827636863992
5594	0.031826613188304376
5720	0.061991923183020506
5797	0.07560999740948933
5903	0.32608038116367727
5970	0.07881638697719408
6168	0.030138065540639997
6205	0.05349912042414792
6307	0.055815876795526624
6323	0.03893144820422453
6348	0.013438583914055119
6522	0.08108968826455241
6556	0.027699840707557277
6580	0.030352125520122397
6708	0.06608514009103102
6760	0.023254421304761356
6824	0.037804998704744665
6832	0.12597757260821255
6836	0.08116907738922285
6917	0.061991923183020506
6958	0.024638136663308212
7001	0.016646023504023732
7133	0.020283178353338933
7165	0.03458084565502971
7195	0.0401531996681632
7327	0.019550111794800092
7421	0.0803063993363264
7700	0.05504291677653715
7751	0.08073451929529121
7811	0.014478513488305431
7821	0.016356624729726214
7870	0.07300392043162947
7966	0.07523121036025865
8012	0.04549000414680221
8088	0.07786553521483747
8089	0.008524506083363054
8105	0.027171167672502394
8109	0.0385461244534188
8341	0.060183467923209596
8386	0.021871308481007726
8388	0.025080480933901576
8389	0.06521607623273545
8605	0.08919195956510584
8621	0.2623331263221878
8653	0.2499324979237787
8724	0.06763896408972622
8811	0.04782013283226787
8880	0.031707692481273475
8933	0.03458084565502971
9135	0.08696797259324944
9139	0.0341537568961043
9148	0.06785040108731427
9156	0.03912803333657832
9174	0.05246662526443756
9233	0.05935759832844169
9339	0.0371000401447661
9383	0.06298878630410627
9411	0.057835266959791076
9443	0.017330117389850082
9451	0.05297365217658307
9489	0.04611831115120354
9503	0.031826613188304376
9586	0.061991923183020506
9704	0.07157121708096045
9728	0.044887884343660124
9780	0.0693727324559649
9785	0.040805135106840286
9998	0.008837314630977497
10167	0.12360630063195426
10228	0.021399469514593168
10348	0.13647001244040663
10366	0.04518580797768905
10414	0.060183467923209596
10429	0.057835266959791076
10476	0.03727308154641014
10490	0.06298878630410627
10498	0.11715278541693039
10558	0.0957188841712719
10665	0.09693699704390311
10696	0.03135669260531476
10792	0.04348398629662472
10821	0.08591703609811974
10867	0.027699840707557277
10873	0.00898400405679676
10976	0.05266177064816186
11071	0.04746335459816791
11123	0.05713030839981251
11184	0.03373893076784151
11305	0.01672978480723593
11404	0.0666713654143157
11493	0.0519767890554973
11605	0.04196165492797411
11643	0.04677518718980553
11658	0.03387588709505116
11682	0.0385461244534188
11710	0.04518580797768905
11720	0.042451491136914356
11857	0.05169842915395942
11874	0.061991923183020506
11889	0.013708662512795119
12016	0.06785040108731427
12068	0.051044285881982815
12193	0.01828014486428733
12434	0.02577047441295702
12516	0.02365580223559301
12517	0.04295851804905987
12555	0.044887884343660124
12584	0.027789864577221463
12699	0.02951428013988678
12728	0.061991923183020506
12739	0.017684706580034078
12763	0.05349912042414792
12779	0.10922222782015224
12820	0.055815876795526624
12829	0.009206868902084612
