301
t_index	tf-idf
16	0.016856737913149653
76	0.03200230123210934
102	0.02574234173979026
162	0.04994728173502927
166	0.0313356129943018
174	0.044619052154879976
240	0.024483532682395972
277	0.019263342016811055
282	0.03776697184297415
294	0.03177503921673131
297	0.04994728173502927
309	0.03589622719266578
335	0.04007636264372222
338	0.033224282331816395
355	0.019263342016811055
356	0.023271552051205686
415	0.04007636264372222
433	0.036254412331503734
469	0.021218940941651304
497	0.025035936846365316
598	0.034618909494242504
631	0.021774896556093833
660	0.022192066568854127
687	0.05053168336035058
721	0.027917755202284466
729	0.022023080192584338
738	0.016419471739299862
775	0.030511347243808867
863	0.02193965807485116
872	0.008194048911131145
875	0.025382830764917153
880	0.02427093390177433
921	0.0514711324667858
982	0.028071021253557128
983	0.014062668558525022
1020	0.01710828996684142
1075	0.03494315236072972
1123	0.03558791355956274
1148	0.029216072297421767
1211	0.028875160504490165
1225	0.034618909494242504
1262	0.05547934250118044
1351	0.03523695212527369
1418	0.12466284562617252
1475	0.06657619970656238
1491	0.03492310156546296
1510	0.040610842120485345
1565	0.033224282331816395
1638	0.028875160504490165
1645	0.029216072297421767
1706	0.028071021253557128
1989	0.030914891531068325
2018	0.03177503921673131
2025	0.034618909494242504
2037	0.05547934250118044
2066	0.06233142281308626
2076	0.03852668403362211
2116	0.03523695212527369
2126	0.03862711952863713
2145	0.0532734653403534
2146	0.33141807375349963
2150	0.04994728173502927
2157	0.01763145237049014
2199	0.020840141253759402
2251	0.04862726218927461
2353	0.05437032727696948
2357	0.12466284562617252
2389	0.03403724395039057
2430	0.0318200755692774
2466	0.0532734653403534
2506	0.02842718915694563
2515	0.038187693306207623
2702	0.0612118414768968
2731	0.03200230123210934
2847	0.11095868500236088
2891	0.01015481940934896
2907	0.06751752361715904
2916	0.05547934250118044
2955	0.2515022092020352
3132	0.05547934250118044
3133	0.023271552051205686
3193	0.01623117152630527
3294	0.03473282139225578
3318	0.03558791355956274
3319	0.03908699138872881
3343	0.02574234173979026
3388	0.028875160504490165
3432	0.021142010885808887
3433	0.03431875548187327
3439	0.02526584168017529
3474	0.026372202019910574
3488	0.037363427555714694
3549	0.05832321277869163
3592	0.03862711952863713
3688	0.035561094682147104
3845	0.043827792986923166
3900	0.02475925639719371
3919	0.04862726218927461
3968	0.060631178237027065
3995	0.11827664822361705
4078	0.030914891531068325
4130	0.024633326515579295
4200	0.017418853589868506
4208	0.047462922432391176
4219	0.015686880175500132
4222	0.026242978450580132
4264	0.022627619936273963
4330	0.026242978450580132
4353	0.0408078943179312
4406	0.030511347243808867
4431	0.03177503921673131
4442	0.020989923850851744
4454	0.034618909494242504
4457	0.017891497955134186
4514	0.060631178237027065
4516	0.030511347243808867
4539	0.047462922432391176
4567	0.05832321277869163
4828	0.024591571596960345
4859	0.015382688104279679
4987	0.02611542232871688
4992	0.20791592935869424
5159	0.11664642555738326
5160	0.06233142281308626
5161	0.11095868500236088
5252	0.024922958904825484
5257	0.038187693306207623
5332	0.02515022092020352
5333	0.025382830764917153
5345	0.027766829182336673
5408	0.12466284562617252
5427	0.04994728173502927
5428	0.06233142281308626
5450	0.02193965807485116
5594	0.021774896556093833
5656	0.023960370278747246
5672	0.03492310156546296
5725	0.0204039471589656
5747	0.0532734653403534
5903	0.13385715646463994
5970	0.04044300904401926
5978	0.040950645296002675
6004	0.05832321277869163
6109	0.12532554563210635
6123	0.09095839968108592
6168	0.04123927705819302
6227	0.028545614579192656
6264	0.042413174994052935
6302	0.0532734653403534
6348	0.00919431083846741
6353	0.022192066568854127
6379	0.05913832411180853
6537	0.05547934250118044
6580	0.04153218500177162
6625	0.014601309459170167
6689	0.03956930471654174
6707	0.0532734653403534
6708	0.011303410457650981
6756	0.09989456347005854
6824	0.025865144092730084
6836	0.08330048754701001
6841	0.030315589118513533
6909	0.012898328801641584
6917	0.042413174994052935
6986	0.02481125757751687
7001	0.022777506216314705
7008	0.04177518187736878
7012	0.03862711952863713
7119	0.02611542232871688
7195	0.027471718841002336
7213	0.028875160504490165
7215	0.03191056050786532
7321	0.0612118414768968
7377	0.022277655521568924
7421	0.05494343768200467
7454	0.035561094682147104
7472	0.022627619936273963
7481	0.06567788695719945
7501	0.013767558217190683
7570	0.043827792986923166
7591	0.014483390021758493
7675	0.1065469306807068
7700	0.01882942762183728
7726	0.023534659179947005
7784	0.03296750264062271
7811	0.00990580215458535
7821	0.011190754397565538
7862	0.08428368956574826
7929	0.02598949116983678
8036	0.010860290346300459
8037	0.03904360287135834
8040	0.06233142281308626
8143	0.04994728173502927
8212	0.018070878592919656
8292	0.10446168931486752
8376	0.03071106034506644
8397	0.032234911076822984
8539	0.022451089132952674
8621	0.28716981754132626
8622	0.04547919984054296
8645	0.01595528025393266
8653	0.32061931095783786
8754	0.024166324859083526
8874	0.028384871813367872
8880	0.02169353426728683
8903	0.04177518187736878
8913	0.04177518187736878
8914	0.032473126514136925
8929	0.028071021253557128
8933	0.0709778007957091
9139	0.023367064507132034
9148	0.046421385028447566
9174	0.07179245438533156
9186	0.021296474376642796
9233	0.040610842120485345
9260	0.01609226344747065
9267	0.031123014213680158
9327	0.02526584168017529
9364	0.05741802874048257
9391	0.03492310156546296
9430	0.04547919984054296
9443	0.023713582795395954
9449	0.029569162055904263
9456	0.041175879464813984
9495	0.02971740646375605
9503	0.043549793112187665
9514	0.022277655521568924
9522	0.023659266931903036
9586	0.042413174994052935
9598	0.04007636264372222
9704	0.024483532682395972
9728	0.12284424138026576
9737	0.046421385028447566
9780	0.047462922432391176
9877	0.046421385028447566
9885	0.03200230123210934
9891	0.06012315051591948
9997	0.023463508806607702
10099	0.04010920236953573
10102	0.02611542232871688
10121	0.01853075045301133
10166	0.028709014370241284
10167	0.042284021771617775
10211	0.016611428494701878
10228	0.029281861207072105
10278	0.05832321277869163
10318	0.042413174994052935
10342	0.03177503921673131
10357	0.02385898003316062
10366	0.030914891531068325
10375	0.0173142445471777
10414	0.041175879464813984
10442	0.030914891531068325
10558	0.016372059359273095
10665	0.088428849177289
10690	0.029216072297421767
10696	0.02145338977107599
10771	0.026242978450580132
10775	0.07179245438533156
10821	0.08817312239793536
10831	0.027044941964234487
10873	0.01229321874990866
11071	0.032473126514136925
11175	0.013767558217190683
11305	0.034338180889175604
11437	0.021296474376642796
11442	0.05832321277869163
11516	0.015511911673610114
11535	0.02061963852909651
11544	0.011678670141105503
11592	0.015737144387494954
11660	0.01600073073531087
11717	0.04177518187736878
11744	0.029391040799311787
11807	0.027917755202284466
11833	0.07483548683841522
11874	0.08482634998810587
11876	0.018540872130132776
11889	0.009379091214399444
11943	0.03624312111121761
12100	0.05547934250118044
12110	0.044619052154879976
12146	0.07112218936429421
12385	0.033224282331816395
12504	0.022717081743998436
12553	0.032473126514136925
12555	0.09213318103519931
12581	0.029281861207072105
12649	0.02091474887043085
12659	0.020054601184767866
12666	0.01939089813867431
12686	0.05547934250118044
12690	0.026242978450580132
12698	0.023367064507132034
12719	0.018183856534459492
12724	0.04007636264372222
12737	0.024376661778973237
12739	0.01209939160433897
12742	0.020192861652328663
12779	0.037363427555714694
12829	0.012598174789272353
