269
t_index	tf-idf
56	0.05160060852454099
166	0.037545914538895234
189	0.021652286279380963
240	0.0293358430827777
290	0.07468468143429809
393	0.024029156293570653
445	0.05686944211804077
471	0.048018964464636125
596	0.025705166165439355
618	0.03521595400928684
631	0.026090391317286545
665	0.038908868102635434
677	0.05449257210385108
698	0.04260883047311858
714	0.04301038178795731
758	0.02285546127730713
804	0.048018964464636125
863	0.05257561275349792
918	0.02119032017537267
983	0.05054910704793321
1012	0.03257290134652981
1116	0.020621668767523017
1122	0.02721930507274146
1157	0.020317162810448142
1206	0.02690059626547742
1240	0.017214181241475383
1252	0.06988209750422819
1358	0.06415170192235903
1420	0.020808202219077157
1423	0.07468468143429809
1507	0.056460721694162275
1511	0.031230427100200096
1521	0.06383155731542353
1600	0.03439875901700105
1638	0.03459783310432178
1652	0.06988209750422819
1737	0.017030539898194693
1842	0.06647460997818055
1888	0.03439875901700105
1909	0.07468468143429809
2219	0.030413370079216944
2351	0.03704181167975808
2411	0.04476836174043144
2542	0.06647460997818055
2615	0.016760308495742407
2642	0.03326984526154613
2702	0.024447737991465646
2822	0.05160060852454099
2891	0.03650210848953196
2892	0.035429376528859
2898	0.030844131345665927
2990	0.03950122299923442
3093	0.029728518691412364
3103	0.04260883047311858
3167	0.019685611782239414
3187	0.02846726133147623
3193	0.019447973751259492
3203	0.030413370079216944
3238	0.024029156293570653
3292	0.05984616837763943
3294	0.020808202219077157
3396	0.06988209750422819
3432	0.025332076128311915
3610	0.14936936286859617
3621	0.03586811666349455
3635	0.03704181167975808
3640	0.07668946302899868
3687	0.06988209750422819
3776	0.07468468143429809
3898	0.06167202604811066
3900	0.04449931735361333
3944	0.04683351299145201
4062	0.03564671527573582
4083	0.030134660058381803
4100	0.03363432415371044
4118	0.05984616837763943
4248	0.03291624797729009
4260	0.04186842020592123
4264	0.02711211312510256
4298	0.05801026727066212
4330	0.12577595036429956
4358	0.02628780637674896
4365	0.03309172717757517
4366	0.03920134294707094
4417	0.02908111005267087
4615	0.06167202604811066
4624	0.06647460997818055
4749	0.06647460997818055
4783	0.031914697055172456
5027	0.06647460997818055
5041	0.028587512408745717
5061	0.047411414403188475
5286	0.04575598599501276
5369	0.014795323840620265
5370	0.06988209750422819
5462	0.07468468143429809
5484	0.014534171826817476
5548	0.015574857022558291
5578	0.03129115154311689
5625	0.06988209750422819
5683	0.04301038178795731
5885	0.0293358430827777
6015	0.08156594560529469
6191	0.07468468143429809
6256	0.07468468143429809
6283	0.14936936286859617
6391	0.023005395296737795
6421	0.03704181167975808
6428	0.0557673280341385
6475	0.05826453852206303
6536	0.07468468143429809
6554	0.01819401863101345
6556	0.02270740148223657
6567	0.05984616837763943
6580	0.07464496716437292
6601	0.021386103630813624
6603	0.04577058388841824
6609	0.03439875901700105
6692	0.037545914538895234
6696	0.049587182313722514
6708	0.02708719201492516
6735	0.07468468143429809
6798	0.01812760711799616
6824	0.12396508596381364
6825	0.05826453852206303
6827	0.02346693275225694
6846	0.04933639088952515
6958	0.02019751907220585
6959	0.016323187696590274
6985	0.019503976831358544
7001	0.027291704871464314
7097	0.03862344153533448
7134	0.03920134294707094
7177	0.03274333060882533
7206	0.019788034314756335
7221	0.050054467065945504
7245	0.07561249308609737
7340	0.04112027617388457
7343	0.4214910496666414
7591	0.017353805208448224
7617	0.06383155731542353
7700	0.04512233926519158
7726	0.04229837321674541
7731	0.07408362335951615
7769	0.019503976831358544
7808	0.024029156293570653
7811	0.05934500167635108
7826	0.03459783310432178
7862	0.02019751907220585
7946	0.06111044724698101
7998	0.07468468143429809
8021	0.02690059626547742
8060	0.017168003290685196
8062	0.055621485859306
8089	0.006988104520755666
8109	0.03159882155240107
8112	0.041616404438154314
8167	0.040634325620896285
8176	0.03564671527573582
8250	0.04430380692930431
8366	0.07468468143429809
8376	0.036797583864863245
8414	0.07283557836780294
8501	0.06647460997818055
8505	0.038680993620205946
8645	0.019117404499704952
8724	0.018482718963903143
8731	0.033450682810429753
8799	0.04430380692930431
8805	0.04251243343111565
8877	0.008091677991407396
8927	0.037545914538895234
8955	0.03609373547318678
9000	0.025149847466692517
9023	0.1329492199563611
9232	0.06647460997818055
9235	0.03363432415371044
9274	0.048018964464636125
9276	0.05531609041475404
9292	0.07468468143429809
9381	0.02679623762233117
9389	0.033450682810429753
9487	0.06647460997818055
9497	0.03240488960222923
9502	0.03309172717757517
9571	0.07468468143429809
9575	0.04933639088952515
9588	0.05686944211804077
9891	0.019210335720279578
9991	0.06480977920445846
9997	0.028113664047220197
9998	0.050711741424198965
10173	0.035006309078448705
10184	0.03704181167975808
10190	0.08999317920530965
10191	0.032075850961179514
10217	0.01812760711799616
10228	0.01754256823730308
10342	0.038072429191616027
10365	0.06988209750422819
10396	0.04342602546540437
10446	0.047411414403188475
10452	0.01378358223614375
10540	0.1994238299345417
10541	0.02551715222774178
10552	0.04385678673185335
10612	0.06383155731542353
10708	0.04683351299145201
10746	0.03480031033183978
10750	0.03144398759107489
10753	0.06167202604811066
10771	0.03144398759107489
10862	0.05826453852206303
10867	0.02270740148223657
10873	0.02209435669932229
10880	0.02599290410544256
11016	0.021518447235294832
11051	0.05686944211804077
11117	0.03920134294707094
11150	0.04476836174043144
11167	0.06383155731542353
11175	0.0494883151951651
11242	0.03920134294707094
11305	0.013714517146146748
11316	0.022930191048066054
11401	0.043987307384522556
11404	0.02732747595582248
11454	0.019730675222637915
11514	0.022203298623099423
11516	0.018586166166213645
11592	0.018856037007049638
11615	0.05984616837763943
11636	0.016237666535348118
11638	0.05251387838542183
11686	0.039808893008518594
11725	0.07468468143429809
11763	0.3734234071714904
11775	0.014387487235437667
11817	0.04012476851128998
11825	0.04628250064773355
11857	0.063570960526118
12055	0.02525901456592706
12172	0.06647460997818055
12188	0.015023844678839837
12193	0.059941801538745766
12236	0.04628250064773355
12329	0.02427852612260098
12352	0.06383155731542353
12355	0.07468468143429809
12380	0.04430380692930431
12420	0.02846726133147623
12434	0.04225154325332034
12476	0.03257290134652981
12520	0.028348218828196377
12566	0.012504496841554358
12624	0.022133003880428066
12649	0.0250597738054286
12719	0.02178765494565235
12746	0.06647460997818055
12748	0.10640632973922692
12762	0.034202975561560094
12763	0.04385678673185335
12766	0.009428018503524819
12790	0.07264747100667544
12829	0.030189930803019446
12838	0.06583249595458018
12867	0.03159882155240107
12868	0.07572183406293667
12881	0.05984616837763943
