366
t_index	tf-idf
71	0.06017930822023088
166	0.030253689512411582
174	0.08615698377927426
179	0.03207714883772202
182	0.023035201964529236
184	0.022196640241402478
194	0.04231455249596489
250	0.02395460025942887
258	0.03433327815960668
297	0.04822275389587254
309	0.03465683956306768
319	0.02041204150445692
331	0.04481859568670795
335	0.03869264764121451
338	0.03207714883772202
415	0.03869264764121451
422	0.045824171969520835
433	0.017501328828826674
469	0.02048631539927596
503	0.04969399069312962
557	0.023432932318064766
598	0.033423623762762984
631	0.021023075556005133
660	0.0214258419560827
685	0.04231455249596489
758	0.018416438582959112
765	0.03499175628888757
774	0.046948310613245905
775	0.029457883153185014
790	0.022019891721345004
1032	0.026383870788802794
1148	0.08462199034233973
1171	0.021102280552621706
1207	0.026383870788802794
1240	0.013870816595783472
1262	0.0535638094167384
1358	0.025846030060624206
1378	0.026246542558857125
1387	0.028548228756341318
1428	0.030677943682879277
1516	0.04969399069312962
1632	0.037737436368771284
1638	0.027878188969296717
1706	0.027101814202768443
1716	0.016766801314568737
1906	0.02134391744176236
1996	0.045684768699385044
2037	0.0535638094167384
2057	0.02060802425201172
2076	0.07439294944751462
2146	0.4266336198779403
2147	0.04822275389587254
2199	0.02012059451336369
2251	0.09389662122649181
2277	0.01929612702954474
2354	0.045824171969520835
2389	0.03286204136234961
2400	0.06017930822023088
2430	0.030721425067045872
2487	0.036869188315904064
2493	0.0265844125482836
2506	0.01372284235545699
2584	0.024171522035966404
2609	0.06518634872507172
2615	0.0405152871296136
2664	0.022376723835248344
2704	0.04033281180975342
2731	0.030897359031558186
2754	0.03499175628888757
2813	0.01707470373614661
2847	0.1071276188334768
2907	0.03259317436253586
2909	0.009306135841445889
2955	0.12140930114032848
2959	0.046948310613245905
3077	0.0214258419560827
3105	0.03820309688321546
3155	0.06017930822023088
3168	0.0535638094167384
3181	0.018005242489937876
3184	0.04160725509238006
3193	0.015670758503075408
3195	0.026808124959270496
3203	0.024506438761786303
3226	0.0896371913734159
3235	0.03646299308614464
3294	0.06706720525827495
3342	0.04481859568670795
3433	0.03313383315621654
3440	0.037293442486371765
3447	0.045824171969520835
3476	0.022560270786590907
3552	0.033717313006260935
3581	0.09389662122649181
3592	0.037293442486371765
3808	0.017127000564621585
3862	0.09405578444257097
3871	0.016919510929498345
3878	0.03533885444241956
3900	0.05976098630455233
3919	0.046948310613245905
3928	0.03286204136234961
3968	0.02926888396101048
3973	0.033423623762762984
3979	0.04033281180975342
3995	0.028548228756341318
4078	0.02984749428265215
4162	0.029457883153185014
4168	0.04969399069312962
4183	0.06017930822023088
4186	0.036869188315904064
4219	0.01514525987841011
4222	0.025336888162013425
4256	0.06017930822023088
4298	0.015581141437909994
4330	0.025336888162013425
4353	0.019699460874987484
4454	0.033423623762762984
4457	0.00863687945318009
4514	0.05853776792202096
4516	0.05891576630637003
4532	0.030897359031558186
4557	0.04307849188963713
4638	0.02965070076802172
4644	0.026444570936508465
4645	0.02804134075957519
4828	0.023742499368114078
4836	0.022286257306567893
4859	0.014851570634912162
4878	0.04252538033160845
4949	0.01040719310193412
4979	0.05332920248474254
4987	0.15128241699222683
4990	0.010804371659018376
4992	0.20073722421343015
5015	0.0563094894966221
5158	0.0535638094167384
5159	0.0563094894966221
5161	0.0535638094167384
5183	0.04307849188963713
5257	0.036869188315904064
5333	0.049012877523572605
5342	0.03433327815960668
5369	0.011921753384006854
5395	0.06017930822023088
5427	0.04822275389587254
5494	0.03975420148811175
5508	0.027878188969296717
5517	0.04969399069312962
5548	0.012549884437427966
5555	0.04094877696309916
5559	0.04307849188963713
5561	0.11151275587718687
5602	0.08615698377927426
5612	0.05117612885915246
5656	0.023133091513079726
5672	0.033717313006260935
5690	0.02071266942315456
5764	0.02984749428265215
5885	0.023638190708919093
5903	0.08615698377927426
5980	0.04231455249596489
6004	0.0563094894966221
6019	0.036476076223651614
6066	0.03569905369247241
6073	0.030897359031558186
6102	0.02820733011411325
6109	0.12099843542926027
6123	0.04390894128986425
6168	0.019907705077634286
6169	0.04822275389587254
6213	0.027101814202768443
6323	0.02571617571306266
6348	0.008876859228449616
6353	0.0214258419560827
6375	0.04969399069312962
6391	0.037074504374998686
6523	0.030897359031558186
6537	0.0535638094167384
6554	0.014660348466821734
6559	0.03303518541917448
6580	0.04009820487775756
6586	0.0535638094167384
6671	0.022196640241402478
6689	0.03820309688321546
6695	0.04033281180975342
6707	0.051434094490200435
6708	0.010913138047731958
6760	0.015360712533522936
6780	0.03820309688321546
6798	0.014606835499577501
6828	0.02012059451336369
6836	0.18765687471489348
6850	0.028723355638927077
6917	0.04094877696309916
6985	0.03143176915836835
7012	0.07458688497274353
7040	0.03533885444241956
7179	0.023535009732990834
7195	0.05304640776225354
7206	0.015944771983098415
7273	0.0535638094167384
7282	0.03569905369247241
7321	0.07879784349994993
7420	0.04160725509238006
7421	0.10609281552450708
7445	0.04094877696309916
7481	0.0317051145639899
7501	0.0398766188224254
7569	0.037293442486371765
7570	0.04231455249596489
7591	0.013983322582044952
7628	0.03920867316602834
7700	0.018179304712216123
7726	0.03408311838705781
7754	0.017127000564621585
7803	0.02473642934403118
7811	0.00956378491177751
7821	0.010804371659018376
7832	0.014526632108973222
7835	0.051434094490200435
7862	0.04882417795138678
7955	0.031829234968863626
7958	0.03233167451655514
8012	0.03004843112155725
8036	0.031455952581303806
8060	0.04150082219196356
8089	0.016892592473586536
8105	0.017947920111518936
8139	0.04160725509238006
8143	0.04822275389587254
8244	0.04160725509238006
8306	0.03207714883772202
8388	0.01656691657810827
8397	0.031121937565278788
8407	0.024620741293430365
8505	0.007792077949020161
8509	0.04607040392905847
8539	0.021675921258261063
8621	0.1386273582522707
8653	0.12381972022906512
8709	0.01671643630419909
8724	0.014892976978888644
8729	0.030897359031558186
8731	0.026953839962441963
8778	0.023432932318064766
8786	0.04160725509238006
8818	0.03465683956306768
8877	0.013040199797655893
8879	0.015230858185961387
8894	0.033717313006260935
8933	0.022842384349692522
9026	0.054015727469813625
9088	0.046948310613245905
9139	0.06768081235977272
9148	0.04481859568670795
9174	0.03465683956306768
9186	0.04112234368079168
9260	0.015536646498035251
9306	0.04053041114519166
9307	0.019362176755550884
9339	0.049012877523572605
9391	0.033717313006260935
9444	0.04822275389587254
9449	0.057096457512682636
9489	0.030463459435997896
9495	0.02869135473533253
9503	0.021023075556005133
9562	0.046948310613245905
9580	0.01464719136231174
9624	0.0535638094167384
9652	0.016131918122686446
9682	0.04160725509238006
9728	0.11860280307208688
9734	0.0535638094167384
9737	0.04481859568670795
9785	0.026953839962441963
9877	0.04481859568670795
9885	0.030897359031558186
9891	0.05030764340691416
10133	0.023535009732990834
10166	0.05543555871222839
10167	0.06123612451337076
10173	0.02820733011411325
10178	0.01949566350936629
10209	0.08383400657284368
10211	0.048113659062076514
10224	0.019428686762105782
10357	0.023035201964529236
10366	0.0596949885653043
10393	0.0535638094167384
10413	0.0360733819566775
10414	0.11926260446433525
10417	0.03569905369247241
10429	0.03820309688321546
10434	0.0535638094167384
10475	0.024853536915318296
10498	0.03869264764121451
10503	0.027878188969296717
10558	0.015806781907355395
10661	0.02926888396101048
10665	0.06403175232528709
10690	0.02820733011411325
10696	0.062138008269463675
10773	0.033941923966064415
10775	0.03465683956306768
10792	0.028723355638927077
10821	0.19863380239776557
10873	0.05934385633935478
10876	0.022376723835248344
10880	0.020944522459755387
10890	0.01903640631439531
10906	0.04033281180975342
10993	0.03569905369247241
11108	0.051434094490200435
11147	0.033423623762762984
11208	0.0535638094167384
11210	0.03569905369247241
11305	0.011050862621080727
11306	0.02041204150445692
11316	0.018476654223186284
11437	0.1028058592019792
11465	0.02293830623566171
11514	0.017890939958293814
11519	0.03899132701873258
11536	0.06658992072420744
11544	0.01127544115480133
11581	0.036869188315904064
11592	0.030387577239854226
11627	0.04530677031503598
11636	0.03925188621448499
11643	0.030897359031558186
11660	0.015448274132241277
11663	0.016970961983032207
11682	0.02546165003422954
11720	0.02804134075957519
11744	0.028376257485395084
11758	0.04969399069312962
11833	0.036125822458480096
11857	0.03414940747229322
11867	0.026953839962441963
11874	0.04094877696309916
11876	0.023867616219554577
12188	0.012105890555028453
12193	0.012074953259489636
12241	0.04822275389587254
12262	0.019768371985310312
12323	0.023638190708919093
12385	0.03207714883772202
12434	0.017022691905426605
12451	0.024972099276230484
12488	0.012746677952058397
12537	0.012199308729724943
12555	0.02965070076802172
12564	0.01733910145593638
12584	0.018356600472738
12649	0.06057787846733402
12664	0.06743462601252187
12698	0.022560270786590907
12719	0.03511204646494784
12724	0.03869264764121451
12738	0.036869188315904064
12739	0.02336327276912151
12766	0.022790682929890668
12795	0.10961931382639847
12829	0.030407995255035007
