119
t_index	tf-idf
44	0.057191816331805374
91	0.054535205188058856
316	0.08992648871824868
601	0.11235622915172534
647	0.060275984678204816
764	0.059153585158624865
872	0.02682256800997194
901	0.06920669268666756
931	0.151956715238931
1012	0.0889884730325358
1116	0.05633796005709855
1203	0.08230011465501895
1240	0.0470287766781148
1654	0.07436256198553436
1665	0.10475699017463717
1737	0.09305414487564408
1743	0.17438645567240768
1906	0.0723662028023567
2261	0.096209236639103
2349	0.05534221148311565
2493	0.13520102355388597
2530	0.09987647076541047
2565	0.09563649115119498
2577	0.12864621217239602
2986	0.06797615372416506
2991	0.08308867958461004
3242	0.06305701942337295
3365	0.05077701028424162
3369	0.08085612026299176
3378	0.07586791597804286
3390	0.07810047529966113
3476	0.07649022891290368
3619	0.10475699017463717
3824	0.06920669268666756
4148	0.06846276853760859
4219	0.051349755772149626
4342	0.14641350143543658
4430	0.10505317276317865
4514	0.09923567209723241
4572	0.074956326815066
4640	0.04952423672679878
4684	0.10629819932349198
4685	0.12103705734481925
4828	0.08049855557190073
4836	0.07556119069299726
4859	0.050354007198166746
5091	0.056169859547681826
5109	0.08426551019404975
5248	0.07744673033193378
5362	0.061438718456538616
5474	0.06725968293663381
5579	0.19091640265795862
5970	0.13238697649674733
6006	0.08945408214884977
6174	0.11431799797854485
6246	0.15298045782580735
6348	0.03009684594811265
6474	0.155366105169989
6554	0.02485283578326194
6601	0.05842637982951508
6836	0.09089250897108528
7112	0.10475699017463717
7187	0.05989750930768382
7206	0.108120976958854
7213	0.1890410869718928
7247	0.08386845889001529
7281	0.06797615372416506
7286	0.18160721927897489
7324	0.10791650029032632
7531	0.06655873259905912
7584	0.06389756733873457
7726	0.03851941837863016
7738	0.07465808253525616
7924	0.08992648871824868
8037	0.02556122631752213
8386	0.04898264625546463
8464	0.07349185630909728
8607	0.155366105169989
8645	0.052228342101779485
8874	0.09291562241398608
8877	0.04421258401674639
8891	0.1264428064590549
8922	0.0945205434859464
9109	0.05267674570111664
9376	0.07074790183552235
9539	0.11830717031724973
9883	0.096209236639103
9891	0.013120557054492946
9894	0.09637377254306462
9998	0.019791913995146022
10121	0.06065893915113336
10178	0.06609972809044065
10211	0.16312857369083714
10228	0.04792592295966833
10245	0.13293636473651232
10313	0.16349845793953302
10424	0.10551842001808671
10824	0.10401306602557822
10853	0.06895681287129872
10880	0.07101206065178746
10976	0.058970245997976775
11404	0.07465808253525616
11454	0.05390378466088015
11481	0.07209080305246972
11660	0.1047542412821351
11889	0.0614034196520878
12196	0.05063539397378666
12436	0.10257463920334273
12512	0.08548675985684964
12516	0.05297917103594771
12537	0.0413615566117436
12566	0.03416201916224566
12659	0.06564714343608227
12739	0.03960639699694751
12748	0.04844997125961727
12768	0.07712474483661161
12834	0.1469479387663939
12835	0.06895681287129872
12838	0.08992648871824868
