123
t_index	tf-idf
3	0.03497041632405342
91	0.041871987099673394
355	0.048415013654655836
872	0.020594297166769932
901	0.05313671661075401
902	0.02805570406008685
1203	0.0631898115584821
1225	0.08700852502179218
1273	0.046573773929290616
1490	0.049060384133180875
1565	0.08350337554912597
1654	0.057095379496962854
2015	0.12936361608620636
2157	0.04431354676274432
2219	0.06379526963726316
2577	0.09877422332838111
2619	0.09293193426609522
2767	0.11928968689071211
2934	0.10499455386575555
3133	0.05848894285015012
3159	0.07386919883275747
3167	0.020646329366843758
3193	0.04079418775783232
3195	0.06978702931381962
3347	0.10499455386575555
3378	0.05825118633288469
3432	0.05313671661075401
3433	0.043127070417367505
3655	0.2788750905634013
3822	0.09293193426609522
4227	0.09109069454073
4260	0.04391172614816899
4289	0.18218138908146
4298	0.040560896217927196
4304	0.04458508352512457
4305	0.13943754528170066
4358	0.11028292435917017
4426	0.0422419001330809
4430	0.040329774863327596
4457	0.022483562744307913
4640	0.03802457869544694
4684	0.08161547784487569
4709	0.06469883708377842
4738	0.1338934619773222
4828	0.12361315846619426
4920	0.046426323250489794
4970	0.041387184079728315
5065	0.22860789985051802
5248	0.05946339584105345
5337	0.0798609585093139
5484	0.06097393404486581
5508	0.07257262467152624
5609	0.08350337554912597
5612	0.06661096235353173
6300	0.29317022358835787
6388	0.1106921372338412
6554	0.01908194194408029
6580	0.05219191203202598
6625	0.03669781682870241
6665	0.05556258016713411
6760	0.03998707472032361
6826	0.07094283614974144
6827	0.04922438054679073
6959	0.03423961756725004
7197	0.15665904098967323
7215	0.04010078368976026
7472	0.056870533017116795
7569	0.09708245421728645
7574	0.04067726817051247
7726	0.029575108113649953
7743	0.03866167428082152
7751	0.1388268154799971
7808	0.10080740811764376
7821	0.028125988029035036
7924	0.20713596451383195
7985	0.20413638236547907
8089	0.014658290449029504
8386	0.07521749391219938
8505	0.020284371736927136
8677	0.06868260898319514
8761	0.04584511858502832
8879	0.03964903730914424
8965	0.05848894285015012
9048	0.07718683521570446
9284	0.12553368595667513
9449	0.0743168752049354
9563	0.08937654136588277
9580	0.03812963325558113
9871	0.11430394992525901
9883	0.07386919883275747
9891	0.010073929195494285
9894	0.0739955290670411
9997	0.058971392309116355
9998	0.015196179506885938
10014	0.12553368595667513
10087	0.05921617622466216
10211	0.08349979320228759
10594	0.11928968689071211
10665	0.05556258016713411
10948	0.05364689976490557
10974	0.06941340773999854
11022	0.10831219024870256
11184	0.05801568346580488
11374	0.1345649992475809
11454	0.041387184079728315
11592	0.059328806476643986
11623	0.03079851174971911
11658	0.05825118633288469
12045	0.18781277451399714
12130	0.15665904098967323
12196	0.0777554446140241
12327	0.05825118633288469
12372	0.08626681721258318
12377	0.07134037049389218
12385	0.08350337554912597
12488	0.06636441670169865
12537	0.06351458874674071
12624	0.046426323250489794
12638	0.05294485954577163
12718	0.05778239192589975
12748	0.03719976049538086
12768	0.05921617622466216
12834	0.03760874695609969
