72
t_index	tf-idf
534	0.11651039727415245
872	0.029180100430049004
1012	0.0968099914684052
1203	0.04476688455305949
1240	0.051162305788899444
1737	0.050616504950125096
2098	0.10051904499961381
2199	0.07421452097204521
2440	0.15003535263085327
2577	0.09330226173075104
2615	0.04981334960674368
2716	0.07842712421763191
2891	0.0723253310854129
3115	0.06837438577272292
3378	0.08253622124603296
3388	0.10282829558293347
3476	0.08321323151333497
3514	0.11831609814309402
4144	0.09300050006900748
4158	0.11831609814309402
4219	0.11172614269690742
4287	0.16195749295840056
4342	0.07964115655542023
4417	0.0864320309124307
4553	0.11159029487470441
4610	0.22197050534601018
4640	0.10775420167615944
4685	0.13167544165668127
5314	0.05864158306465836
5719	0.1832955637583364
5913	0.08057997082937911
5970	0.09601529747560426
6018	0.09485374105175136
6144	0.2145485405827595
6353	0.07902890722922268
6560	0.10165473861484756
6836	0.09888138000542523
6909	0.09186533639075839
6959	0.04851418192172908
7112	0.22792892111665985
7169	0.09438120444112863
7311	0.30207793956476653
7327	0.04763247521615528
7591	0.05157728248709478
7751	0.1967039897154967
8037	0.055615789717316295
8089	0.020769360759039457
8413	0.16531274000475554
8504	0.15223574726862454
8539	0.07995132110739431
8877	0.024049293889403182
8956	0.12021945080536106
9113	0.09345474442205022
9260	0.05730669521707528
9891	0.014273770222372254
10948	0.03800619924594012
11171	0.15607661302198284
11194	0.10660370813269923
11454	0.05864158306465836
11481	0.07842712421763191
11623	0.043638472275856884
11643	0.22792892111665985
11658	0.24760866373809887
11775	0.04276108233947352
11876	0.022008839044273552
11889	0.10020058211038389
11971	0.1778689281749614
12188	0.044652401691447165
12196	0.05508592171043725
12551	0.09391492677779249
12591	0.07725356724954602
12834	0.21315163209318927
