62
t_index	tf-idf
902	0.07643585782891718
1052	0.21605457401231262
1075	0.05981725587237678
1203	0.08607817223506269
1265	0.09829075755388443
2431	0.09119281742417659
2449	0.22072466776896896
2451	0.10123563634845813
2577	0.04485060907947194
3016	0.07871209870199161
3318	0.243683948074333
3369	0.08456789003795519
3824	0.07238368546475328
5135	0.16547599628880094
5780	0.10956594994888362
5842	0.06384887120789487
5925	0.07871209870199161
6017	0.10584299652706376
6298	0.07160561083750712
6544	0.07597875031892196
6554	0.025993726595019872
6842	0.09943814728712308
6945	0.13074281324660478
7281	0.07109665755233485
7296	0.062255882802992726
7821	0.03831367086138444
7965	0.31786483801243176
8092	0.14520955149028664
8105	0.06364559879103926
8326	0.10185665846340643
8497	0.21757575064327495
8537	0.09405464156193344
8651	0.04972067243215303
8777	0.051797689427877755
8830	0.11653296242723438
8950	0.119565864042993
9008	0.08134214028977899
9390	0.066169358070654
9495	0.03391439306820451
9510	0.089411103126897
9785	0.09558173166964687
9998	0.04140095767489511
10282	0.14520955149028664
10695	0.08309614704914739
10873	0.021044083369100755
11213	0.11465221439237769
11305	0.03918775904428029
11384	0.37988810989519267
11431	0.12659336761102732
11454	0.11275656855668821
11592	0.02693954978101081
11751	0.09212012901113455
11760	0.11201362506981365
11854	0.2780778458950735
12023	0.182391815974417
12183	0.08345812649610522
12188	0.12878706532336454
12196	0.05295985530440645
12249	0.1664846579793952
12504	0.077776239380257
12516	0.05541122546935657
12566	0.03573025604729174
