74
t_index	tf-idf
91	0.06722801334898645
632	0.08320629360528028
872	0.06613078483927037
1020	0.06903697152869791
1203	0.1521826090386349
1555	0.09468214488909495
1996	0.09547208638229611
2157	0.07114808538260053
2219	0.10242717233760255
2264	0.20391017408560835
2355	0.16857512045118464
2493	0.11111227673859245
2577	0.1585880027295855
2634	0.09967499551240155
3093	0.10012070676204829
3365	0.06259511655707634
3433	0.0692431256921188
3900	0.04995543336820034
4289	0.14625163152575604
4298	0.06512297746688342
4430	0.1295037962454165
4432	0.20770112697098334
4640	0.061050765946262714
4684	0.13103859678257326
4878	0.08886959264639922
4949	0.08699586029323293
4969	0.20770112697098334
5030	0.16387666778282986
5065	0.18352192011152801
5362	0.0757382863106051
5508	0.1165197478823833
6708	0.045612578899146876
6760	0.06420167227042833
6826	0.22780604724283443
6841	0.12233230012507904
7213	0.1165197478823833
7245	0.25465030149677126
7447	0.25152558615913684
7584	0.07876942050924575
7726	0.04748462876455379
7738	0.09203439414928485
7743	0.0620736615259778
7924	0.11085644884126436
8035	0.0853142193879054
8505	0.03256778835596694
8677	0.11027409190239926
8826	0.15772748280957072
8877	0.054502851474038966
8879	0.06365893271672321
8965	0.09390754303916636
9048	0.12392814260032747
9503	0.08786809882793509
9764	0.13850660407724844
9894	0.11880430713839124
9998	0.048796774622166944
10169	0.10913427887877056
10211	0.06703198965311088
10636	0.09627798736434341
10655	0.15409855109055273
10771	0.10589812071413127
10880	0.08753977811167615
10976	0.07269528869422981
11134	0.08500618124070618
11453	0.1870516210782848
11623	0.04944887745858095
12188	0.05059781024216314
12196	0.06242053972772602
12377	0.11454128910740023
12451	0.10437344818075629
12537	0.05098826107723192
12564	0.07247055152606421
12581	0.059080452294705335
12766	0.031751998333211545
12855	0.10102735355822967
