206
t_index	tf-idf
190	0.0249187006979765
249	0.06544863617242327
356	0.03209012983843436
632	0.028433293841525663
633	0.033181230654560204
638	0.03808386950353336
690	0.059425800481144236
872	0.03389736441498627
901	0.05830723046562335
991	0.06936141199510798
1006	0.06664794000326213
1240	0.019811073277999833
1249	0.07650281770190791
1301	0.014390896654188983
1349	0.07346104015553624
1428	0.043815948839279195
1446	0.03583801132987587
1490	0.026917123477351382
1495	0.0640124160848849
1507	0.06497825711958961
2076	0.053126078147384063
2087	0.02755980399020709
2233	0.027466116452416676
2277	0.05511960798041418
2440	0.029048352292062696
2506	0.019599728221411348
2587	0.052078478795862894
2642	0.03828885807453687
2664	0.03195968402872757
2702	0.028135867865926752
2727	0.049036701249491235
2778	0.06366094938159442
2898	0.03549720650163594
2909	0.01329154183654546
2991	0.03500146157509923
3002	0.058485325320142584
3212	0.03209012983843436
3293	0.03500146157509923
3300	0.03421329507225987
3428	0.06271319698058188
3432	0.029153615232811673
3438	0.06315134639145381
3476	0.03222183601364433
3721	0.052078478795862894
3785	0.04997717641049289
3847	0.042073390397210544
3907	0.07097572693716558
3981	0.01868724379527541
3988	0.04291684391667766
4119	0.1254103536542581
4141	0.05389870971640192
4163	0.0447785710126098
4336	0.042073390397210544
4353	0.056271735731853505
4365	0.03808386950353336
4456	0.12305420573302848
4457	0.024671345130785675
4555	0.0567791660534797
4587	0.014901225671402386
4737	0.03500146157509923
4949	0.01486413317752224
4950	0.05456379201423355
4970	0.09082879915736115
4990	0.03086281145475236
5178	0.0946610839656567
5216	0.025716090750183232
5223	0.09092057442998945
5362	0.025881322871307115
5500	0.059425800481144236
5786	0.04858972733415708
5883	0.08595144177255926
5885	0.03376138131882493
5892	0.1703374981604391
5934	0.021876923151604843
6353	0.0612031630731575
6388	0.20243855122203047
6421	0.042629854725211545
6428	0.38508155806121225
6580	0.02863524543288201
6630	0.03788191791217701
6665	0.09145371713880318
6701	0.06782072151794677
6708	0.015586751945250853
6726	0.02630338392605489
6755	0.025964696116469604
6760	0.021939025687674356
6804	0.1009458426740592
6805	0.021753560471748225
6919	0.07650281770190791
6952	0.04234878326038057
6959	0.018785666483431263
6985	0.06733890659071594
7165	0.06524953265311839
7343	0.25680506084419724
7483	0.03060158153657875
7497	0.10415695759172579
7591	0.05991528179249673
7728	0.057605569560605224
7769	0.022446302196905313
7778	0.11612496425790755
7779	0.03500146157509923
7784	0.045460287214994725
7832	0.020747745542313435
7846	0.06271319698058188
7893	0.08595144177255926
8028	0.08595144177255926
8036	0.014975714835393667
8089	0.016084627992814942
8103	0.018785666483431263
8112	0.09578912018245833
8210	0.05326457290993054
8223	0.07650281770190791
8250	0.05098737797973704
8379	0.039817183127960475
8390	0.039362758278803235
8407	0.03516471482083458
8505	0.03338723992995144
8509	0.03290015918972924
8554	0.2578543253176777
8754	0.033323970001631065
8775	0.030958758732784537
8776	0.05456379201423355
8857	0.07097572693716558
8877	0.06518659026922606
8903	0.057605569560605224
8929	0.03870832141930252
8933	0.06524953265311839
9001	0.1280248321697698
9067	0.03788191791217701
9068	0.024165388428112073
9091	0.06705419363125656
9109	0.044380608761061965
9272	0.03654629963246823
9276	0.03183047469079721
9322	0.05456379201423355
9326	0.06705419363125656
9365	0.0640124160848849
9381	0.030838656783260407
9422	0.1778003425830023
9502	0.07616773900706672
9529	0.04655138803112057
9534	0.0400502056072301
9652	0.023040504489143458
9783	0.030838656783260407
9805	0.08042435100781693
9820	0.023313143239143207
9831	0.04773748214518821
9844	0.029048352292062696
9891	0.016581272294226963
9941	0.08255819752289711
9998	0.03334971361499816
10131	0.023803789424984605
10185	0.03808386950353336
10189	0.041803451218086034
10190	0.06904622968497555
10191	0.03691474052306802
10357	0.03290015918972924
10452	0.031725883895733484
10476	0.07032942964166916
10541	0.05873322297916531
10627	0.07346104015553624
10649	0.058485325320142584
10722	0.057474708795780816
10835	0.042073390397210544
10873	0.0423791014184211
10948	0.014716764357460726
11020	0.04733054198282835
11032	0.06904622968497555
11077	0.04733054198282835
11132	0.033323970001631065
11153	0.023040504489143458
11184	0.09549142407239163
11481	0.06073711811461826
11514	0.025552837504447885
11516	0.1069501635630453
11592	0.021700615651663743
11623	0.033795387391806674
11627	0.032354827147434685
11783	0.04858972733415708
11807	0.03849697636271404
11857	0.04877408688681915
12055	0.05813906354023695
12063	0.045460287214994725
12188	0.017290307547864186
12193	0.03449224235650132
12387	0.026563039073692032
12420	0.0655235346195891
12434	0.048625514496347166
12436	0.04321000538947628
12488	0.01820551581916654
12489	0.04662628647828641
12516	0.022317702346046214
12537	0.017423732591128883
12581	0.040377999970881824
12590	0.08842311243107072
12591	0.029914134208151887
12687	0.1719028835451185
12688	0.08595144177255926
12719	0.02507449077183643
12739	0.03336872819612253
12766	0.16275461738747804
12829	0.01737215738019909
12839	0.025716090750183232
12866	0.08595144177255926
12867	0.03636574754800273
12868	0.08714505687618809
