114
t_index	tf-idf
91	0.04457305181168874
632	0.055166860526939226
731	0.0679105544266029
790	0.06102000660912441
872	0.021922787482109036
1006	0.06465585083213296
1301	0.027921513174100875
1511	0.034867487783004664
1555	0.06277549996718854
1673	0.14253061847184484
1737	0.07605559026561919
1879	0.05697770259133961
1996	0.2531969660205504
2057	0.05710753676594106
2076	0.15461446147437016
2087	0.05347209758220391
2355	0.11176750886608797
2493	0.07366889219639042
2577	0.03504863974726106
2634	0.06608582520862337
3087	0.12419820404310083
3093	0.06638133759451564
3164	0.15361920039423616
3195	0.07428882861432162
3294	0.09292600889922698
3433	0.045909097641431605
3981	0.03625737411334516
4353	0.05458978854208918
4430	0.04293135504311579
4878	0.058921701835048274
4949	0.08651908918065256
4979	0.1477822111597357
4990	0.05988066048496153
4992	0.13906729087508668
5239	0.05329032309771391
5792	0.0638335643928513
5797	0.06920096075686875
5980	0.11725917209951682
6173	0.058921701835048274
6475	0.13009992329483197
6554	0.020312873733851565
6560	0.0763724318408353
6708	0.09072520849228986
6726	0.05103436557589291
7169	0.07090788094538691
7245	0.16883647927473477
7272	0.10722239894135215
7584	0.15667546696536025
7651	0.05760995780020926
7700	0.050377236533520824
7811	0.02650250173388509
7821	0.029940330242480766
7862	0.04509939920050783
7902	0.11347442905460611
8059	0.16676475215232003
8089	0.031207725494378103
8103	0.036448335833800166
8108	0.10104373387759324
8454	0.08326814177082824
8677	0.0731131646912882
8731	0.07469262399029764
8877	0.036136103115617955
8879	0.042206704689156035
8955	0.08059434324202878
8965	0.06226192881328477
8966	0.09514201462586208
9048	0.0821659788215953
9130	0.08383693967978292
9495	0.02650250173388509
9503	0.11651539667908942
9539	0.09669554949065658
9665	0.08271131944884923
9679	0.08624296885534692
9891	0.010723774988494706
9894	0.03938440445980493
9998	0.032352899559688335
10169	0.07235745375432942
10228	0.03917111230878887
10329	0.045772414735755766
10655	0.10216935410852693
10722	0.05575680506161778
10873	0.01644496054686854
10976	0.09639585369310714
11032	0.06698245627418437
11224	0.29686467544715195
11305	0.03062338901154611
11401	0.049110020106874694
11453	0.12401767034974352
11454	0.08811395054809897
11577	0.06251746783872592
11653	0.11016410381317128
11689	0.09183168938442726
11718	0.08383693967978292
11784	0.11725917209951682
11833	0.05005469493384645
11876	0.016535073354260642
11961	0.12698478774658659
12196	0.04138563394629084
12202	0.08753337518561279
12380	0.0989267576707728
12411	0.1545082325275846
12435	0.07428882861432162
12436	0.08383693967978292
12451	0.06920096075686875
12516	0.0433012643370907
12520	0.0632992415051376
12537	0.06761176746323219
12566	0.027921513174100875
12581	0.03917111230878887
12666	0.05187942415182598
12681	0.33530252659826393
12766	0.021051990031060914
12828	0.11529915827258565
12829	0.01685290822419288
