167
t_index	tf-idf
91	0.03490807899800615
452	0.08886926455982683
557	0.05085542514403352
775	0.06393110137750818
790	0.047788767530869
863	0.045970651291243336
872	0.0343383441867571
1081	0.06565820365312024
1100	0.043511653362282444
1207	0.1145194248587856
1271	0.0839728899069665
1317	0.06855312462899799
1420	0.036388224810455685
1511	0.027307015528875156
1555	0.049163609466365714
1561	0.04579731782799242
1589	0.054987493746682596
1737	0.05956411879646062
1996	0.04957378580023005
2069	0.03170054943432376
2076	0.04036290700327082
2087	0.041877505145366166
2194	0.10188977903504405
2241	0.06272416419916818
2332	0.43905088728292674
2349	0.07084929024159885
2379	0.0839728899069665
2464	0.036498109566755386
2493	0.028847469535536883
2576	0.13131640730624047
2577	0.054897775016123286
2590	0.07073548101031106
2621	0.08892103345186304
2778	0.04836684862189004
3133	0.04876139822699824
3167	0.017212550597157067
3193	0.03400953304461192
3242	0.08072581400654164
3294	0.036388224810455685
3365	0.032502451951404665
3422	0.07016795981142993
3474	0.055258258752410236
3522	0.055258258752410236
3785	0.1518820281178322
3834	0.07521415955141224
3881	0.046859767528682796
4007	0.08886926455982683
4059	0.05175614218154313
4130	0.02580737720541518
4505	0.056092461207051636
4587	0.04528523896237817
4744	0.056092461207051636
4979	0.11573793787912116
5041	0.04999224908278816
5042	0.07383276590686712
5135	0.05063623550092043
5155	0.07191941626737128
5231	0.11162507136083238
5275	0.10784860338859475
5362	0.03932702976034128
5594	0.0912508456665978
5690	0.044951762548740254
5725	0.042752842209740134
5740	0.06015463340527056
5752	0.09726775578355425
5760	0.10784860338859475
5882	0.044951762548740254
6019	0.03958118298557808
6046	0.07191941626737128
6155	0.09752279645399647
6187	0.06657894314553242
6323	0.0558106442341518
6348	0.01926504305474924
6554	0.015908343094243018
6559	0.07169475746357815
6693	0.0759410140589161
6696	0.0433576509578157
6952	0.06434956466006629
6986	0.051987577304163826
7133	0.0872315803725902
7213	0.06050276307870875
7215	0.03343145195359087
7327	0.08407889131638455
7441	0.07669430536386178
7472	0.047412153010424375
7507	0.13060441018960034
7519	0.06907753815782708
7651	0.04511813475231084
7671	0.053938498562856214
7683	0.13060441018960034
7743	0.03223168694567704
7754	0.037169948828148426
7755	0.05786896893956058
7769	0.1364298724445729
7811	0.041511693122553754
7924	0.057562100690093154
8003	0.06565820365312024
8060	0.03002244772089695
8062	0.09726775578355425
8089	0.012220407876807744
8464	0.04704226410997026
8505	0.016910791678742633
8598	0.05947545032958898
8640	0.11624709461232219
8645	0.03343145195359087
8651	0.030429400456904985
8746	0.0759410140589161
8805	0.02478112506859928
8877	0.04245082704576974
8879	0.03305483743314624
9179	0.08753246345776591
9186	0.08924594849759857
9260	0.06743695174342529
9269	0.06050276307870875
9294	0.08001551923039835
9390	0.040496111500821046
9503	0.0456254228332989
9570	0.05063623550092043
9709	0.12220591896587289
9740	0.10188977903504405
9891	0.06718792978981941
9894	0.030844509098920687
9910	0.08886926455982683
10038	0.12391383978808522
10121	0.07765578336126482
10173	0.06121708310596093
10228	0.06135493206486671
10420	0.0713189908074263
10422	0.10188977903504405
10429	0.08291044020627614
10722	0.04366680935356042
10738	0.05914403161146125
10771	0.054987493746682596
10821	0.06158369848163798
10873	0.025758253409008933
10948	0.022362327951305282
11064	0.06195691989404261
11127	0.050204694309067203
11175	0.028847469535536883
11305	0.02398318354592431
11357	0.06657894314553242
11489	0.10188977903504405
11536	0.04817235678931499
11574	0.09349128781131663
11592	0.016487193521642553
11636	0.028395526632462004
11773	0.0850927965875892
12045	0.07828841695478632
12055	0.02208577874336642
12196	0.06482360621315289
12215	0.06855312462899799
12236	0.08093625872281054
12242	0.12220591896587289
12323	0.10260177615168418
12327	0.04856318400642075
12360	0.11162507136083238
12435	0.11636090384360998
12489	0.10627393536239825
12564	0.03763026172688568
12566	0.02186716744779372
12617	0.13060441018960034
12661	0.11162507136083238
12718	0.04817235678931499
12748	0.062025820508040445
12790	0.06352092504364386
12829	0.026397234549777788
12834	0.031353876438545994
