260
t_index	tf-idf
3	0.02283150605451054
16	0.027660225425717958
44	0.028669113691001124
91	0.02733740765685486
117	0.04264616251146727
182	0.07830041251695737
185	0.04581025144092735
189	0.029652509168515837
222	0.04437805198196915
240	0.04017503485562992
278	0.0970617798068019
279	0.05106976174830764
319	0.034691930910207135
320	0.06913334231271638
469	0.034818165457933856
518	0.084458994040459
557	0.07965236292747696
644	0.043489004425302596
647	0.1510757279984734
657	0.05177513625027555
661	0.05409638326590031
712	0.07071492671191375
764	0.059305018337031674
854	0.04108147498540011
865	0.036000790380691546
872	0.013445616892129588
902	0.03663404925899276
977	0.030699392232039876
982	0.04606174574250302
1020	0.02807299725305881
1043	0.07191703639079014
1051	0.04415118034643084
1105	0.10114780158811087
1123	0.029198108096602143
1167	0.05039378654304784
1203	0.08251080294909333
1301	0.01712473696576622
1420	0.028496547621813424
1456	0.06663834091556917
1511	0.04276964168939599
1710	0.03613767775438621
1716	0.17097928573088056
1737	0.06996927261536709
1779	0.06756551083412661
1927	0.07071492671191375
2106	0.06067345610622097
2107	0.06854890631164134
2130	0.04974485770923679
2157	0.057862909142121506
2187	0.08741644250005522
2237	0.0412690037505278
2349	0.11096777508977465
2422	0.05680617718190266
2529	0.055394760631000003
2565	0.04794066028459496
2577	0.12897554647642887
2621	0.17409082728966926
2665	0.05289427358702392
2702	0.033480841957634316
2781	0.05782032348856683
2891	0.016663045689340347
2898	0.042240614950358676
3012	0.14383407278158028
3077	0.03641496754115161
3093	0.04071279871737878
3115	0.03150557341427095
3193	0.02663373338627244
3215	0.05177513625027555
3242	0.06321844539352396
3266	0.07321541375588984
3335	0.05106976174830764
3365	0.050906999430913265
3381	0.05782032348856683
3401	0.07191703639079014
3619	0.05251258403509696
3680	0.06130965755019243
3723	0.06663834091556917
3761	0.05409638326590031
3881	0.03669708000002579
4011	0.03371593386270362
4059	0.04053155596570639
4119	0.09948971541847358
4162	0.05006607726562326
4207	0.05106976174830764
4226	0.11170344409324026
4342	0.03669708000002579
4359	0.0926344014934065
4426	0.02757891669648493
4430	0.026330527221541014
4472	0.025453499715456632
4476	0.06663834091556917
4516	0.05006607726562326
4522	0.06854890631164134
4540	0.05177513625027555
4587	0.08866006622874673
4598	0.028241092617613185
4620	0.022771092362634294
4644	0.04494470715626893
4853	0.14925366061358497
4856	0.042852802981331144
4859	0.025241456728467587
5248	0.0388224969810541
5271	0.06959578937516538
5296	0.06130965755019243
5314	0.027020889174988585
5345	0.045562596897333496
5362	0.03079800078810178
5369	0.020261993129701786
5414	0.05372983253271857
5450	0.036000790380691546
5474	0.03371593386270362
5484	0.019904349027654335
5548	0.021329553133588846
5583	0.04264616251146727
5656	0.039316577537627975
5699	0.05632193054955746
5740	0.04710862880602705
5769	0.021329553133588846
5792	0.07830041251695737
5857	0.031198541077209395
5882	0.035202872600329636
5970	0.06636294357873794
6174	0.057305326027072175
6233	0.05289427358702392
6322	0.08195850699648291
6348	0.030173893873943702
6379	0.048520045356929706
6391	0.03150557341427095
6517	0.04881768779067934
6554	0.037374688564553185
6559	0.02807299725305881
6620	0.07040574520065927
6701	0.04035231593735506
6708	0.018547769025592267
6744	0.03915020625847868
6850	0.04881768779067934
6958	0.027660225425717958
6959	0.022354381730740086
7133	0.022771092362634294
7169	0.043489004425302596
7170	0.04460814176205097
7206	0.02709944166515028
7213	0.047381258038955376
7281	0.034075086339079706
7327	0.043896217212519434
7416	0.06342707707740809
7418	0.04822776614277543
7455	0.06130965755019243
7574	0.026557398857079317
7596	0.168917988080918
7671	0.042240614950358676
7700	0.03089721245834711
7731	0.10145650637350301
7738	0.037424603613526085
7743	0.15144874037080552
7754	0.0291087356527859
8021	0.036839997730873215
8037	0.03843999458560222
8060	0.02351134510293881
8092	0.06959578937516538
8103	0.022354381730740086
8105	0.030503955439968037
8283	0.07617286221548605
8377	0.09103606688077967
8386	0.024554020915105224
8465	0.0797924865962105
8504	0.07014724092426818
8645	0.026181023328956925
8651	0.023830040177564932
8653	0.03507362046213409
8761	0.08979416425968101
8766	0.0797924865962105
8778	0.03982618146373848
8805	0.019406731554448987
8830	0.05585172204662013
8865	0.034691930910207135
8885	0.055394760631000003
8914	0.05328516135724011
8931	0.11361235436380532
8997	0.04017503485562992
9261	0.030310845331662284
9329	0.2066542275407775
9376	0.03546450823235028
9426	0.03181852956878825
9443	0.05836743584241215
9480	0.05141861514019909
9509	0.04794066028459496
9554	0.05835220909059622
9570	0.158618113838488
9665	0.10145650637350301
9747	0.07071492671191375
9850	0.09103606688077967
9891	0.03288536420160333
9894	0.0724653670510708
9987	0.04035231593735506
9998	0.009921290647553838
10023	0.039654528459622
10059	0.07788192120013834
10087	0.0386610920919579
10099	0.03290760006186168
10121	0.030407113017885595
10128	0.059110399473193714
10171	0.03494539009065605
10178	0.033134471697399984
10209	0.028496547621813424
10211	0.027257697140098465
10217	0.02482550938657744
10225	0.06756551083412661
10289	0.09103606688077967
10329	0.11229198901223524
10403	0.0314025822268981
10407	0.0797924865962105
10452	0.018876426875135965
10477	0.06043029119938935
10558	0.026864916266359284
10722	0.03419659295604971
10728	0.06338325002222332
10775	0.05890212811028994
10831	0.04437805198196915
10854	0.06492928193091689
10873	0.010085972849019683
10904	0.05890212811028994
10948	0.017512509794538677
11146	0.061971833471320674
11306	0.034691930910207135
11372	0.03586504852145789
11454	0.05404177834997717
11567	0.10413153915116553
11592	0.02582308413157554
11652	0.15218475956025454
11693	0.05106976174830764
11802	0.0901567005299766
11814	0.04531866662364887
11833	0.09209817669611964
11875	0.06338325002222332
11876	0.040564962240515326
11889	0.0769507655085164
12055	0.017295937051162086
12070	0.07321541375588984
12196	0.02538251029135129
12300	0.09103606688077967
12309	0.04794066028459496
12323	0.04017503485562992
12337	0.04822776614277543
12387	0.03160922269676198
12451	0.04244212136177855
12537	0.020733721098474933
12564	0.08840765529842885
12566	0.01712473696576622
12567	0.045562596897333496
12581	0.024024306661384873
12638	0.03456667115635819
12643	0.043706740010180704
12659	0.06581520012372336
12762	0.04684050604833771
12780	0.07617286221548605
12829	0.010336174069362374
12834	0.024554020915105224
12835	0.03456667115635819
12839	0.030601379501705536
