47
t_index	tf-idf
40	0.15717015021962125
557	0.1208975461324133
598	0.172442528358089
661	0.16421659700015773
1123	0.08863464913908894
1225	0.172442528358089
1397	0.16680883375359876
1475	0.11054236324979196
1716	0.08650497120492213
2199	0.10380819909233885
2891	0.050582839250299355
3115	0.09563925978562574
3212	0.11591945942705638
3231	0.14728889906824522
3378	0.1154482488765891
3495	0.1307206270150568
3593	0.13684118663740277
3761	0.16421659700015773
3871	0.08729284604129431
3982	0.25638624525428244
4209	0.10928507468926789
4219	0.0781389511984342
5033	0.19021923226613766
5934	0.07902620271183716
6348	0.04579838679664896
6460	0.2928032951096845
7133	0.06912460819030786
7418	0.14640164755484225
7968	0.14911285302224403
8530	0.20808910768118116
9329	0.1045542910439337
9844	0.10493161953210993
9845	0.09595390064374967
9894	0.07332601096455299
9926	0.21466434391125028
9960	0.16680883375359876
9998	0.030117366256863523
10023	0.12037647114552726
10068	0.2312326159644387
10087	0.2347215320641593
11081	0.1841821557834644
11089	0.13982641132477308
11372	0.10887301264651991
11650	0.16056743694973957
11663	0.08755829750224425
11991	0.19240808714139568
12766	0.03919466278634897
