50
t_index	tf-idf
184	0.1097340082755737
647	0.08788943268651223
989	0.1729894989701843
1020	0.08165837871740349
1100	0.09911717940276617
1253	0.15060286032014272
1555	0.11199202795151356
1737	0.06784191121813501
1925	0.2215706564821115
2237	0.12004275522035164
2349	0.08069541454752523
2540	0.2215706564821115
2577	0.06252707257272971
2621	0.30383591558604095
2635	0.12286896556784907
2804	0.17470545558514405
3207	0.1234551048642477
3214	0.08652169615083412
3495	0.12525851953313424
4620	0.06623626494867273
4856	0.12464969035575763
5332	0.12004275522035164
6554	0.036238340183130414
7247	0.12229001834624281
7327	0.06384238022555204
7743	0.07342202951583925
7894	0.15616028873686896
8117	0.15616028873686896
8407	0.12171808883961709
8504	0.10202170280821554
8761	0.08706404242758974
9376	0.2063174244031381
9390	0.18449587816493634
9539	0.08625284296425148
9891	0.019131306144673756
10167	0.1009114490756779
10211	0.1585736881577846
10329	0.08165837871740349
10412	0.21296806787449157
11454	0.15719604014080038
11567	0.07572412542719764
11592	0.03755692996831338
11636	0.06468346500262992
11660	0.07637196544316227
11889	0.08953336468985515
12196	0.07383232433236946
12423	0.19128567523228981
12566	0.049812217911077906
12835	0.2010941901815126
12900	0.38257135046457963
