87
t_index	tf-idf
183	0.09027294766622336
184	0.06343490055245399
631	0.060081016437542156
647	0.10161403032101818
716	0.07661388040236282
874	0.10784832736498465
902	0.03080022715679533
989	0.10000155682124257
1020	0.0472049751450313
1051	0.07424057189511443
1075	0.04820734982497558
1100	0.05729753717429622
1253	0.0870603162816384
1271	0.11057818789410186
1555	0.06474021378979623
1561	0.06030737326582726
1737	0.03921796860462226
1925	0.1280852926103615
2237	0.06939416830853729
2349	0.04664830600196674
2537	0.06343490055245399
2540	0.1280852926103615
2577	0.03614557321670429
2621	0.1756410924228909
2635	0.07102794051052949
2702	0.05629831037270675
2804	0.20198702982185116
3207	0.07136677519415427
3214	0.05001635570601423
3495	0.07240929092809488
3605	0.10784832736498465
3809	0.04791717856419246
4262	0.08646082311074071
4304	0.04894657775964148
4620	0.03828977858380415
4856	0.07205733970597848
4970	0.04543584678201762
4990	0.030877386589488562
5135	0.13335882972883725
5332	0.06939416830853729
5518	0.12092908657844366
6554	0.02094861512695306
6625	0.04028774655099502
7247	0.07069326341265585
7327	0.0369059246470752
7574	0.04465648401075222
7651	0.059413003263313155
7743	0.08488743305539762
7894	0.09027294766622336
8117	0.18054589533244672
8407	0.0703626431068277
8504	0.05897658049251948
8537	0.07579961571812326
8761	0.10065974914940136
9376	0.2385354459373153
9390	0.1066531503555361
9539	0.04986093738655169
9541	0.06755465063867164
9570	0.06667941486441863
9785	0.07703031354876042
9891	0.05529700964163505
9987	0.06785275023171056
10167	0.05833476638021028
10211	0.09166808263545433
10329	0.0944099502900626
10412	0.24622463753515916
11439	0.11526554822383753
11454	0.13630754034605283
11541	0.06369101361978059
11567	0.0437745093010066
11592	0.021710863888362627
11636	0.03739213790063768
11660	0.04414901186071819
11736	0.08646082311074071
11889	0.051757337351284904
12101	0.1469914650824306
12193	0.06901706302042203
12196	0.042680899250655754
12423	0.11057818789410186
12566	0.02879538567069512
12581	0.040397068706431616
12758	0.0990444115521982
12829	0.01738036147835282
12834	0.08257557513790796
12835	0.11624828215338268
12839	0.051456470634758625
12900	0.5528909394705094
