110
t_index	tf-idf
183	0.06337364978018699
184	0.13359820218731072
192	0.06953141569722168
631	0.042178231602988774
638	0.05349672667093767
647	0.1783383653906921
716	0.05378467581309676
872	0.01587196944194834
874	0.07571196360041746
902	0.06486736700573982
989	0.07020335331128362
1020	0.03313895956720783
1051	0.10423711919007524
1075	0.03384264925008149
1100	0.040224166242770545
1119	0.1277168833538441
1253	0.0611183099302875
1271	0.07762838739728613
1555	0.045449093460189466
1561	0.08467427842597312
1737	0.027531900438536747
1925	0.08991877063652123
2237	0.048716274729755656
2317	0.12580165857119682
2349	0.06549633049179267
2464	0.03374052497009072
2537	0.0445327340624369
2540	0.17983754127304247
2577	0.025375009428174538
2621	0.1233040170503099
2635	0.09972643949027629
2702	0.0790453728833124
2804	0.14179946062467713
2813	0.03425668175034901
3207	0.05010108935201985
3214	0.03511261226911492
3372	0.08215482049748792
3495	0.05083295896214234
3605	0.07571196360041746
3809	0.033638942466016605
3929	0.056930792883116504
4262	0.06069745217344814
4304	0.0343616039696334
4620	0.02688029006323047
4856	0.05058588124875492
4859	0.02979644839494193
4970	0.03189699146721442
4990	0.04335324666886564
5135	0.0936209128960693
5332	0.048716274729755656
5369	0.02391840689554688
5518	0.08489495224412245
5769	0.025178615325928383
5913	0.04382996685371057
5925	0.0445327340624369
6554	0.0147064013390158
6625	0.028282908738018264
7133	0.08064087018969142
7247	0.04962826885743129
7327	0.02590879331918422
7574	0.03134986118516682
7651	0.04170927125499318
7743	0.05959289678988386
7894	0.06337364978018699
8089	0.01129710502835722
8117	0.12674729956037398
8407	0.0493961659294396
8504	0.0414028926050499
8537	0.05321304359922278
8539	0.0434880246043701
8761	0.10599812880502311
9376	0.20932159359198993
9390	0.11230938348622783
9539	0.03500350509579581
9541	0.047424891745281014
9570	0.0936209128960693
9785	0.054077021294870985
9891	0.06987555125129968
9987	0.09526832879560104
10128	0.046518180691239024
10167	0.040952324590722365
10203	0.06385844167692205
10211	0.06435306606404471
10329	0.06627791913441566
10412	0.17285526118081032
10453	0.09970019101857226
10729	0.056930792883116504
11439	0.08091902030127134
11454	0.09569097440164324
11541	0.13413759367454445
11567	0.03073069500287858
11592	0.030483034398603313
11636	0.05250025202697816
11660	0.030993604265005473
11736	0.06069745217344814
11889	0.05450223110554173
12101	0.10319133106468835
12193	0.04845153829345764
12196	0.029962956027706523
12387	0.0746266416411756
12423	0.07762838739728613
12488	0.025573438738703377
12566	0.020215011628149617
12581	0.02835965536223918
12758	0.06953141569722168
12829	0.012201406621336095
12834	0.0869548804122853
12835	0.1224133826001116
12839	0.03612360550127248
12900	0.621027099178289
