340
t_index	tf-idf
44	0.03765490884747479
74	0.05978480599671224
91	0.03590580457212535
117	0.028006400535638968
175	0.04376243855962545
182	0.025710551499985575
183	0.0352562381888437
184	0.049549195438529654
227	0.03944317217150523
316	0.02960365619456654
543	0.03499319712941913
554	0.024874623070584124
557	0.026154474967790588
604	0.021463999535142424
612	0.02253783385522386
639	0.023553137139877143
647	0.09921378854195337
705	0.0875248771192509
706	0.06707661925727385
729	0.02373217701229383
731	0.02735266036895918
750	0.04501713667501957
764	0.01947326558249775
790	0.09830928524048076
831	0.03400154007344959
865	0.04728456187494542
866	0.0352562381888437
872	0.04414973235029989
902	0.024058151926654548
982	0.060498934706653795
983	0.015153999194377528
989	0.03905576141792574
1012	0.14647431465874935
1020	0.036871950909704826
1049	0.09176302267286082
1051	0.11597907695173115
1100	0.022377641037271186
1123	0.038349706612708215
1157	0.018272504907136045
1198	0.04643959607877207
1203	0.09482573119572514
1213	0.047229040267222265
1240	0.030963596063268452
1253	0.03400154007344959
1301	0.011246082045524018
1332	0.057407742171382704
1411	0.03637860389877912
1420	0.018714127592718736
1446	0.028006400535638968
1463	0.04212032969065185
1497	0.020758269896563042
1511	0.05617498247805531
1555	0.025284389806446313
1605	0.10742840097337635
1710	0.04746435402458766
1716	0.03742825518543747
1737	0.15316637798507396
1740	0.03129811220400283
1764	0.0320593375106589
1806	0.03637860389877912
1925	0.05002390751053637
2057	0.011500738514474043
2083	0.04162476956503675
2121	0.050990679405335644
2157	0.03799947554849256
2167	0.01984275770839067
2237	0.02710199888286038
2277	0.021537213717826968
2349	0.018218567467103642
2351	0.03331403562605301
2429	0.035525939218255705
2440	0.045400944918707456
2493	0.014835986872873871
2530	0.03287917436351416
2540	0.05002390751053637
2577	0.09881696346712532
2621	0.045731265384961126
2634	0.026617705412603252
2635	0.027740071122538682
2669	0.055465539608592004
2702	0.04397478295421296
2709	0.02944814070781873
2759	0.042640072849690035
2762	0.02253783385522386
2788	0.03353830962863692
2801	0.033152917196260075
2804	0.03944317217150523
2891	0.010942882178292904
2909	0.010386967094353668
2970	0.03448583354370671
2986	0.022377641037271186
2991	0.02735266036895918
2994	0.03499319712941913
3009	0.03331403562605301
3167	0.008852255633497348
3181	0.06028921062035112
3183	0.044371325516259205
3193	0.01749078840973779
3207	0.02787240352799736
3214	0.019533964445574002
3342	0.05002390751053637
3343	0.027740071122538682
3365	0.016715710537218147
3378	0.02497559654362965
3381	0.037971508885133266
3388	0.031116011673140168
3476	0.0755413828980665
3552	0.03763330201417323
3573	0.05382343073961841
3624	0.06800308014689918
3651	0.02448003641801455
3692	0.024006508609763087
3808	0.019116161027589434
3809	0.018714127592718736
3825	0.10497959138825741
3878	0.07888634434301046
3879	0.03763330201417323
3890	0.040263009024360495
3908	0.04162476956503675
3939	0.02364228093747271
4059	0.026617705412603252
4099	0.04318648090787737
4130	0.013272495494663089
4158	0.035802646247031035
4219	0.03380851487077346
4248	0.02960365619456654
4264	0.024383631944244716
4304	0.05734848308276831
4342	0.07229863559419344
4415	0.02814210455740937
4430	0.03458333637793246
4587	0.011644889856858204
4598	0.01854636630436034
4600	0.04162476956503675
4640	0.03260659897334483
4644	0.014757945339595326
4685	0.11953561681912779
4795	0.06284937426943835
4836	0.024874623070584124
4856	0.02814210455740937
4930	0.04212032969065185
4949	0.011615903113399951
4990	0.012059210698127413
5091	0.01849102788563818
5169	0.2691171536980921
5248	0.025495339702667822
5255	0.05382343073961841
5312	0.06284937426943835
5332	0.02710199888286038
5362	0.0606765834231794
5411	0.0316719267570794
5484	0.026142993340596544
5656	0.05163962023139749
5842	0.04019280708023408
5857	0.020488568867151027
5925	0.024774597719264827
5946	0.023464733133361275
5963	0.06284937426943835
5970	0.072635968050286
5976	0.03944317217150523
5978	0.022064306046972397
6006	0.02944814070781873
6009	0.06284937426943835
6097	0.05978480599671224
6136	0.047229040267222265
6216	0.05002390751053637
6236	0.05002390751053637
6246	0.025180460966022167
6312	0.0352562381888437
6342	0.03763330201417323
6348	0.029723500584359693
6391	0.020690201795010063
6488	0.10599998275374307
6518	0.05382343073961841
6554	0.008181513772797909
6559	0.018435975454852413
6581	0.05382343073961841
6601	0.019233870751756917
6603	0.013721456854095673
6609	0.030936971800723478
6663	0.045704641122416144
6796	0.03698749085541287
6805	0.01699979728339838
6836	0.0299216685160702
6882	0.06284937426943835
6959	0.044041414158378187
6985	0.052623466526988835
6995	0.03905576141792574
7001	0.024545150119655936
7099	0.05382343073961841
7133	0.01495413176204266
7206	0.017796626305175832
7213	0.031116011673140168
7215	0.03438697329854771
7244	0.04376243855962545
7248	0.037305503176916534
7324	0.035525939218255705
7327	0.014413665484235047
7353	0.035525939218255705
7416	0.041653551476222135
7569	0.04162476956503675
7743	0.016576458598130037
7754	0.019116161027589434
7779	0.02735266036895918
7821	0.024118421396254825
7826	0.031116011673140168
7832	0.016213781130906314
7894	0.0352562381888437
7903	0.04318648090787737
7924	0.02960365619456654
8021	0.024193401502548652
8036	0.011703101048966555
8037	0.08414714803179832
8060	0.015440267290344834
8078	0.057407742171382704
8089	0.006284842787272568
8103	0.014680471386126062
8117	0.0352562381888437
8140	0.023464733133361275
8144	0.03353830962863692
8156	0.054453184738474006
8193	0.05114627322047179
8286	0.04212032969065185
8298	0.036678697592596204
8407	0.027480238200963375
8504	0.023033393980838954
8505	0.008697063811668607
8719	0.034881316665999536
8754	0.02604174776085517
8761	0.019656409720674305
8777	0.04890989846001725
8855	0.040263009024360495
8877	0.01455471191370495
8885	0.03637860389877912
8891	0.04162476956503675
8931	0.037305503176916534
9008	0.025602402127949973
9010	0.07594301777026653
9029	0.036678697592596204
9036	0.022949183094490577
9109	0.05202330119005356
9154	0.040263009024360495
9217	0.05978480599671224
9272	0.02855990797539394
9330	0.03309438616083191
9333	0.048081704947745676
9376	0.06987028824135774
9390	0.041653551476222135
9539	0.09736632791248877
9580	0.03269668470289499
9647	0.05978480599671224
9735	0.030936971800723478
9799	0.07888634434301046
9883	0.0316719267570794
9891	0.077746794986164
9894	0.03172609171338948
9911	0.14210375687302282
9979	0.045704641122416144
9987	0.13249997844217887
9998	0.006515466418137085
10023	0.02604174776085517
10087	0.025389342592817134
10099	0.06483280373125937
10128	0.025879147946355725
10133	0.02626840783616671
10137	0.022377641037271186
10167	0.022782732494740162
10169	0.029143759381966325
10211	0.05370166543679995
10222	0.03698749085541287
10329	0.05530792636455724
10351	0.0320593375106589
10412	0.048081704947745676
10452	0.037189332447293784
10549	0.03499319712941913
10558	0.05292782944606668
10636	0.025710551499985575
10665	0.023822838169289155
10705	0.07461100635383307
10736	0.03400154007344959
10771	0.02827955964709659
10776	0.041151241756785285
10876	0.0499511930872593
10880	0.023377056740086218
10931	0.06284937426943835
10948	0.011500738514474043
11126	0.04318648090787737
11134	0.022700472459353728
11153	0.0180055079319708
11175	0.014835986872873871
11209	0.043370338349400905
11296	0.23913922398684895
11316	0.020622565874792637
11334	0.048081704947745676
11344	0.035802646247031035
11372	0.023553137139877143
11374	0.028847834195988763
11454	0.03549007931770435
11544	0.012584991047266512
11567	0.10257721054300932
11592	0.008479211195848402
11636	0.0584142272650406
11640	0.027740071122538682
11660	0.05172739291904031
11693	0.06707661925727385
11695	0.047229040267222265
11707	0.09287919215754414
11775	0.012939573973177862
11780	0.10004781502107274
11876	0.019979732876002486
11889	0.06064172249334875
12193	0.026954719834111223
12196	0.0333381813488336
12215	0.0352562381888437
12270	0.03331403562605301
12309	0.031483379858910816
12313	0.06947299005961102
12423	0.04318648090787737
12504	0.02448003641801455
12512	0.05628420911481874
12516	0.017440658332999768
12520	0.025495339702667822
12525	0.024006508609763087
12553	0.03499319712941913
12564	0.05805868708676259
12566	0.011246082045524018
12577	0.10480194267173179
12591	0.023377056740086218
12644	0.052400971335865895
12680	0.04376243855962545
12692	0.042640072849690035
12699	0.02175992472111999
12739	0.013038362517152456
12766	0.008479211195848402
12779	0.040263009024360495
12829	0.006787926836671624
12834	0.016125008770108768
12835	0.38590803180901345
12843	0.04900860422588309
12900	0.08637296181575474
