304
t_index	tf-idf
3	0.016416264524340522
44	0.020613609671924746
91	0.019656089021600126
182	0.02814970421080511
183	0.03860098748182038
184	0.08137487028304895
185	0.03293839678316994
189	0.021320688751700668
192	0.04235169216592632
278	0.04652611319076682
279	0.03672007952754557
319	0.024944123848965022
320	0.04970811965481905
469	0.025034888764895
518	0.06072753958138301
557	0.02863574257178516
631	0.025690825694266756
638	0.032584938435861355
639	0.025787616563745893
647	0.173801875924189
657	0.03722725651295265
661	0.03889627497121173
712	0.0508453073551313
716	0.03276032870090743
748	0.03510079774523403
854	0.029538321247851825
858	0.024500601480100942
872	0.019335281962315782
874	0.046116273392817236
902	0.039510812939639775
977	0.022073416550551565
982	0.03311922572065541
989	0.042760970399370886
1005	0.034067978853714834
1020	0.060554973613699
1051	0.06349098950357537
1075	0.020613609671924746
1100	0.024500601480100942
1105	0.07272709312130111
1119	0.11668882491363519
1122	0.026802450512865637
1167	0.03623404116656552
1193	0.0985757992643525
1203	0.08899013258876474
1206	0.02648862262446508
1211	0.034067978853714834
1253	0.03722725651295265
1271	0.04728357007289448
1488	0.022653075356696608
1497	0.0227276010596909
1511	0.015376071773541151
1555	0.02768311267856541
1561	0.051575233127491786
1710	0.025983641897954414
1716	0.020489531556668255
1737	0.06707889148659643
1779	0.04858082055240032
1925	0.05476966139334121
1927	0.0508453073551313
2098	0.03330290247474274
2106	0.0436253089335258
2107	0.04928789963217625
2130	0.035767449634325835
2157	0.020802237494913074
2237	0.05934631562255819
2317	0.07662598358375128
2349	0.11968174669699763
2422	0.0816893313133357
2464	0.020551405616024743
2537	0.027124956761016318
2540	0.10953932278668242
2565	0.03447019915481999
2577	0.10819170069576584
2621	0.25034888764894997
2635	0.09111529134875988
2702	0.07221998716535567
2709	0.03224187744411983
2712	0.03348951818130498
2781	0.041573855137065394
2801	0.018149062512341656
2804	0.08637026940198889
2813	0.020865797504175644
2891	0.011981030299284276
3012	0.15512893766785865
3207	0.030516650526059962
3214	0.021387146098659156
3215	0.03722725651295265
3218	0.03623404116656552
3241	0.05118966293297943
3242	0.06818280317907269
3335	0.03672007952754557
3365	0.036603050486598315
3372	0.05004062743102714
3381	0.041573855137065394
3605	0.046116273392817236
3619	0.03775749476703951
3723	0.04791416866330852
3809	0.020489531556668255
3929	0.03467663344361047
3988	0.03672007952754557
4011	0.02424236437376704
4119	0.07153489926865167
4135	0.036970911406433916
4148	0.02467599174514701
4162	0.07199682457444986
4207	0.03672007952754557
4226	0.04015839520477544
4236	0.0404964835966399
4262	0.036970911406433916
4304	0.020929705789199615
4359	0.06660580494948548
4505	0.06316924004838155
4522	0.04928789963217625
4587	0.038248911740163996
4598	0.020305854802580927
4620	0.032745651981144236
4640	0.03569997774728845
4853	0.160974109724227
4856	0.030811938015451318
4859	0.05444718753702496
4949	0.03815370161745798
4970	0.01942850652604535
4985	0.04882777118975633
4990	0.026406529176805388
5135	0.08553696290033459
5248	0.027914075331464516
5271	0.05004062743102714
5296	0.044082749242985345
5314	0.01942850652604535
5332	0.029673157811279095
5345	0.03276032870090743
5369	0.04370621520280857
5414	0.03863271838483781
5450	0.02588521740807413
5474	0.02424236437376704
5518	0.05170964588928622
5583	0.030663359791718713
5699	0.0404964835966399
5740	0.033871953519506316
5752	0.05476966139334121
5769	0.030672666585461247
5792	0.02814970421080511
5857	0.022432313570299546
5913	0.026696900174078827
5925	0.027124956761016318
5970	0.06362153734997675
5978	0.024157540488359424
6078	0.04858082055240032
6174	0.04120356267641583
6348	0.021695573755905563
6390	0.04858082055240032
6391	0.022653075356696608
6517	0.03510079774523403
6539	0.04858082055240032
6554	0.008957691658267949
6559	0.020184991204566335
6614	0.020065367255044694
6620	0.05062300027373813
6625	0.01722716318110865
6701	0.029014042744960035
6708	0.013336180361187295
6958	0.019888200818087027
7133	0.06549130396228847
7168	0.05004062743102714
7169	0.031269378324910856
7170	0.032074058249015026
7281	0.024500601480100942
7296	0.021453984292091412
7327	0.03156217166130686
7418	0.03467663344361047
7455	0.044082749242985345
7574	0.05728574589105165
7651	0.05081036245108912
7731	0.07294905742820351
7734	0.21057281050249035
7738	0.026908964795025445
7743	0.10889437507404992
7751	0.032584938435861355
7821	0.013203264588402694
7894	0.03860098748182038
8021	0.02648862262446508
8037	0.018426032808197698
8060	0.01690508105822702
8089	0.013762168071208742
8103	0.016073203532599
8105	0.021932893973163118
8117	0.07720197496364076
8377	0.06545657354369709
8386	0.017654783767491522
8407	0.030087280585950102
8465	0.057372236587936665
8504	0.07565569655694697
8537	0.06482429328175898
8539	0.02648862262446508
8645	0.03764925567853006
8651	0.017134228563221908
8672	0.042760970399370886
8709	0.020427984011017784
8719	0.01909524863035055
8761	0.0860848308887791
8778	0.02863574257178516
8805	0.013953789907247995
8811	0.03860098748182038
8830	0.04015839520477544
8865	0.049888247697930044
8914	0.03831299179187564
8931	0.04084466565666785
8990	0.0809929671932798
8997	0.02888657445067349
9048	0.03623404116656552
9376	0.17849734611660803
9390	0.04560521206189822
9443	0.01398907959479115
9467	0.053658036574742336
9480	0.036970911406433916
9509	0.03447019915481999
9534	0.034267355210165905
9539	0.042641377503401336
9541	0.02888657445067349
9570	0.17107392580066919
9665	0.036474528714101756
9704	0.02888657445067349
9785	0.03293839678316994
9891	0.07566454339702515
9894	0.034735937013925584
9987	0.05802808548992007
9998	0.02853434745903381
10087	0.02779802230593922
10099	0.023661157796027267
10121	0.02186326252553598
10128	0.08500288606232194
10133	0.028760484218990905
10137	0.024500601480100942
10155	0.03803193643705682
10167	0.049888247697930044
10171	0.025126365569788783
10203	0.03889627497121173
10209	0.020489531556668255
10211	0.03919755144561
10217	0.017849988873644224
10225	0.04858082055240032
10329	0.121109947227398
10407	0.057372236587936665
10412	0.10528640525124518
10453	0.06072753958138301
10558	0.019316359192418905
10703	0.13762375307428684
10722	0.02458796692856829
10729	0.03467663344361047
10831	0.03190861954842504
10854	0.0466853244375808
10873	0.014503992673940412
10948	0.025183620614940144
10976	0.02125460793564034
11146	0.044558865669862176
11209	0.023742435008810646
11305	0.013504483899758262
11439	0.04928789963217625
11452	0.09011049672438864
11454	0.0777140261041814
11541	0.08170341446692866
11544	0.013778925569775568
11567	0.07487245422842088
11592	0.0371345262048095
11623	0.014457835192875242
11636	0.03197798419871629
11652	0.07294905742820351
11660	0.0188782519927392
11693	0.03672007952754557
11736	0.036970911406433916
11746	0.0314259341363929
11802	0.03241214664087949
11889	0.0995921781970985
12055	0.024872181199989254
12070	0.05264320262562259
12101	0.06285399834910163
12193	0.04426785966157387
12196	0.036500965134737474
12309	0.03447019915481999
12323	0.02888657445067349
12337	0.03467663344361047
12387	0.06818280317907269
12451	0.030516650526059962
12488	0.015576820840266854
12512	0.030811938015451318
12516	0.01909524863035055
12537	0.01490791931613385
12564	0.021188899407842653
12566	0.012312994651714291
12581	0.01727390966787561
12612	0.03942737070035761
12638	0.024854059827409524
12643	0.0314259341363929
12659	0.047322315592054534
12699	0.023824282592664624
12758	0.04235169216592632
12766	0.009283631551202374
12780	0.05476966139334121
12829	0.01486379105146768
12834	0.08827391883745761
12835	0.0994162393096381
12839	0.022002943630189682
12843	0.053658036574742336
12900	0.33098499051026137
