129
t_index	tf-idf
91	0.04209818061465226
304	0.07254482900786141
364	0.09998770447504428
638	0.0697883806937778
647	0.046529746811417465
750	0.10556173705522302
817	0.0713260711138018
902	0.11282904668281017
989	0.09158276873656376
1006	0.06106590362321487
1009	0.10126898951499738
1167	0.07760380041790454
1203	0.12706232898202105
1240	0.0363036304320155
1561	0.05523030235205953
1605	0.12595568547241115
1737	0.035916342337102336
2057	0.026968350825375045
2083	0.09760689604780934
2111	0.09070620224491525
2237	0.06355211128590094
2577	0.19861560827537705
2615	0.035346441228932504
2702	0.10311749742735309
2762	0.05284949392482458
2860	0.10404735935900185
2909	0.024356642163424293
3214	0.045805650264602524
3242	0.09735310552340395
3318	0.044963562152122286
3378	0.05856586068920218
3824	0.05342376247451996
3879	0.08824721039942113
3928	0.08600873615638503
4436	0.07254482900786141
4644	0.034606251318471684
4859	0.038870525606165364
4970	0.041610758676744374
5415	0.08029236939200746
5424	0.08747854723642835
5450	0.05543933772873886
5537	0.14737696821124766
5740	0.07254482900786141
5764	0.07811886158804016
5780	0.08086663794170282
5970	0.034065156188979394
6017	0.07811886158804016
6144	0.07611942822888484
6348	0.023233110653674435
6388	0.03709669963675603
6391	0.048516938277780995
6488	0.12428091982045122
6554	0.019185023068715713
6556	0.0478884879808471
6560	0.07213193395863847
6569	0.07611942822888484
6582	0.0814544199251828
6708	0.05712519198889317
6909	0.06518559260412524
6959	0.03442458083232348
7051	0.08267317781924238
7169	0.06697079642768265
7281	0.052473854037975914
7311	0.10717388231946516
7324	0.08330560607330573
7327	0.033798941430521416
7591	0.03659808863629078
7743	0.038870525606165364
7751	0.0697883806937778
7769	0.04113266596346971
7808	0.05067598612085729
7811	0.0500619571415861
7916	0.15750531702262865
8037	0.03946372324212582
8089	0.01473747489834533
8156	0.06384427346721934
8504	0.05401154445799994
8517	0.10717388231946516
9068	0.04428287748117692
9329	0.05303945363678029
9376	0.05461349121744307
9426	0.04899887441754634
9443	0.029960934688843963
9495	0.02503097857079305
9570	0.06106590362321487
9647	0.14019079036682677
9891	0.010128348811380984
9894	0.037197627377055446
9998	0.015278269646260745
10128	0.030342309756923588
10137	0.052473854037975914
10329	0.0432309501906105
10424	0.0814544199251828
10452	0.02906871192482978
10595	0.14019079036682677
10682	0.07517669062108007
10729	0.14853648416152382
10873	0.031063743278235866
10932	0.15750531702262865
11126	0.10126898951499738
11296	0.14019079036682677
11346	0.09876894658098467
11350	0.0694183060473981
11453	0.11713172137840436
11454	0.1664430347069775
11481	0.05565013713788541
11541	0.29164542814890665
11543	0.07864476694403814
11544	0.02951083995777717
11577	0.05904625206648339
11592	0.01988310072125357
11643	0.16173327588340564
11658	0.17569758206760652
11876	0.01561698102891949
11889	0.07110009695453272
12196	0.039087740729162934
12330	0.08205636668462592
12488	0.03336145946505542
12504	0.05740381015602682
12512	0.1979732382525116
12566	0.0263712009131366
12584	0.04804412450763863
12590	0.05401154445799994
12651	0.19753789316196935
12748	0.037400714526122036
12790	0.07660448389181898
12829	0.015917168456438938
12834	0.2268714620511986
12900	0.10126898951499738
