149
t_index	tf-idf
44	0.036312746616649655
319	0.04394134085770815
678	0.05740133008107351
731	0.052755417854949804
735	0.0776557686355164
872	0.01703042809662096
932	0.06851932290562583
1049	0.11798965900549717
1123	0.03698277918268062
1165	0.0822404413394358
1240	0.05971987465114582
1490	0.04057042285088994
1511	0.05417269533656444
1710	0.04577254636305917
1737	0.11816556288033542
1794	0.12121837352497779
1806	0.07016386792992695
1951	0.2214460593966539
2018	0.06604091902755703
2057	0.022181618087143307
2121	0.14751954082987578
2167	0.03827097474908286
2259	0.09452350738644817
2317	0.06749181658169301
2464	0.03620316851963634
2514	0.06557919522600755
2615	0.02907264389864424
2669	0.1069770793455322
2697	0.07258381986390963
2816	0.08557952999133896
2891	0.0211056736005271
2909	0.020033473231367907
2991	0.052755417854949804
3077	0.04612376593247884
3298	0.1069770793455322
3343	0.05350262181649869
3344	0.09864645628881809
3438	0.04759195069376724
3476	0.09713173944500675
3514	0.06905301120978108
3515	0.09109124014178553
3624	0.06557919522600755
3651	0.04721495214419206
4148	0.04346900179139732
4163	0.06749181658169301
4197	0.08329430538922665
4219	0.2608276204221823
4264	0.04702901563095308
4287	0.09452350738644817
4342	0.37184875178897103
4353	0.04240735669834418
4358	0.04559916268020213
4430	0.16675328257160835
4620	0.02884222079764583
4640	0.09433313234238647
4685	0.07684994596233996
4968	0.055083851399356704
4970	0.03422507973366192
5248	0.04917318027662526
5548	0.08104903416977563
5656	0.04979899041684986
5970	0.11207511939541356
6018	0.055359638687667204
6388	0.030512241143857435
6474	0.09864645628881809
6541	0.11530770240224635
6560	0.05932891563588262
6569	0.06260865178289439
6581	0.10380992345000065
6760	0.03306726106281054
6777	0.04896874232630668
6779	0.06341447445607083
6798	0.03144437744746216
6805	0.032787721451507504
6836	0.057710295970842894
6909	0.02680775567796907
6985	0.033831845826079926
7112	0.06651325809386784
7133	0.08652666239293749
7168	0.08815111246216725
7215	0.06632258510366303
7327	0.027799816733922397
7466	0.12954899658169192
7751	0.11480266016214702
7755	0.05740133008107351
7779	0.052755417854949804
7821	0.02325875036647489
7944	0.05620993290307328
8024	0.11530770240224635
8037	0.0324591311838729
8060	0.029779836465876126
8089	0.03636496445934355
8105	0.03863678579797948
8131	0.043313938078089816
8167	0.03524240854928086
8376	0.0638295561388638
8386	0.031100505914488794
8392	0.06699671203439538
8413	0.09648173551888138
8539	0.04666211580091693
8558	0.13703864581125166
8651	0.030183500618790104
8660	0.14781963656544334
8719	0.10091404700074075
8777	0.03144437744746216
8805	0.0737426067498465
8877	0.04210778211745506
8924	0.09648173551888138
9010	0.07323612368219415
9429	0.10380992345000065
9495	0.020588118665468235
9735	0.059668524103276104
9799	0.07607453905265839
9997	0.048766318575733686
9998	0.05026584599409399
10116	0.03767540132437957
10131	0.035877897697268894
10228	0.030429561577600815
10268	0.0753273350911095
10366	0.0642531968071955
10873	0.012775050543812972
11077	0.07133823581189339
11132	0.05022704432641611
11171	0.09109124014178553
11195	0.11072302969832695
11453	0.04817074515103042
11481	0.04577254636305917
11493	0.07390981828272167
11541	0.04797599635179378
11592	0.01635396059042913
11636	0.028166062518898614
11707	0.17913725854111015
11775	0.024956718016164458
11780	0.09648173551888138
11857	0.03675699839972293
11876	0.03853516046650994
11889	0.03898681598580529
12055	0.021907303672018034
12516	0.03363801566691359
12566	0.021690458973268937
12577	0.10106640822280076
12581	0.030429561577600815
12659	0.0833625591420716
12739	0.07544175814619673
12753	0.07936891420598131
12829	0.013091959312441297
12834	0.12440202365795518
12835	0.08756536979905885
12839	0.038760184634314944
