127
t_index	tf-idf
536	0.14541611927478157
578	0.0757194176936687
634	0.05860132756385467
638	0.06581367056335673
647	0.17551881259317173
772	0.14853479824942492
902	0.026600752283331485
1005	0.06880905242313441
1009	0.09550134059520159
1017	0.09550134059520159
1040	0.07270805963739078
1157	0.04040729130920201
1203	0.059912826300762466
1491	0.08322120065870148
1561	0.15625418821777223
1666	0.11310339616286164
1710	0.05248065302545355
1716	0.04138388300233779
1925	0.11062142894340785
2083	0.09204781709134956
2111	0.08554014369231967
2464	0.04150885359164613
2577	0.0936518520836078
2702	0.09724456904624348
2813	0.04214384893451851
2891	0.024198774617259666
2909	0.02296944000473264
2970	0.07626097949477117
3077	0.052883344896957965
3214	0.08639369323333974
3215	0.07519002685684456
3433	0.08178105346571973
3593	0.06546467305662913
3659	0.07003838703566144
3886	0.06802374967664057
3929	0.07003838703566144
4011	0.048963694858973714
4136	0.10826889557066499
4304	0.04227292816617382
4644	0.03263529546129286
4859	0.10997010998551977
4895	0.031708070547062456
4990	0.05333478273665478
5105	0.14853479824942492
5135	0.05758797128918453
5248	0.056379660239709924
5314	0.03924086984420827
5332	0.11986516019418063
5424	0.08249631574690834
5484	0.02890593142474584
5728	0.07917294119752073
5740	0.06841312880360494
5892	0.09812147185199083
6047	0.13220639885174404
6168	0.09827254731789656
6298	0.049839516951546634
6554	0.01809236402167201
6777	0.05614526128250961
6798	0.03605264713333652
6909	0.06147302852532842
6985	0.03879000630478523
7051	0.07796463014804614
7245	0.07519002685684456
7722	0.14853479824942492
7743	0.03665670332850658
7821	0.02666739136832739
7894	0.07796463014804614
8089	0.027796240814107778
8103	0.032463971790968625
8407	0.06076900763610894
8504	0.05093538434677901
8537	0.06546467305662913
8686	0.09314368448658193
8761	0.13040285571894358
8933	0.056379660239709924
9063	0.09314368448658193
9068	0.04176080145678908
9109	0.038347610188754114
9280	0.05614526128250961
9376	0.10300609595946784
9421	0.11046063036112974
9422	0.07681528508890108
9458	0.0613435946786175
9503	0.05188923533095507
9670	0.2076352328839165
9786	0.09314368448658193
9884	0.13898329690498368
9891	0.009551501344441214
9894	0.07015816586070454
9998	0.014408114864983357
10087	0.05614526128250961
10167	0.15114323625794734
10173	0.06962143985307953
10178	0.04811927108741509
10329	0.08153757074462095
10558	0.03901435943712624
10563	0.13898329690498368
10636	0.05685557341262138
10729	0.07003838703566144
10920	0.048963694858973714
10976	0.042929151681012336
11126	0.09550134059520159
11184	0.05500702534917131
11305	0.054551562603457227
11338	0.13898329690498368
11454	0.11772260953262481
11516	0.07392928211543563
11541	0.16502107604751395
11623	0.08760395889494738
11650	0.07681528508890108
11660	0.038129489178190236
11807	0.06652757067623938
11889	0.04470045310761923
12123	0.11062142894340785
12188	0.02987980527526694
12193	0.05960689144866504
12196	0.07372309447049229
12380	0.08811254058457559
12488	0.09438419752337207
12512	0.06223263984245351
12586	0.13898329690498368
12595	0.21675243297806082
12657	0.0863667864333423
12721	0.07681528508890108
12825	0.14853479824942492
12834	0.1426335207019728
12900	0.19100268119040317
