335
t_index	tf-idf
16	0.019931814446816746
44	0.06197644223597962
91	0.019699193643114548
166	0.037051986392483596
175	0.048019241554621755
183	0.038685637126704385
184	0.054368880320920625
227	0.04327983710513446
316	0.03248322452986797
543	0.038397009879525684
554	0.027294195047634688
604	0.023551817776379293
612	0.024730104711541225
647	0.10886438311827926
705	0.048019241554621755
706	0.18400302227182344
731	0.030013272766530718
750	0.049395985032916506
790	0.1348398726853665
831	0.03730889364840965
865	0.02594198213364936
871	0.02212182222600898
872	0.019377683073235882
874	0.046217403607890464
977	0.02212182222600898
982	0.033191854191556756
983	0.016628039290861357
989	0.04285474263669789
1012	0.19286636838291463
1020	0.02022925567677078
1021	0.05749805045359637
1049	0.13425183472524324
1051	0.06363022142652404
1075	0.02065881407865987
1116	0.040700768642779175
1123	0.042080009386941994
1157	0.04009976846917677
1198	0.05095680805737776
1203	0.08918528259950907
1240	0.033975446700394034
1420	0.020534463867556113
1446	0.03073060269628279
1452	0.05749805045359637
1463	0.09243480721578093
1469	0.05905887347805763
1497	0.04555488264489551
1511	0.06163916229816856
1561	0.02584416725653721
1605	0.14734754580514267
1645	0.03454579022924291
1654	0.026861226675496286
1710	0.07812186738755623
1716	0.041068927735112226
1737	0.10083898719433765
1740	0.034342501460013025
1764	0.03517777168445459
1806	0.11975152840182568
1876	0.0737021812949561
1972	0.0737021812949561
2057	0.012619423390463765
2121	0.08392586766147678
2157	0.0416957111022477
2233	0.023551817776379293
2264	0.029874942044335728
2277	0.023632153553800907
2429	0.0389815721638075
2440	0.024908563286402816
2506	0.01680649786572294
2521	0.04285474263669789
2530	0.036077354641172135
2555	0.05749805045359637
2577	0.09293910736370087
2603	0.04868735537122771
2621	0.02508978877087689
2635	0.03043836723496729
2702	0.02412612041846519
2716	0.02604062246251875
2762	0.024730104711541225
2788	0.036800604454364685
2804	0.04327983710513446
2813	0.020911554943665547
2891	0.012007303978439673
2909	0.011397314645620271
2970	0.037840294683110176
2991	0.030013272766530718
3167	0.019426641455960427
3378	0.05480998056199695
3381	0.04166502410199068
3476	0.027629782008987105
3522	0.031183129258050342
3573	0.05905887347805763
3624	0.0746177872968193
3719	0.04417942006185201
3808	0.04195120675143291
3824	0.024998824812943
3825	0.038397009879525684
3878	0.04327983710513446
3879	0.08258783922447326
3939	0.05188396426729872
4099	0.04738726009941008
4158	0.039285194678730206
4191	0.0375715745817084
4219	0.037097092749316565
4304	0.020975603375716453
4342	0.026443724808563038
4415	0.030879506743127623
4426	0.019873223799812392
4457	0.0105776698687102
4472	0.018341659387883166
4527	0.0389815721638075
4540	0.03730889364840965
4553	0.037051986392483596
4598	0.020350384321389588
4640	0.03577826565223124
4644	0.048580383002175945
4685	0.0874419532265896
4717	0.030013272766530718
4795	0.06896277684546881
4836	0.054588390095269376
4856	0.030879506743127623
4930	0.046217403607890464
4949	0.01274579013044398
4990	0.01323221855387428
5091	0.020289663095988727
5135	0.028574846772518096
5169	0.17717662043417287
5204	0.05488976796806413
5239	0.023551817776379293
5255	0.05905887347805763
5312	0.06896277684546881
5332	0.029738229262430305
5362	0.022192879038165945
5411	0.034752677216018026
5484	0.057371881161172554
5548	0.015369964949632244
5654	0.04129391961223663
5656	0.028331321097450648
5728	0.039285194678730206
5769	0.015369964949632244
5792	0.028211434819799416
5857	0.02248150628534464
5925	0.027184440160460312
5946	0.025747164130500304
5970	0.06376105555650413
5978	0.024210516522316417
6006	0.032312581942996285
6009	0.06896277684546881
6097	0.06560011587427624
6141	0.04567364000238827
6312	0.038685637126704385
6323	0.03149484932064943
6342	0.04129391961223663
6348	0.03261472626724494
6379	0.03496329209617616
6391	0.02270275218906723
6488	0.14538834398198164
6518	0.05905887347805763
6554	0.008977335337544546
6556	0.022408678575585112
6559	0.02022925567677078
6581	0.05905887347805763
6601	0.021104762807049905
6603	0.015056152555585098
6625	0.01726494131428015
6760	0.05643723998067596
6796	0.04058528995054784
6836	0.032832170132221096
6842	0.034342501460013025
6882	0.06896277684546881
6959	0.016108451101636546
6985	0.07698958387668839
6995	0.04285474263669789
7001	0.026932674032420265
7099	0.05905887347805763
7107	0.04058528995054784
7112	0.037840294683110176
7187	0.043272327683500866
7206	0.019527716588307233
7215	0.03773181823278687
7244	0.048019241554621755
7247	0.060589888917691626
7248	0.04093423555290097
7281	0.024554329826188246
7296	0.02150103158984585
7324	0.077963144327615
7327	0.04744707840939753
7329	0.06896277684546881
7543	0.030583571706024507
7574	0.019137123362604282
7575	0.039285194678730206
7638	0.0737021812949561
7700	0.022264370451263758
7743	0.036377724630645245
7754	0.020975603375716453
7755	0.032656395246868114
7757	0.026240436039333154
7779	0.060026545533061436
7780	0.03496329209617616
7808	0.02371304529258215
7821	0.01323221855387428
7826	0.034142687883198616
7832	0.017790906957297816
8015	0.05015036351857682
8021	0.026546710581403572
8036	0.025682939740334348
8037	0.09233219995193112
8060	0.03388430576933277
8078	0.06299183338874399
8089	0.013792347678417248
8140	0.025747164130500304
8144	0.036800604454364685
8156	0.029874942044335728
8212	0.02136744374034866
8249	0.056121306975301634
8286	0.046217403607890464
8298	0.04024646015116565
8309	0.04166502410199068
8326	0.03517777168445459
8390	0.06750604962766543
8392	0.038115338187210586
8504	0.025273868317043414
8505	0.009543033289140563
8537	0.03248322452986797
8645	0.018865909116393437
8709	0.020472781351838224
8719	0.038274246725208565
8761	0.021568402436890004
8777	0.03577826565223124
8877	0.007985229458704446
9008	0.028092765682733795
9029	0.04024646015116565
9109	0.05708364406865456
9217	0.06560011587427624
9272	0.03133795019168484
9329	0.02481899342586498
9333	0.05275864600410907
9376	0.07666662002807553
9390	0.06855783232529608
9435	0.04285474263669789
9449	0.03496329209617616
9471	0.05182304203397467
9539	0.02136744374034866
9570	0.028574846772518096
9580	0.07175422816735551
9647	0.06560011587427624
9785	0.033010628707082684
9885	0.037840294683110176
9891	0.07583047119179684
9894	0.034812110835497546
9911	0.15592628865523
9917	0.06896277684546881
9973	0.0737021812949561
9979	0.05015036351857682
9987	0.08723300638918896
9998	0.014298460783773503
10023	0.028574846772518096
10087	0.05571796339531804
10099	0.02371304529258215
10116	0.042868093648547316
10128	0.04259464614057209
10137	0.04910865965237649
10142	0.06896277684546881
10167	0.024998824812943
10171	0.025181466178904287
10178	0.023876527812091587
10185	0.032656395246868114
10211	0.019641754659700795
10222	0.04058528995054784
10329	0.02022925567677078
10351	0.03517777168445459
10442	0.036554515162749324
10452	0.013602254938395864
10558	0.0967935940342112
10671	0.028574846772518096
10705	0.08186847110580193
10722	0.024641886861831736
10736	0.03730889364840965
10873	0.014535799057904747
10876	0.027404990280998475
10880	0.025650959393152848
10974	0.032656395246868114
10984	0.027975289220492264
11134	0.024908563286402816
11209	0.02379450074140683
11296	0.19680034762282872
11315	0.09879197006583301
11316	0.022628537275602923
11334	0.05275864600410907
11344	0.039285194678730206
11372	0.02584416725653721
11422	0.06560011587427624
11454	0.019471112072829113
11521	0.06560011587427624
11567	0.15007329003853134
11636	0.048072164993355954
11660	0.037839301728824666
11693	0.036800604454364685
11695	0.05182304203397467
11707	0.10191361611475552
11713	0.037051986392483596
11736	0.037051986392483596
11780	0.05488976796806413
11802	0.03248322452986797
11876	0.021923175461586807
11889	0.0443602568250998
12027	0.06299183338874399
12055	0.024926724398063167
12193	0.02957662427763986
12196	0.036581009556866155
12270	0.036554515162749324
12313	0.038115338187210586
12318	0.05905887347805763
12480	0.03149484932064943
12512	0.030879506743127623
12517	0.034752677216018026
12520	0.05595057844098453
12553	0.07679401975905137
12564	0.021235365390382642
12577	0.05749805045359637
12584	0.02248150628534464
12591	0.025650959393152848
12624	0.021841837352313362
12680	0.048019241554621755
12690	0.03103033218548979
12692	0.04678770254738425
12739	0.014306613154905244
12748	0.0175010869135873
12766	0.009303989997068902
12772	0.048019241554621755
12820	0.045154051813163454
12829	0.01489638645164311
12834	0.03538699929380143
12835	0.29890275943683375
12843	0.05377570542306814
12900	0.04738726009941008
