287
t_index	tf-idf
40	0.06791363067821751
156	0.04370487459533272
189	0.019447650959511727
320	0.02267061285305464
557	0.026120072057150914
598	0.0372564324961346
604	0.04287153270581858
678	0.02972232823328758
697	0.03305085467296346
738	0.017670427792624503
819	0.04894413959281992
821	0.09991621474830474
872	0.008818331789981837
902	0.012013253232190295
932	0.07095841865849474
983	0.06053626408461378
1006	0.07802247938588384
1076	0.04431296063802786
1081	0.03372299033397811
1101	0.06276670385034509
1108	0.05970616663037633
1206	0.024161578136528607
1240	0.030922867360828065
1253	0.033956815339108756
1265	0.03089627811913999
1301	0.04492515697623014
1397	0.036039265450774564
1463	0.042064925713311614
1490	0.021007308068197814
1511	0.028050545689465717
1561	0.02352215596081294
1603	0.06708028878870338
1710	0.04740192065775124
1716	0.13082658063958666
1933	0.06708028878870338
2057	0.011485610744565031
2106	0.039792794267605645
2117	0.15452426258451404
2167	0.019816657065149804
2199	0.13456737843687283
2239	0.03863106564612851
2277	0.0215088842315775
2294	0.018411725256104027
2315	0.051078996753659775
2316	0.051078996753659775
2453	0.0332702152170369
2505	0.06708028878870338
2515	0.04109711249230515
2520	0.04495792231372223
2592	0.05233204447204928
2594	0.042064925713311614
2615	0.015053774247818423
2621	0.04567111167748217
2631	0.052014986257255896
2650	0.07095841865849474
2712	0.03054743999957741
2801	0.016554654359101112
2814	0.07326090279089187
2878	0.034690803554984564
2891	0.03278546459394693
2894	0.03419589527616583
2909	0.010373304350169187
2941	0.0372564324961346
2986	0.04469641214992106
2988	0.05539258169201804
3087	0.04995810737415237
3133	0.025044549950951553
3167	0.008840611608530538
3193	0.017467781485247098
3212	0.025044549950951553
3320	0.07326090279089187
3433	0.018466705272365738
3488	0.04021004811792841
3495	0.028242361455786433
3593	0.029564716321373766
3651	0.024447836019941865
3672	0.0322160258019012
3714	0.06708028878870338
3862	0.03494716799538672
3946	0.024256144176688747
4125	0.06708028878870338
4130	0.03976511160622582
4135	0.03372299033397811
4136	0.04889567203988373
4143	0.03125694348780146
4148	0.022508188179480495
4186	0.04109711249230515
4207	0.03349419421547796
4219	0.03376404403672339
4298	0.06947155081860963
4430	0.03453784636398658
4458	0.06708028878870338
4505	0.11523955404494536
4524	0.07095841865849474
4564	0.017219784020870973
4587	0.01162957247405286
4615	0.05539258169201804
4620	0.02986892297839766
4717	0.10926672558663006
4729	0.06708028878870338
4737	0.05463336279331503
4765	0.0801046846869656
4836	0.024841903643574147
4840	0.046378510651669896
4920	0.019879421904834972
4925	0.26832115515481353
4949	0.034801871576990884
4970	0.070886793195738
4990	0.036130044985651096
5041	0.05135346502927283
5065	0.04894413959281992
5119	0.04312967454317896
5136	0.13416057757740676
5216	0.02006996925779935
5239	0.02143576635290929
5314	0.0177216982989345
5362	0.02019892367873262
5411	0.0632605326700316
5450	0.04722236500198875
5544	0.014208385962024523
5578	0.08431526151276095
5652	0.034690803554984564
5665	0.0372564324961346
5683	0.03863106564612851
5740	0.03089627811913999
5759	0.05970616663037633
5874	0.03792156215790445
5918	0.036039265450774564
5968	0.036630451395445934
5970	0.043524254761394356
6031	0.06276670385034509
6155	0.025044549950951553
6348	0.01978960204733249
6388	0.03159839136584662
6391	0.020662986446036428
6460	0.28467239701514213
6554	0.008170752024088769
6601	0.019208571022454657
6620	0.0461757334067548
6627	0.05733222953247942
6692	0.03372299033397811
6708	0.012164587355405092
6732	0.02719077922347685
6760	0.017122181414551012
6805	0.016977436195762186
6922	0.046378510651669896
6947	0.04651892179740277
6959	0.043983483236897186
6995	0.07800877698668568
7001	0.024512864072727295
7103	0.02988231033780754
7119	0.02810508717092032
7133	0.02986892297839766
7173	0.04894413959281992
7327	0.05757882450625119
7356	0.0332702152170369
7399	0.11941233326075266
7417	0.0316302663350158
7483	0.023882821329474408
7501	0.02963294400943933
7543	0.08350722269751365
7591	0.015586841138094654
7738	0.024544992946051093
7743	0.016554654359101112
7764	0.03792156215790445
7769	0.01751808233294377
7790	0.09788827918563985
7808	0.04316501624070314
7821	0.012043348328550365
7968	0.0644320516038024
8037	0.008403646307949524
8088	0.05733222953247942
8089	0.025106303479399145
8103	0.01466116107896573
8105	0.08002429405345189
8131	0.022427896406145474
8153	0.04370487459533272
8167	0.01824846973326016
8306	0.03575555238485191
8386	0.032207596712694506
8414	0.02180648711879263
8478	0.2012408663661101
8505	0.017371247843910642
8596	0.03792156215790445
8709	0.018633370970300902
8724	0.016600808919427102
8805	0.012727939460064137
8877	0.007267783513628704
8890	0.0344404717824326
8902	0.04564452243579409
8929	0.030209677997068134
8965	0.07513364985285464
9022	0.05733222953247942
9026	0.0401399385155987
9070	0.028956630278678622
9235	0.030209677997068134
9261	0.019879421904834972
9272	0.02852234102124308
9275	0.0372564324961346
9280	0.02535594611724282
9306	0.02258909054250597
9329	0.09035636217002388
9443	0.025520257846513072
9450	0.06276670385034509
9495	0.010660498978275196
9514	0.047949862155508303
9534	0.06251388697560292
9578	0.039792794267605645
9671	0.046378510651669896
9736	0.03900438849334284
9844	0.09068245141221856
9845	0.12438579007555961
9885	0.0344404717824326
9891	0.0043135849383582805
9894	0.03168436004416247
9991	0.029105424444983003
9998	0.08458964987767952
10075	0.046378510651669896
10087	0.07606783835172846
10088	0.051078996753659775
10094	0.09788827918563985
10110	0.05733222953247942
10116	0.019508269980894923
10118	0.05733222953247942
10120	0.027066349624105545
10128	0.01292255359683068
10131	0.018577525123065847
10260	0.05970616663037633
10292	0.06276670385034509
10396	0.03900438849334284
10442	0.0332702152170369
10468	0.05539258169201804
10485	0.04894413959281992
10577	0.03939128965697444
10636	0.025676732514636414
10690	0.03144196744649363
10739	0.0316302663350158
10792	0.03201716749864739
10853	0.02267061285305464
10948	0.03445683223369509
10982	0.029564716321373766
11020	0.03693883847970081
11081	0.11937838280281694
11089	0.27188710197361315
11123	0.042064925713311614
11143	0.06276670385034509
11156	0.05233204447204928
11202	0.025251131383015483
11404	0.024544992946051093
11418	0.027969561650662188
11493	0.1148112008324011
11514	0.03988511847666093
11516	0.033387446259679064
11520	0.06708028878870338
11544	0.012568437080003419
11592	0.016936115727508364
11660	0.017219784020870973
11673	0.060089470022763374
11713	0.10116897100193432
11716	0.13220341869185384
11775	0.01292255359683068
11825	0.1662800697379715
11828	0.04801845953369101
11876	0.01330230137281162
12032	0.04370487459533272
12054	0.05970616663037633
12182	0.13416057757740676
12188	0.04048235141739702
12309	0.06288393489298726
12313	0.034690803554984564
12405	0.027835740899171218
12488	0.014208385962024523
12489	0.018194603241122213
12525	0.023974931077754152
12537	0.05439299166535748
12566	0.011231289244057535
12581	0.0472691529583232
12584	0.04092323748168834
12600	0.03900438849334284
12612	0.01798182395891577
12632	0.058818810791239656
12682	0.05970616663037633
12698	0.025147339247863165
12739	0.026042424393889253
12748	0.04778601977523733
12766	0.016936115727508364
12839	0.02006996925779935
