221
t_index	tf-idf
184	0.03735233110763825
543	0.05275877737770615
647	0.059833323181357666
661	0.05356198553158568
738	0.026676558346672735
831	0.05126366923833171
858	0.033738471433667754
872	0.053251170888790354
989	0.05888385146245574
1012	0.08833494956236729
1023	0.027549212350138762
1049	0.04611662915316314
1100	0.06747694286733551
1105	0.03338286688892891
1157	0.027549212350138762
1203	0.061271782422624356
1240	0.023341700752198682
1253	0.05126366923833171
1420	0.028215040992987
1463	0.06350426024252719
1488	0.031194341756359316
1497	0.03129696712674416
1511	0.06352070483432548
1555	0.0762418756992032
1706	0.045606719157040204
1710	0.03578068728756679
1737	0.09237076347128555
1740	0.09437549407140229
1925	0.07542037928545114
1944	0.02982246298739753
2129	0.04086132285265147
2167	0.029916661590678833
2200	0.06511168223693771
2237	0.04086132285265147
2294	0.027795674718320854
2422	0.056245010417169616
2449	0.10474350208021284
2464	0.02830024445975819
2466	0.0865528884878719
2508	0.05777576966068104
2540	0.07542037928545114
2577	0.0851342971838861
2621	0.034474209954619445
2635	0.0418233358724844
2640	0.03633456340974686
2669	0.0836246555443739
2672	0.0865528884878719
2697	0.05673922835946096
2709	0.04439856964326952
2804	0.05946794549725449
2853	0.0552999839836044
2991	0.04123924183768566
3012	0.07120659515635576
3167	0.013346427950865668
3207	0.04202285167818885
3214	0.029451098099911543
3343	0.0836466717449688
3344	0.15422511024404917
3476	0.07592849144141264
3619	0.05199383205507222
3624	0.15379100771499518
3651	0.03690822495582608
3715	0.049895965363029766
3809	0.028215040992987
3825	0.05275877737770615
3995	0.04804073415824684
4059	0.040131160035910954
4148	0.0339799920123281
4162	0.049571493401758274
4219	0.02548632385519347
4248	0.044633038271950934
4264	0.11028863164304578
4342	0.10900369022924059
4358	0.03564515217252496
4430	0.02607041788999221
4457	0.014534072614746155
4598	0.027962109532270116
4640	0.07374080267301075
4682	0.1065322537675186
4685	0.06007408595393501
4737	0.04123924183768566
4852	0.101269265169144
4859	0.04998421182580426
4930	0.06350426024252719
4970	0.026753960018499435
5091	0.0278786765351936
5093	0.04611662915316314
5216	0.030299080033879155
5271	0.0689082788631018
5304	0.049571493401758274
5332	0.04086132285265147
5484	0.03941544296573631
5515	0.025414783354638853
5624	0.30380779550743203
5656	0.03892818392074161
5792	0.03876345616060902
5946	0.035377465712314655
5970	0.2190245637634213
6236	0.07542037928545114
6287	0.18027351193344646
6342	0.05673922835946096
6388	0.023851610748321622
6391	0.031194341756359316
6560	0.04637778638400553
6601	0.02899865083349019
6732	0.04104917079309959
6742	0.06598004591960381
6779	0.049571493401758274
6836	0.04511250121474885
6959	0.022133551238428004
7097	0.05237175104010642
7133	0.04509229068682068
7187	0.02972881365023071
7215	0.025922390889884933
7248	0.056245010417169616
7418	0.047751342260034996
7565	0.21262144352243845
7591	0.023531024938414562
7610	0.07542037928545114
7700	0.03059199056849877
7726	0.019118267589578502
7743	0.02499210591290213
7821	0.018181511401210958
7894	0.05315536088060961
8024	0.09013675596672323
8037	0.038060260400552534
8089	0.01895114757541445
8105	0.030202618387643716
8117	0.05315536088060961
8144	0.10113052572919941
8392	0.05237175104010642
8397	0.05237175104010642
8407	0.041431589236299915
8504	0.06945428283067265
8539	0.03647606931032121
8651	0.02359463221291557
8672	0.05888385146245574
8681	0.06007408595393501
8719	0.026295048346348236
8722	0.039262796353244846
8761	0.029635707210821784
8877	0.05485986339086427
8931	0.056245010417169616
8956	0.05484753671718306
9010	0.11449827671116779
9068	0.028472019528393053
9109	0.026144946171379368
9217	0.09013675596672323
9330	0.049895965363029766
9376	0.07022833550587212
9390	0.06280050494378207
9429	0.08114886986729727
9456	0.06689805667679245
9539	0.029359583232256667
9570	0.07852559270648969
9735	0.04664326045826029
9826	0.023341700752198682
9891	0.03256050211174665
9911	0.05356198553158568
9918	0.101269265169144
9979	0.0689082788631018
9998	0.019646563930417353
10023	0.039262796353244846
10098	0.101269265169144
10099	0.03258251831234154
10128	0.05852647016691014
10137	0.033738471433667754
10167	0.06869844486060428
10211	0.08096528594154254
10228	0.047573959223059646
10329	0.027795674718320854
10375	0.028130287150824086
10452	0.01868995378497677
10476	0.041431589236299915
10486	0.07249214634195315
10671	0.039262796353244846
10722	0.03385877773267022
10736	0.05126366923833171
10835	0.049571493401758274
10948	0.01733951032597229
11028	0.07900424676430247
11132	0.039262796353244846
11134	0.0684504001404843
11175	0.02236801986710942
11199	0.04611662915316314
11209	0.03269444082673072
11334	0.07249214634195315
11401	0.02982246298739753
11454	0.026753960018499435
11535	0.033500529069530174
11592	0.012783993819307964
11623	0.13936379563194368
11627	0.0381209378496016
11636	0.04403517633111689
11660	0.025996233851316407
11693	0.050565262864599704
11744	0.047751342260034996
11779	0.0738896200419397
11857	0.028733176759235448
11876	0.010041059075687734
12188	0.0203716971328307
12193	0.06095890828780871
12196	0.05026353212184771
12270	0.05022712793711162
12339	0.04611662915316314
12387	0.03129696712674416
12488	0.04290001821984157
12553	0.05275877737770615
12566	0.03391113631697298
12584	0.030890342475768096
12659	0.03258251831234154
12680	0.06598004591960381
12690	0.04263671553767221
12739	0.019657765561351365
12746	0.09013675596672323
12748	0.07214123843801075
12779	0.06070400260417903
12834	0.1215573050912381
12835	0.2738016005619372
12838	0.044633038271950934
12900	0.13022336447387542
