86
t_index	tf-idf
184	0.08314506043248364
612	0.07563834453112851
642	0.1449364629706818
721	0.10096476891059115
731	0.0917971958671948
866	0.11832208490529765
1012	0.3932613843295852
1020	0.061872257652584625
1075	0.06318608494030997
1240	0.05195785810652234
1511	0.09426333306917199
1605	0.1802681317434832
1665	0.11573655994528709
1710	0.07964663298436489
1737	0.15421071088339966
1740	0.10503837277652033
2521	0.13107351651587018
2577	0.0947530726239431
3115	0.06943757868845998
3167	0.029708709620685288
3365	0.056098943705881844
3476	0.08450716223374607
3573	0.18063471513199475
3593	0.09935167509927763
3808	0.06415500190503909
3881	0.08087954301394414
3939	0.07934493627637626
4099	0.1449364629706818
4148	0.07563834453112851
4342	0.08087954301394414
4457	0.03235236757783128
4527	0.11922721800345196
4640	0.10942973415178281
4685	0.13372293934406504
4970	0.05955343499542664
5769	0.047009857736231155
5970	0.0487541474662717
6173	0.07964663298436489
6312	0.11832208490529765
6488	0.17787120242620277
6517	0.1075930913169323
6518	0.18063471513199475
6732	0.09137410397386603
6805	0.05705235614659549
6836	0.10041894383919081
6959	0.04926855702797741
7107	0.1241322744073399
7112	0.11573655994528709
7215	0.11540477893510646
7574	0.05853191270798952
7811	0.03582440701858099
8037	0.056480591835277885
8156	0.09137410397386603
8286	0.1413583944833194
8604	0.12208881265754538
8938	0.08520818170860915
9036	0.07701885765772883
9109	0.058197790203750904
9272	0.095848792439273
9471	0.15850353865212732
9578	0.13372293934406504
9987	0.08893560121310139
9998	0.0655989076255202
10087	0.1704163634172183
10171	0.07701885765772883
10351	0.1075930913169323
10552	0.13237369062499463
10558	0.05920967419558957
10736	0.1141112415321338
10984	0.08556391447182377
11134	0.07618416960252886
11209	0.0727767498770351
11344	0.12015586366261952
11454	0.05955343499542664
11481	0.07964663298436489
11663	0.063570506361797
11876	0.044702134453047396
11889	0.03391955299384914
12188	0.045346727740777935
12196	0.05594248460394625
12577	0.17586085464683382
12612	0.06042758240054685
12690	0.09490792635690252
12739	0.043757539545689124
12834	0.054116512560867004
12835	0.07618416960252886
