26
t_index	tf-idf
91	0.1349286316675701
316	0.2224922053851424
764	0.14635522642962356
1123	0.14411244922005087
1420	0.14064977287255323
1716	0.4219493186176597
2577	0.10609695344368152
2615	0.11328867137973446
3267	0.2994646205563673
3680	0.30260470579698356
3881	0.1811249571558131
4219	0.1270473313322593
4426	0.2722412848679546
4540	0.2555453822228077
4587	0.08751950126332675
4644	0.22183258608189133
5484	0.09824145040547387
6348	0.14892861326128026
8505	0.06536452440589473
9329	0.1699964416304361
9894	0.2384437944816725
11153	0.1353239999321143
11623	0.09924537466767593
11889	0.07596083451777229
12768	0.19081868771978305
12838	0.2224922053851424
