43
t_index	tf-idf
612	0.10373469578172612
648	0.24118550412213105
858	0.10299737766395649
902	0.05536612540525068
1022	0.11934871496362877
1044	0.1362564960367026
1122	0.11267405496290504
1240	0.07125793983938972
1747	0.14755923949901034
2002	0.29331913563890666
2012	0.15649859868018928
2086	0.15542095682025936
2294	0.08485510708497894
2918	0.16971021416995788
3406	0.2552907663898218
3621	0.2969514568838649
3857	0.18339518821946163
4011	0.10191178208012878
4162	0.1513326955936774
4617	0.11934871496362877
4620	0.06882925479796226
4737	0.1258958567367908
5769	0.06447197279685632
5842	0.09249754528018451
5913	0.1122303349131988
6587	0.13277768056618083
7179	0.12090537684585298
7743	0.07629632469833991
8036	0.053865763445405744
8751	0.4154063518657045
8917	0.09981014332446247
9225	0.14665956781945333
9416	0.14078562743471046
9845	0.19108782383501527
9998	0.029988681747462904
10120	0.1247421392512647
10750	0.13016208814374564
10853	0.10448327109868659
11673	0.13846878395523485
11775	0.05955686683445977
11777	0.1264830581367328
12488	0.06548295151822303
12581	0.07261729469132705
