246
t_index	tf-idf
3	0.018888853779970825
34	0.06736464078277711
194	0.0594980629587555
433	0.024608440905022212
469	0.0288056002373008
687	0.034299437332871094
765	0.04920155350602361
790	0.03096194634473563
872	0.011123764277773843
902	0.015153954324547454
918	0.07202570307169566
953	0.05671155748578893
977	0.025398076220662386
1032	0.03709809303637451
1116	0.023364287391603032
1148	0.0396620406936349
1233	0.0544053392888287
1273	0.025156269161333757
1314	0.07531552898478101
1358	0.036341840645190554
1446	0.035281821796282184
1497	0.026150792864569613
1555	0.06370539007635596
1596	0.03709809303637451
1638	0.03919923866923731
1694	0.04225079414115813
1706	0.03810758598679684
1756	0.04968960469819168
1806	0.0458289317943934
1872	0.06057223038958721
1944	0.024918742098441093
1981	0.0341424773130455
2039	0.08461751473427707
2076	0.026150792864569613
2099	0.08461751473427707
2111	0.14619189148732145
2145	0.07232095843377637
2146	0.33743542751066624
2150	0.06780552500501569
2172	0.1676939381486035
2199	0.028291363810071298
2241	0.04063846604117933
2277	0.02713208844577708
2389	0.04620698295501895
2430	0.04319708409999348
2470	0.16923502946855415
2493	0.056070109154650986
2506	0.01929554940976668
2615	0.03797875612115051
2891	0.013785592277770152
2955	0.068284954626091
3138	0.08461751473427707
3159	0.07979913551305513
3184	0.058503539255519654
3198	0.0791762018885793
3216	0.03211844488478753
3378	0.03146368435982515
3433	0.02329457331944447
3711	0.0544053392888287
3744	0.0791762018885793
3803	0.16923502946855415
3900	0.016805863306552267
3935	0.08461751473427707
3959	0.04196825889059512
4100	0.03810758598679684
4116	0.15063105796956203
4134	0.0341424773130455
4268	0.05127024464009117
4298	0.04381696979215111
4309	0.055897979382867835
4419	0.04408362808463173
4426	0.022816459135291487
4457	0.012144228572935848
4478	0.043444463062541544
4516	0.04142043063428358
4557	0.06057223038958721
4620	0.056516617829033146
4709	0.03494630610299788
4859	0.020882642791901718
4979	0.037492825278962916
4987	0.07090555722813131
4992	0.24697275257397527
5021	0.058503539255519654
5086	0.03146368435982515
5109	0.03494630610299788
5120	0.057577659838582554
5202	0.05184139163156832
5216	0.025316988791412604
5275	0.06987421613908325
5314	0.022354794441180707
5369	0.016763056480108986
5425	0.038973688339590466
5448	0.06533254628219816
5508	0.03919923866923731
5525	0.06780552500501569
5561	0.03919923866923731
5781	0.047835637004348515
5797	0.035113015435792184
5970	0.036602051413061644
6102	0.0396620406936349
6109	0.05671155748578893
6144	0.08178818291952684
6168	0.027992022134379704
6173	0.02989725291974126
6264	0.057577659838582554
6489	0.04699661827065913
6580	0.02819083952946687
6601	0.024230389744396657
6603	0.017285976999990554
6620	0.058247748667565755
6671	0.0312104706455716
6696	0.02809106264819494
6732	0.034299437332871094
6798	0.020538523201088375
6805	0.021415955169338557
6817	0.06780552500501569
6827	0.026587962749486597
6836	0.07538926504232617
6923	0.16923502946855415
6952	0.04169154952625828
6985	0.022097945859973402
7001	0.015460708907999221
7012	0.10487586223271378
7028	0.07531552898478101
7033	0.038973688339590466
7042	0.04920155350602361
7136	0.047835637004348515
7195	0.037294007883875754
7206	0.022419782116420983
7213	0.03919923866923731
7421	0.11188202365162724
7422	0.06780552500501569
7445	0.057577659838582554
7481	0.022290119960771338
7570	0.237992251835022
7574	0.0219713418199424
7700	0.051123471832390514
7726	0.03194928464728159
7754	0.024082101730502053
7803	0.034781642335135685
7811	0.01344754093427306
7832	0.020425750027269887
7862	0.022883727089225453
7955	0.0447547643635617
7958	0.045461239514028404
7966	0.06987421613908325
8036	0.014743298595193808
8037	0.0106006649363788
8063	0.06301897268428032
8089	0.015835001927936337
8311	0.047409571736292885
8407	0.03461897454090865
8419	0.058503539255519654
8663	0.05371698693478427
8665	0.028392646771667036
8777	0.020538523201088375
8826	0.05306222640982189
8834	0.07232095843377637
8877	0.018335692635049552
8933	0.03211844488478753
8938	0.031984912154084985
8939	0.16923502946855415
9026	0.025316988791412604
9088	0.06601354323528498
9101	0.08461751473427707
9117	0.058503539255519654
9139	0.031721767865917024
9174	0.04873063049577383
9225	0.040141374815856196
9235	0.03810758598679684
9306	0.02849469995329405
9342	0.08461751473427707
9443	0.016096090471166342
9449	0.040141374815856196
9489	0.04283436124338875
9503	0.029560333247932762
9570	0.03280679723883197
9586	0.057577659838582554
9643	0.08461751473427707
9707	0.07232095843377637
9722	0.04196825889059512
9728	0.08338309905251656
9841	0.08461751473427707
9885	0.043444463062541544
9891	0.027206564228488817
10102	0.03545277861406566
10133	0.03309233840915471
10166	0.07794737667918093
10167	0.05740232893469548
10209	0.02357562921943427
10228	0.01987567594571484
10366	0.04196825889059512
10403	0.025979836046786144
10414	0.055897979382867835
10419	0.02819083952946687
10498	0.0544053392888287
10549	0.08816725616926346
10615	0.07531552898478101
10639	0.08461751473427707
10665	0.06002293153673579
10696	0.029123874333782877
10733	0.06601354323528498
10821	0.07979913551305513
10853	0.028597535159262725
10873	0.03337711772828956
10890	0.02676689778322364
10894	0.07232095843377637
10920	0.027893707198608564
10954	0.08461751473427707
10976	0.0244559400740435
11036	0.057577659838582554
11271	0.08461751473427707
11305	0.015538505814053414
11307	0.08461751473427707
11374	0.07268368129038111
11537	0.05213008445921007
11544	0.015854283411837714
11567	0.021537403316864105
11584	0.0791762018885793
11592	0.01068191601431507
11606	0.0791762018885793
11623	0.016635449223434556
11643	0.08688892612508309
11744	0.03989956775652757
11775	0.016300978858762027
11820	0.06987421613908325
11857	0.02400856769056522
11876	0.008390003253856285
11889	0.012732508792691196
12082	0.04920155350602361
12188	0.017021969888103436
12323	0.03323742013257624
12327	0.03146368435982515
12339	0.038533651254852475
12434	0.02393543438308019
12520	0.03211844488478753
12566	0.028335113049006773
12584	0.025811029686296144
12638	0.028597535159262725
12647	0.04253940588207228
12649	0.05678529354333407
12664	0.09481914347258577
12679	0.11179595876573567
12742	0.027412654665640163
12795	0.038533651254852475
12829	0.00855127472425066
