119
t_index	tf-idf
91	0.035615038318528254
536	0.13045167139880245
604	0.042580366880647855
638	0.11808186559643627
817	0.06034181807239381
1020	0.10972008232458601
1040	0.06522583569940123
1099	0.10146417841371297
1167	0.06565277371120232
1203	0.05374733123218491
1415	0.13324941408941685
1511	0.08358011374510896
1654	0.09712718547389433
1710	0.23539993150052105
1716	0.03712516008232998
1975	0.07337593014943367
1981	0.0537650522094761
2018	0.06792730162753119
2167	0.03936414095442588
2228	0.10146417841371297
2277	0.042725609464839595
2337	0.11860133378499305
2464	0.03723727022756196
2525	0.11388570519883282
2577	0.08401434926766588
2880	0.13324941408941685
3215	0.13490477843741033
3809	0.03712516008232998
4219	0.033534732530402574
4264	0.048372345161893204
4457	0.019123834433016594
4644	0.02927687013483465
4748	0.08458954458998526
4828	0.052570795899511455
4881	0.09923762489440904
4955	0.07337593014943367
5139	0.06480735246379363
5146	0.11388570519883282
5216	0.07973464911035796
5239	0.042580366880647855
5484	0.025931286617351015
5544	0.02822377689159407
5556	0.04586212680881722
5842	0.03986732455517898
6114	0.11388570519883282
6348	0.019655199205954016
6554	0.032461038541715254
6620	0.04586212680881722
6665	0.04725984026070295
6708	0.024163940958170538
6805	0.03372426485746942
6827	0.04186876049628519
6901	0.08073659549050545
6952	0.06565277371120232
6985	0.03479821343923648
7111	0.08567351104954775
7165	0.05057775539497745
7515	0.28867207121946165
7516	0.13324941408941685
7538	0.12468083640377678
7591	0.030961963442019316
7726	0.025155687171829373
7743	0.13153777561998312
7757	0.04744123805099984
7811	0.021176194503730525
7821	0.023923109715716432
7832	0.03216496291598224
8018	0.0587278498450099
8041	0.0596813670458228
8105	0.1987020048678107
8144	0.06653343083640952
8386	0.15994427978362782
8500	0.07747897344367391
8559	0.2347425612709474
8645	0.03410850658494219
8709	0.07402728310023235
8775	0.0479949652618413
8938	0.05036747791065581
9282	0.13324941408941685
9329	0.044871349452338706
9376	0.092405968810009
9426	0.041453021590635825
9609	0.11860133378499305
9630	0.06522583569940123
9794	0.2664988281788337
9894	0.06293834579307549
9998	0.02585081592352697
10022	0.0936931562408306
10087	0.05036747791065581
10128	0.025669577850815004
10137	0.0887857049875887
10178	0.043167424431013436
10187	0.13324941408941685
10329	0.14629344309944803
10535	0.07532802899541367
10558	0.10499843667625765
10873	0.01313995511229094
10948	0.022815210396502285
11176	0.08458954458998526
11212	0.1842541074961954
11481	0.04707998630010421
11493	0.0760209669043452
11499	0.08802401045385745
11514	0.03961423514918631
11577	0.0999061954321778
11592	0.05046327777634189
11623	0.026196277083980198
11658	0.04954668686744985
11660	0.03420566865409453
11817	0.21476700945587107
11876	0.013211957610612543
11982	0.06283089313925014
12055	0.02253306050683738
12196	0.06613641556610697
12339	0.060679948690989895
12445	0.07216801780486541
12516	0.034598846745373384
12748	0.03164098451619453
12834	0.03198885595672556
