248
t_index	tf-idf
16	0.0218750022121496
17	0.031633613400602924
34	0.0321975887144219
44	0.04534575664216516
75	0.029955154290592263
91	0.021619702795774073
102	0.06681171474636828
117	0.03372658338534938
278	0.05117400202662684
316	0.03565007141445155
319	0.02743600436093786
497	0.03248915518050844
610	0.055039610961468664
644	0.03439314225990208
647	0.09558221115858276
657	0.040946203531518295
660	0.028798662456937345
678	0.03584012485025717
764	0.02345059353905225
817	0.03662981241840014
872	0.01063342379652412
874	0.05072321984835052
918	0.022950259339045185
989	0.04703272712477941
1023	0.044009165663792385
1040	0.07918919922618342
1100	0.053896349546992864
1123	0.02309123188164243
1157	0.022004582831896193
1169	0.04848654968985245
1171	0.028363760731186457
1203	0.14682016978642598
1301	0.01354304432603491
1329	0.043808772079563414
1420	0.06760921496534929
1488	0.02491608356493827
1491	0.09063947341836391
1511	0.01691211825227015
1610	0.06679412958627452
1663	0.06913301839141905
1710	0.17147621221137513
1716	0.022536404988449762
1737	0.0184449930021244
1867	0.036427786632421216
1981	0.03263746171412749
1982	0.05592467720154015
2085	0.0427819544272621
2261	0.03814077704801868
2277	0.025936093908892226
2349	0.02193962890943371
2449	0.04183126977158978
2464	0.02260446017341486
2506	0.0184449930021244
2529	0.043808772079563414
2577	0.2209997940713583
2588	0.04492498641614483
2635	0.13362342949273656
2664	0.060153502293567855
2697	0.045319736709181956
2709	0.03546279258064216
2860	0.05343397156797301
2891	0.026355834466667862
2945	0.05134911823789757
2949	0.05592467720154015
2986	0.053896349546992864
3167	0.010660289507452252
3214	0.023523689875167703
3266	0.05790217950951379
3318	0.02309123188164243
3381	0.0457270208305533
3619	0.16611764716355293
3659	0.03814077704801868
3680	0.04848654968985245
3761	0.0427819544272621
3809	0.045072809976899525
3859	0.05592467720154015
3881	0.029021770207035783
3886	0.03704366676899556
4077	0.07199558693946416
4098	0.039091461703691
4134	0.03263746171412749
4219	0.10178438447248599
4264	0.058727760817298885
4413	0.043115177636986156
4436	0.03725571080794719
4457	0.011608905571282694
4472	0.02012982013027505
4505	0.034739876131516974
4522	0.054211686785942695
4535	0.056875361857212474
4540	0.040946203531518295
4559	0.0648166272783009
4587	0.01402330686054287
4644	0.01777219009129387
4708	0.14534912711107986
4730	0.12642120640281665
4856	0.03389000435050136
4970	0.02136938515069178
5054	0.05072321984835052
5175	0.07568607966303526
5239	0.02584792605475623
5248	0.12281059814532388
5332	0.03263746171412749
5333	0.03293931969482904
5362	0.024356501980750747
5416	0.04183126977158978
5484	0.015741291775825606
5544	0.051398765547843596
5561	0.037471318778656594
5778	0.07568607966303526
5842	0.1210050232765344
5855	0.0629928205003512
5857	0.024673268007615354
5874	0.0457270208305533
5970	0.017494308346452082
5978	0.026570842503881417
6168	0.026758121337690805
6298	0.027141086262623352
6348	0.011931464496091563
6391	0.02491608356493827
6544	0.028798662456937345
6554	0.029557654807391438
6601	0.023162303377996817
6612	0.021184801070023185
6660	0.03122632927923158
6671	0.029834699205775982
6726	0.024753696937402623
6777	0.06115000597568319
6909	0.01673817155624407
7051	0.04245716816113683
7090	0.07199558693946416
7092	0.13358825917254905
7162	0.0648166272783009
7165	0.06140529907266194
7206	0.02143150814027737
7313	0.05134911823789757
7377	0.028909731309025934
7432	0.06913301839141905
7515	0.21904386039781706
7730	0.0520071277137469
7738	0.029597129966754624
7743	0.3792804054277415
7757	0.05759732491387469
7769	0.02112385856928352
7803	0.033248452057511486
7811	0.012854767343546054
7821	0.014522250892410594
7826	0.037471318778656594
7910	0.07568607966303526
8003	0.040664249933831796
8010	0.03683507075379257
8018	0.0713001428289031
8021	0.029134796244615943
8036	0.014093407429950376
8037	0.050666914534810537
8060	0.018593873268263488
8092	0.055039610961468664
8105	0.120619785713712
8144	0.08077672065387267
8167	0.022004582831896193
8292	0.03389000435050136
8386	0.038836940304592824
8391	0.045319736709181956
8504	0.1109514493665576
8509	0.03096181738685541
8651	0.018845912264878667
8709	0.04493741787083913
8761	0.023671144053563718
8836	0.05134911823789757
8865	0.08230801308281357
8895	0.09406545424955882
9026	0.024201004655306883
9109	0.020882943089321638
9135	0.03860731472637378
9178	0.09531689957121316
9261	0.023971236621439306
9327	0.06557500573281286
9329	0.027238640894573972
9376	0.1402349735216092
9443	0.03077313527563499
9495	0.03856430203063816
9539	0.02345059353905225
9570	0.031360659012180304
9597	0.10686794313594603
9891	0.07802186029784455
9894	0.01910300247797373
9986	0.022401368243884136
10023	0.031360659012180304
10116	0.023523689875167703
10128	0.031164848908158564
10135	0.0266641401680546
10137	0.026948174773496432
10166	0.03725571080794719
10167	0.02743600436093786
10178	0.026204292644886114
10211	0.02155666398450117
10216	0.04245716816113683
10217	0.019633175955399013
10228	0.018999547302117246
10329	0.06660432453757467
10407	0.06310363686270343
10424	0.04183126977158978
10558	0.04249206893371292
10572	0.050126443769334464
10695	0.0314964102501756
10773	0.02281081913703322
10873	0.01595291976028859
10876	0.060153502293567855
11128	0.05343397156797301
11184	0.029955154290592263
11213	0.08691457567719962
11305	0.014853561560606023
11493	0.04614766088470793
11516	0.02012982013027505
11544	0.015155419541307568
11567	0.04117604998201426
11577	0.060646916434076215
11592	0.08168841920970396
11593	0.2073990551742571
11594	0.06913301839141905
11636	0.05275880519449782
11876	0.016040336351018824
11889	0.012171254137070788
11966	0.06024106831465831
12042	0.054211686785942695
12055	0.01367843737468565
12188	0.016271633877888977
12193	0.04869015236126319
12196	0.02007367836767395
12215	0.04245716816113683
12298	0.04848654968985245
12327	0.030076751146783928
12387	0.02499805427374062
12470	0.04492498641614483
12505	0.1296332545566018
12520	0.06140529907266194
12551	0.034223227560225424
12566	0.02708608865206982
12640	0.13358825917254905
12699	0.026204292644886114
12741	0.0808875370162249
12766	0.04084420960485198
12790	0.03934056413802264
12795	0.03683507075379257
12829	0.008174330727696752
12834	0.019418470152296412
12839	0.04840200931061377
12900	0.0520071277137469
