95
t_index	tf-idf
598	0.09655311968096031
647	0.10271300460592786
817	0.07872506915336343
819	0.2536855544758596
1020	0.09543101113452081
1040	0.08509701215599415
1100	0.057917220497005484
1156	0.09827685809426344
1167	0.08565401765528018
1170	0.07319241062590752
1203	0.10518233879660673
1509	0.30946691704591905
1654	0.12671716957434642
1665	0.08925532508307012
1710	0.12284598958448559
1737	0.03964211809329735
2157	0.04917462033748373
2422	0.09655311968096031
2577	0.1096094825654205
2621	0.11836045526409299
2716	0.061422994792242794
2868	0.10208577820841622
2891	0.028322079120732358
2992	0.06437984355720995
3182	0.08297513203023361
3365	0.08652632253200525
4130	0.03435152288078945
4134	0.07014467890488751
4213	0.12019373808911986
4219	0.04375115337638942
4454	0.09655311968096031
5054	0.10901472671033295
5109	0.07179612065144671
5248	0.06598636597781153
5357	0.09918090087159863
5544	0.03682220487447269
5556	0.05983411206160276
5970	0.03759889946018065
6019	0.0526854744732641
6554	0.021175178223173732
6601	0.09956119427289302
6726	0.05320083217842305
7092	0.14355444714417262
7119	0.07283665298708443
7515	0.2824624302270615
7575	0.09266346500115474
7743	0.2145137653446901
7757	0.06189430258474106
7811	0.1105102517601439
7821	0.031211331161314523
8018	0.0766194023973553
8035	0.05896566752610061
8037	0.02177874298115082
8105	0.10369478132304999
8144	0.0868029686696358
8386	0.04173432252751973
8504	0.11922884595036166
8761	0.1017484027092609
8778	0.06769232249145318
9036	0.05939647057953895
9109	0.08976355762099227
9178	0.20485579954699903
9376	0.18083643774265828
9443	0.0330689272302037
9495	0.027627562940035974
9510	0.07283665298708443
9553	0.05536436009831067
9597	0.11484069475372052
9891	0.011179011378786904
9998	0.05058947516651602
10128	0.033489864177088574
10329	0.047715505567260404
10460	0.08349048973539255
10558	0.045662137537942404
10572	0.2154642621194944
10773	0.04902518455447335
10884	0.11177411117933733
11134	0.05875276427147996
11213	0.09339873082704733
11282	0.11177411117933733
11454	0.09185448751618508
11535	0.05750875621917271
11592	0.02194567084406655
11593	0.14858120460675076
11594	0.14858120460675076
11876	0.017237005940041884
11992	0.12947055842856817
12188	0.03497111826954232
12196	0.04314250096633526
12387	0.053726006808901834
12411	0.1610672819408508
12566	0.02910681302256943
12638	0.05875276427147996
12699	0.05631846341499049
12835	0.05875276427147996
