26
t_index	tf-idf
1240	0.11499072311293695
2294	0.13693281261737636
2537	0.1840127936528612
3900	0.09908514010908011
4292	0.28203256853428155
4336	0.24420936300108412
4859	0.12312129101256764
4990	0.08956952903761396
5116	0.26386815224085763
5792	0.19096457030215294
6042	0.24110613706731765
7327	0.21411438301332927
8112	0.1389987816607202
8651	0.11623676648718022
8879	0.1262656300254664
9416	0.22718929482265174
9650	0.30228255942136645
9704	0.19596341887516555
9820	0.13531801944731453
9823	0.2795205442478264
9826	0.11499072311293695
9998	0.04839348719759489
10792	0.23812004234518674
11153	0.13373552431587238
11974	0.3394702425096251
12434	0.14112014516353572
