334
t_index	tf-idf
16	0.014297013479517711
34	0.04208725150230025
44	0.014818487506069546
91	0.014130155475946553
102	0.06549996958089359
278	0.03344618618457523
316	0.023300091429252334
319	0.053794681303562186
320	0.01786681619033412
356	0.019737727137932273
357	0.022705208096080304
469	0.017996808530031612
497	0.02123418708940221
557	0.14409745803689725
604	0.05068088363673527
607	0.10877308846291231
633	0.020408832250223646
634	0.020857299461837196
639	0.03707584260525098
644	0.022478590572195888
647	0.06247040105794253
660	0.018822163369210176
678	0.023424306115367083
698	0.030161081736962584
797	0.0671212764678782
817	0.023940428294320595
858	0.017612725898198536
864	0.02774905801677055
865	0.03721616707197741
871	0.015867897596611252
872	0.013899537186596745
902	0.028403103445687503
918	0.014999777551863054
931	0.03937221845110764
977	0.015867897596611252
1009	0.03399069854911672
1023	0.014381704482025234
1040	0.10351258827668958
1081	0.026577246658085703
1100	0.03522545179639707
1107	0.03444401640475277
1116	0.029194504066110197
1123	0.015091914061025792
1173	0.027961331075292854
1203	0.07463430166141517
1240	0.012185228312863066
1265	0.02434950151979404
1301	0.008851431666392498
1488	0.01628459641420565
1490	0.016555957897611082
1491	0.0296199689643687
1496	0.03784357290172928
1511	0.02210676646108951
1524	0.0296199689643687
1654	0.05780236228076328
1663	0.04518379866827619
1710	0.16810954076436804
1711	0.05286628983304289
1716	0.014729291580175538
1737	0.012055235973165575
1797	0.03784357290172928
1833	0.04518379866827619
1864	0.0335606382339391
1906	0.018750194361147797
2018	0.05389989051670893
2069	0.025663611693184776
2117	0.03044532380354727
2157	0.029908172447497213
2167	0.04685280079345689
2223	0.03203199268456074
2233	0.016893627878911757
2277	0.016951252421612027
2418	0.0335606382339391
2464	0.014773770930959634
2466	0.04518379866827619
2478	0.05286628983304289
2506	0.03616570791949672
2508	0.030161081736962584
2529	0.028632436187584223
2577	0.23332701897487568
2615	0.02372790000869491
2621	0.053990425590094836
2664	0.039314987253060825
2687	0.03315156500846565
2689	0.039156041267576665
2696	0.026220412467392193
2697	0.0296199689643687
2702	0.01730557294478287
2722	0.03238882687525425
2762	0.0354776170884188
2806	0.08472540344522143
2891	0.01722558548700872
2986	0.08806362949099268
2992	0.019578020633788332
3059	0.03937221845110764
3133	0.03947545427586455
3167	0.020901982268000288
3215	0.0802845757199582
3242	0.01633817064095576
3318	0.015091914061025792
3365	0.05262560560253828
3369	0.06284983506845257
3378	0.019657493626530412
3439	0.021429180481654177
3464	0.05286628983304289
3474	0.02236753811477963
3475	0.02754202680772129
3651	0.019267454093587762
3785	0.030739541288273622
3809	0.029458583160351076
3818	0.030739541288273622
3825	0.02754202680772129
3881	0.018967981617803113
3946	0.01911638085393653
3974	0.03857310569269155
4011	0.017427087216050387
4023	0.023300091429252334
4087	0.022478590572195888
4121	0.031689727286340945
4130	0.020892713824770707
4134	0.04266223386299448
4148	0.0354776170884188
4206	0.03276152547552301
4216	0.08084983577506338
4219	0.053219202547071943
4226	0.028868630340675473
4252	0.03857310569269155
4264	0.09595788607057534
4359	0.023940428294320595
4398	0.07874443690221528
4406	0.025878147069172394
4429	0.023808388747200156
4457	0.015174643442357595
4535	0.07434493557887582
4552	0.02676152523998607
4587	0.009165320545715857
4640	0.012831805846592388
4659	0.028402713928260128
4708	0.054283969812787804
4710	0.0671212764678782
4730	0.02754202680772129
4745	0.03655112150544217
4895	0.011285490453036414
4990	0.009491419234984826
5053	0.029361968978546496
5091	0.014553696932722147
5109	0.0218333231936312
5123	0.03784357290172928
5155	0.029111671646420874
5239	0.016893627878911757
5248	0.040133133704007694
5357	0.030161081736962584
5369	0.010473016197037105
5474	0.017427087216050387
5535	0.0708630983630745
5544	0.022395391072157177
5556	0.03639131180881139
5583	0.022042942560737445
5690	0.018195655904405694
5764	0.026220412467392193
5833	0.03857310569269155
5855	0.08234140459251271
5857	0.01612589758243346
5874	0.029886160780797665
5918	0.028402713928260128
5946	0.018468341335171678
5970	0.045735558756679326
5978	0.052098329831821916
6348	0.015596278078204151
6362	0.03444401640475277
6391	0.0325691928284113
6554	0.006439407946200467
6569	0.05109861471020164
6612	0.027691826818723737
6708	0.019173936559990324
6726	0.01617846413681182
6739	0.03399069854911672
6748	0.041243129398705794
6755	0.03194029377546516
6777	0.019983139915326652
6805	0.013379996996946525
6827	0.01661130026329076
6909	0.021879391100512756
7001	0.009659351503306449
7008	0.03543154918153725
7179	0.02067502406665261
7206	0.014007155647177843
7215	0.05412977482007619
7285	0.05286628983304289
7321	0.01730557294478287
7377	0.018894755493319
7424	0.04705470961587434
7472	0.03838315442823014
7481	0.013926146920763728
7513	0.05286628983304289
7515	0.3149567980634264
7531	0.06898187962535351
7557	0.0335606382339391
7651	0.018263000346460577
7738	0.019344023922187592
7743	0.06523400325472889
7757	0.018822163369210176
7811	0.03360635673621391
7904	0.05286628983304289
7946	0.021628817007326228
8010	0.02407458056362912
8021	0.019041852914690228
8036	0.009211136714145059
8037	0.11259020137923696
8041	0.023678396407502664
8089	0.02473299422873399
8105	0.11036816178252731
8197	0.04025559662192132
8212	0.015326784824017371
8254	0.04705470961587434
8272	0.05286628983304289
8298	0.028868630340675473
8386	0.03807443676940032
8504	0.01812884807715205
8605	0.025878147069172394
8660	0.06032216347392517
8679	0.05286628983304289
8709	0.014685046950012928
8761	0.12376745376379995
8770	0.05286628983304289
8771	0.043655153118897824
8792	0.025712115149444364
8799	0.03136088757226936
8805	0.010030948712708728
8830	0.028868630340675473
8855	0.031689727286340945
8873	0.028402713928260128
8903	0.03543154918153725
8936	0.0592399379287374
9036	0.018062568380537557
9068	0.014863443849484063
9072	0.15859886949912863
9109	0.05459450306692217
9167	0.04236270172261072
9178	0.10382833220458576
9254	0.04518379866827619
9261	0.01566706552866439
9280	0.019983139915326652
9376	0.07332356037430493
9390	0.01639208939886242
9420	0.02236753811477963
9434	0.03937221845110764
9458	0.0218333231936312
9485	0.03044532380354727
9495	0.050409535104320856
9510	0.022149750858124307
9524	0.04025559662192132
9595	0.02554930735510082
9597	0.06984650372717884
9648	0.03315156500846565
9652	0.014171559698158106
9799	0.031044459907776257
9891	0.05099334745464769
9893	0.03492325186358942
9894	0.11236766659508879
9933	0.03937221845110764
9998	0.010256230666175667
10093	0.03937221845110764
10128	0.0509216251278371
10131	0.014641034576196237
10137	0.017612725898198536
10171	0.07225027352215023
10186	0.049466733336066375
10203	0.027961331075292854
10268	0.030739541288273622
10329	0.05804146769740618
10375	0.014685046950012928
10403	0.032462724687137796
10424	0.054679969582594225
10425	0.03937221845110764
10477	0.015617600264485632
10489	0.5014503740049902
10496	0.043655153118897824
10549	0.02754202680772129
10552	0.031044459907776257
10558	0.027771868383193683
10739	0.024927961071105082
10784	0.035972661954131124
10853	0.03573363238066824
10873	0.015639708739583542
10880	0.03679866809767913
10948	0.02715559089694655
10974	0.023424306115367083
10976	0.030558562731462097
11032	0.02123418708940221
11132	0.040993254334362954
11175	0.04670772397966096
11176	0.0671212764678782
11209	0.017067703431918033
11212	0.03655112150544217
11213	0.028402713928260128
11305	0.009707956497160152
11374	0.022705208096080304
11400	0.022705208096080304
11454	0.02793310689392826
11455	0.08142809144599734
11516	0.01315640140063457
11535	0.03497702242416757
11541	0.019578020633788332
11557	0.06337945457268189
11559	0.0335606382339391
11592	0.026694864284698607
11627	0.019900534932275817
11710	0.026220412467392193
11719	0.03655112150544217
11876	0.02620901506688104
11935	0.04705470961587434
12055	0.017879843085547496
12068	0.0296199689643687
12139	0.049466733336066375
12146	0.030161081736962584
12193	0.01060759915020133
12215	0.02774905801677055
12512	0.044299501716248614
12520	0.08026626740801539
12534	0.09684365706403243
12537	0.032150528652218596
12553	0.02754202680772129
12584	0.01612589758243346
12607	0.03717246778943791
12624	0.01566706552866439
12690	0.022257937365090835
12698	0.01981873586434639
12699	0.017126541132740227
12748	0.012553462013074751
12768	0.019983139915326652
12834	0.03807443676940032
12835	0.05360044857100235
12839	0.01581723679015768
