316
t_index	tf-idf
17	0.018037911939438322
75	0.017080831973994244
91	0.012327845391812512
179	0.024584854332650282
180	0.024394845975493552
181	0.022725154374866913
182	0.052964534443455995
184	0.03402429372821257
185	0.04131640455544069
190	0.02674368785052697
319	0.015644378793072386
429	0.041052852255489686
579	0.033653082166789826
634	0.01819693799505337
639	0.016173397956829323
661	0.048789691950987105
685	0.03243109649574634
727	0.09224632363174254
738	0.012149858254219997
742	0.01932453641511197
857	0.04612316181587127
875	0.018782443234543932
888	0.033653082166789826
994	0.0300506607753657
1041	0.02965516389303187
1116	0.012735363493710562
1193	0.030912233134726515
1203	0.02790627867897906
1207	0.020221361423225774
1420	0.02570112262960307
1421	0.22852146777371088
1446	0.019231351582221105
1475	0.01642138477174231
1535	0.09224632363174254
1555	0.01736220937392241
1589	0.019418923666096852
1675	0.018782443234543932
1691	0.02736078693536475
1714	0.07391862575111977
1737	0.010517583156957173
1858	0.04612316181587127
1867	0.02077161401396334
1879	0.047276029783258684
1884	0.024584854332650282
1906	0.016358595455240772
1928	0.041052852255489686
2069	0.02239020212393665
2120	0.02136665008276123
2129	0.018610319752943583
2130	0.022432518934303997
2430	0.011772894218025992
2436	0.021003852899309523
2506	0.010517583156957173
2508	0.02631401707759249
2577	0.048468098372867405
2615	0.020701391663914624
2621	0.015701304453581758
2633	0.030912233134726515
2648	0.025841923574344932
2662	0.02858277260640824
2843	0.033653082166789826
2891	0.00751422569372216
2892	0.02188018794876383
2909	0.00713249158206826
2917	0.020886811835054316
2986	0.015366211799365837
3031	0.028257611943478554
3093	0.05507849475222386
3161	0.02965516389303187
3167	0.0182359214816108
3241	0.01605248759311414
3365	0.011478294252015915
3368	0.041052852255489686
3388	0.02136665008276123
3390	0.01765484481448533
3433	0.012697363873406062
3489	0.02736078693536475
3495	0.019418923666096852
3522	0.0195145447722687
3533	0.04315722085600007
3578	0.035982542695108095
3589	0.03435026759784528
3651	0.016809878388382247
3688	0.02631401707759249
3708	0.0637780066303566
3762	0.041052852255489686
3867	0.04315722085600007
3944	0.028923062355307103
3981	0.02005585367009627
4005	0.029279958037463694
4007	0.03138432663797407
4011	0.03040850289224576
4024	0.03942057715822687
4029	0.023348076117721297
4130	0.009113917617028323
4134	0.018610319752943583
4136	0.016809878388382247
4153	0.041052852255489686
4264	0.016743679651889585
4358	0.08117305476931906
4369	0.018958714666614675
4406	0.02257737337981928
4457	0.01323910827108111
4467	0.026818693754796712
4495	0.04612316181587127
4505	0.019809144738278776
4561	0.04315722085600007
4564	0.011840003958998136
4572	0.03388820138946267
4587	0.01599255646497674
4717	0.018782443234543932
4741	0.04315722085600007
4798	0.17193355465699114
4859	0.011382673145844072
4920	0.01366872161523982
4949	0.047858242211713316
4968	0.019611432419948085
4985	0.030623651194937023
5043	0.0300506607753657
5091	0.012697363873406062
5155	0.07619537968252557
5239	0.01473883517789719
5248	0.052521191458313084
5252	0.01844215348564507
5259	0.030912233134726515
5320	0.02736078693536475
5330	0.03435026759784528
5484	0.03590358537541401
5508	0.10683325041380617
5533	0.028257611943478554
5652	0.023852752794925516
5708	0.041052852255489686
5725	0.015098236395429718
5857	0.028138058712637873
5934	0.023479137656001323
5972	0.03046876945455678
5976	0.027084719815494505
5978	0.01515105186284419
6014	0.03046876945455678
6046	0.025398459894175194
6087	0.024779930172142365
6089	0.04612316181587127
6092	0.08210570451097937
6180	0.03138432663797407
6200	0.03243109649574634
6227	0.021122797153495725
6233	0.023852752794925516
6348	0.0068034815739681665
6353	0.01642138477174231
6379	0.02188018794876383
6388	0.01086323377854635
6488	0.01819693799505337
6554	0.00561805747365639
6559	0.012659560634444676
6605	0.15768230863290747
6612	0.012079858576899524
6696	0.030623651194937023
6708	0.03345657814825253
6732	0.01869587523653079
6744	0.01765484481448533
6760	0.023545788436051984
6805	0.011673370091507998
6827	0.014492518624541532
6958	0.062367102768324995
6986	0.03671899650148257
7001	0.008427295235401986
7069	0.035982542695108095
7088	0.04315722085600007
7119	0.01932453641511197
7133	0.010268658593121868
7187	0.013540010192562001
7206	0.024441068534795378
7247	0.018958714666614675
7250	0.041052852255489686
7327	0.00989753282158168
7377	0.016484717725452566
7441	0.027084719815494505
7591	0.010717222734015529
7726	0.0174148582632736
7738	0.06750672675164648
7743	0.04553069258337629
7808	0.014839732094220948
7811	0.03664980639556527
7821	0.016561565663866854
7862	0.024946841107329996
7868	0.03695931287555988
7894	0.024209648477082103
7924	0.12196890200276167
7946	0.018870047999684957
7964	0.03512097033574729
7975	0.02947767035579438
8036	0.008036250520252784
8089	0.012946971296138502
8140	0.016112692957326796
8286	0.028923062355307103
8306	0.024584854332650282
8376	0.045450308749733825
8388	0.012697363873406062
8392	0.023852752794925516
8407	0.018870047999684957
8416	0.04612316181587127
8460	0.04612316181587127
8471	0.04612316181587127
8505	0.017916221509690872
8516	0.06276865327594815
8521	0.021618913372779085
8542	0.033653082166789826
8636	0.03435026759784528
8645	0.011806372127530038
8661	0.033016601735236906
8665	0.04642863757732161
8761	0.01349760479578357
8849	0.04612316181587127
8899	0.025616831646537042
8929	0.02077161401396334
9068	0.025935204758113478
9235	0.02077161401396334
9260	0.07144641057179507
9267	0.04605997283520552
9272	0.019611432419948085
9275	0.051233663293074085
9276	0.06832332789597698
9278	0.02498035121498412
9306	0.015531839489349775
9307	0.014839732094220948
9420	0.0195145447722687
9422	0.023852752794925516
9443	0.008773627868129465
9449	0.02188018794876383
9509	0.021618913372779085
9652	0.012363968479832396
9767	0.5996011036063266
9891	0.05042099631781036
9894	0.054463945062626765
9983	0.030912233134726515
9998	0.004474021045649891
10101	0.028923062355307103
10135	0.01520425144612288
10155	0.023852752794925516
10156	0.1383694854476138
10169	0.02001234976229915
10178	0.014942040201917566
10203	0.19515876780394842
10290	0.09224632363174254
10327	0.033653082166789826
10329	0.012659560634444676
10403	0.014161042021839524
10441	0.04612316181587127
10452	0.008512353292144718
10476	0.037740095999369914
10655	0.028257611943478554
10658	0.02257737337981928
10660	0.06645221111842307
10661	0.022432518934303997
10682	0.022014410255112922
10696	0.015874788722174873
10727	0.016678074634033545
10747	0.019611432419948085
10776	0.028257611943478554
10794	0.02656200389250548
10829	0.1275560132607132
10857	0.04612316181587127
10861	0.07262894543124632
10873	0.004548284733850962
10880	0.01605248759311414
11016	0.0132891886903597
11071	0.024029024226996255
11105	0.04612316181587127
11113	0.1383694854476138
11123	0.028923062355307103
11186	0.02656200389250548
11202	0.01736220937392241
11203	0.018037911939438322
11305	0.008469700632180418
11306	0.015644378793072386
11316	0.014161042021839524
11372	0.016173397956829323
11404	0.01687668168791162
11446	0.05312400778501096
11514	0.027424267348324694
11516	0.0688697655120955
11528	0.04612316181587127
11536	0.017012146864106285
11544	0.008641824113780764
11574	0.16508300867618453
11576	0.2518777988657567
11597	0.04612316181587127
11660	0.03552001187699441
11680	0.06276865327594815
11784	0.03243109649574634
11857	0.013086546633242942
11876	0.004573207791891621
11878	0.04612316181587127
11889	0.013880425706462154
11982	0.02174838419441513
12055	0.0077996290119989615
12188	0.027834913636001057
12193	0.00925459330752649
12196	0.011446281463685383
12215	0.024209648477082103
12228	0.024584854332650282
12262	0.07575525931422096
12339	0.021003852899309523
12488	0.01953884506767873
12489	0.03753081469770802
12520	0.017507063819437695
12564	0.0265783773807194
12566	0.007722426074166775
12632	0.04044272284645155
12649	0.015476212525773872
12721	0.023852752794925516
12748	0.05476130078420461
12766	0.029112397260718837
12817	0.04612316181587127
12829	0.01864445341261312
12850	0.07246797129086155
