179
t_index	tf-idf
15	0.029498045280945136
44	0.03294651861057068
91	0.03141612328301715
316	0.05180399791729308
381	0.07283997157927882
394	0.05680476701264149
647	0.13889286812991547
729	0.04152938543933463
731	0.047864937745293046
742	0.04924640106271257
775	0.05753588911637281
790	0.1290249582950966
890	0.11659372212986523
902	0.021049907553835873
983	0.026518269822640366
1012	0.0512636347459776
1049	0.05352594967984497
1100	0.07831811463217155
1123	0.03355443848618554
1240	0.08127567362445598
1391	0.07045700105194266
1482	0.0941866395019315
1490	0.036809503990609775
1511	0.024575416091942647
1694	0.05868932238411564
1710	0.08305877087866927
1718	0.26261334581027057
1737	0.1608172451535446
1740	0.10953831707645315
1864	0.07461667000118702
2063	0.062167512998282416
2074	0.09169745088600123
2109	0.03585333419447748
2167	0.06944643406495773
2430	0.060003785640768116
2434	0.11753967475714092
2577	0.0741092886249216
2669	0.09706019687164215
2697	0.06585522701486153
2709	0.05153185842551405
2833	0.050481370705882815
3016	0.043353537151472825
3019	0.07283997157927882
3300	0.046787110166282175
3359	0.08337607022556731
3370	0.06585522701486153
3381	0.06644706161541482
3476	0.04406376492372962
3619	0.06034741240516751
3692	0.04200944349062876
3890	0.07045700105194266
4148	0.03943938175821021
4168	0.09706019687164215
4219	0.029581079824082267
4332	0.09169745088600123
4342	0.04217224997625071
4464	0.09706019687164215
4522	0.07877633895043137
4552	0.05949993810132919
4553	0.05909022437544297
4640	0.02852945214272542
4685	0.06972587894821132
4717	0.09572987549058609
4739	0.06265172786174945
4825	0.0765807189861434
4859	0.02900745843857065
5109	0.09708575030143145
5195	0.040604837744275125
5239	0.037560258770312965
5240	0.06314885663228803
5248	0.04461477718080296
5364	0.06902235303621447
5544	0.02489627124386401
5548	0.04902380498016726
5554	0.0941866395019315
5594	0.04106138033698658
5764	0.05829686106493261
5857	0.03585333419447748
5970	0.10168564349935164
5989	0.06528160562934991
6018	0.15068323409015458
6155	0.08776731015414328
6236	0.08753778193675688
6348	0.03467581058787019
6554	0.014316985701385027
6559	0.032261462158236116
6601	0.03365771423018949
6603	0.024011436885362298
6625	0.02753399629598876
6777	0.04442929083337835
6798	0.02852945214272542
6836	0.05236049369378006
6909	0.02432264985835238
6959	0.05137926910874872
6985	0.0306955998097877
6995	0.0683444156307918
7051	0.061695558065617176
7112	0.12069482481033501
7215	0.030087207496129035
7327	0.050445491720236796
7340	0.032357799448164894
7353	0.062167512998282416
7461	0.11753967475714092
7674	0.11753967475714092
7754	0.03345173175743207
7769	0.0306955998097877
7821	0.021102640896250215
7832	0.028372802278763085
7889	0.11753967475714092
7900	0.11753967475714092
7908	0.08753778193675688
8021	0.04233649089872551
8036	0.020479477885498764
8037	0.014725068595363273
8244	0.08126552756636166
8298	0.06418474668154744
8304	0.11753967475714092
8386	0.028217457845506447
8433	0.14741432323286546
8505	0.015219156465846885
8541	0.05382906569359722
8665	0.03943938175821021
8706	0.11753967475714092
8719	0.03051973790064377
8761	0.10319136949220817
8873	0.12629771326457606
9000	0.03958114079963372
9065	0.06314885663228803
9109	0.030345519584783452
9212	0.05868932238411564
9260	0.060691039169566904
9261	0.034833195074851594
9376	0.08151155930981024
9386	0.06528160562934991
9471	0.08264699088378118
9522	0.04461477718080296
9541	0.046169112439873115
9735	0.10827438423137652
9783	0.04217224997625071
9891	0.06046692759943132
9894	0.027759043988389732
9938	0.050227744696718195
9986	0.13020792248738808
10128	0.045286410486026156
10137	0.03915905731608577
10180	0.07201133631101281
10228	0.027608710721106846
10276	0.23507934951428183
10329	0.06452292431647223
10403	0.036087818092654336
10452	0.021692772090751943
10558	0.06174627323891444
10626	0.08264699088378118
10636	0.08998276075116479
10835	0.05753588911637281
10873	0.023181581109027564
10890	0.03718110215807702
10948	0.020125359858776358
10974	0.05208016925165562
11016	0.033865998230712326
11134	0.039723986127827286
11175	0.025961774046153383
11209	0.07589457541183818
11567	0.02991696682332493
11592	0.014837932052819884
11876	0.0349629124691184
11889	0.08843174767275007
11965	0.23507934951428183
12055	0.03975294932973366
12073	0.109981308807212
12196	0.029169557060966987
12512	0.04924640106271257
12525	0.04200944349062876
12537	0.02382717287321317
12566	0.019679731687025952
12632	0.05153185842551405
12739	0.0228160771846637
12834	0.056434915691012895
12835	0.15889594451130915
