36
t_index	tf-idf
91	0.1313393281231397
723	0.33974146631606217
738	0.12944307534554672
764	0.14246195836281325
1020	0.13487338096942605
1123	0.1402788423836866
1203	0.09910333816452173
1420	0.13690827840947611
1716	0.13690827840947611
1867	0.22129818649729457
2157	0.13899773719164069
2241	0.23599550073995137
2577	0.10327461569118061
3167	0.06476107811161078
3267	0.2914984134533213
3680	0.29455496772690215
3761	0.2598996481750758
4426	0.13249962961912753
4587	0.08519135154292354
4644	0.10796575364225233
5362	0.14796533679487098
5484	0.09562808079079407
6348	0.0724834446266334
6559	0.13487338096942605
7531	0.16029607278716645
8653	0.16850704368772154
8761	0.14380179900108564
9329	0.1654742818564603
9443	0.09347313766344674
9580	0.11960073453043289
9894	0.2321008326795467
11418	0.20488842254513684
11454	0.12981865267107467
11623	0.09660529916508985
12196	0.1219472559209112
12834	0.11796687711546025
