29
t_index	tf-idf
91	0.163336434465734
738	0.16097821342133067
764	0.17716877844975168
1020	0.16773145916530222
1123	0.17445380811183892
1203	0.12324705882664691
1420	0.1702621017162494
1716	0.1702621017162494
2157	0.1728605979345481
2577	0.12843454994684453
3167	0.08053828005721131
3267	0.36251374349383014
3680	0.36631494062139286
4426	0.1647794105488934
4587	0.10594581080308181
4644	0.13426855075577623
5484	0.11892515345080071
6348	0.09014198239242333
8653	0.20955901093470705
8761	0.17883503330071696
9329	0.20578740260397502
9443	0.11624521948184251
9580	0.14873806510848103
9894	0.2886456249483882
11418	0.25480368203539855
11454	0.16144528952179923
11623	0.12014044339656793
12196	0.15165624995680735
12834	0.14670616462291722
