128
t_index	tf-idf
3	0.03449189109202952
189	0.044796480547712215
604	0.049375983374678696
647	0.09129292731423588
865	0.05438692209235502
872	0.04062498132197161
902	0.055343595568527706
1023	0.0420342395661768
1116	0.08532846572284654
1203	0.06232514014715633
1258	0.15451536322377077
1511	0.09691908757620045
1710	0.21837487942270892
1716	0.043050152483315576
1737	0.03523453548612174
1740	0.07199846726205297
2430	0.03943990296145214
2521	0.08984423538118207
2530	0.0756355573008665
2537	0.05699171410705381
2540	0.11507546026231866
2577	0.19484524989191937
2697	0.2597159897730704
2991	0.06292231330976869
2994	0.16099734971202684
3046	0.11507546026231866
3167	0.020363810867230835
3187	0.05889600303763275
3365	0.03845297537536254
3370	0.08657199659102348
3392	0.10355783824921032
3593	0.06810052496038325
3808	0.04397499392135882
3822	0.0916602801057607
3929	0.07285839372299524
4136	0.05631410256082056
4138	0.060428088738739366
4148	0.05184624179267248
4219	0.03888671040662159
4304	0.04397499392135882
4342	0.05543881703354936
4417	0.06016599651284464
4461	0.11273984718045951
4640	0.03750426117408147
4895	0.03298475573028405
4949	0.053442662265256013
5041	0.05914479085496702
5109	0.06381351659630408
5296	0.09262139895905334
5447	0.08735001081015274
5548	0.03222286878355363
5653	0.10864612176394753
5654	0.08657199659102348
5893	0.13206130192050547
5970	0.10025547228462935
6006	0.06774277569396193
6391	0.047595931884760224
6474	0.11765736073913086
6569	0.07467443844757388
6601	0.04424577446130505
6708	0.028020386728034523
6716	0.08172419969253414
6779	0.151271114601733
6798	0.1125127835222444
6805	0.039106491158075615
6828	0.05166129457874769
7321	0.10115999809342688
7743	0.03813263892464426
7757	0.05501262560386615
7780	0.07329994421900739
7811	0.024555810678802966
7975	0.049375983374678696
8037	0.058071863663275984
8089	0.04337313171323368
8105	0.04608277291911896
8386	0.03709411955800042
8407	0.06321579453640136
8621	0.0889843089202398
8636	0.11507546026231866
8719	0.04012065200074716
8761	0.13565336105950213
8855	0.09262139895905334
8922	0.07157956151386406
9109	0.03989162800173566
9124	0.06958615493283665
9198	0.12381591869755572
9329	0.052032595462793346
9376	0.053576752784600036
9443	0.029392180489407182
9458	0.06381351659630408
9495	0.024555810678802966
9563	0.1763070763818105
9721	0.28915856562108844
9823	0.08657199659102348
9891	0.009936080413226555
10137	0.05147773275021635
10171	0.052792513393450605
10403	0.04744034158730802
10464	0.08581792510904614
10477	0.04564646365711794
10558	0.04058522306165149
10586	0.13752952156558396
10695	0.06016599651284464
10736	0.07821745777767872
10948	0.10582562168946286
11032	0.06206238684882641
11134	0.05222037714430857
11316	0.04744034158730802
11404	0.05653789762787461
11432	0.08110377694594499
11544	0.057901259986790084
11713	0.07767885610718848
11775	0.02976631584104326
11857	0.04384071747840453
11889	0.06975039010649137
12063	0.08172419969253414
12193	0.031003443608427342
12196	0.03834573061108456
12482	0.24763183739511144
12512	0.06473835803434731
12525	0.11044958960784636
12537	0.09396820976509734
12737	0.060428088738739366
12739	0.029993569922786605
12748	0.03669072955170171
12834	0.11128235867400127
12835	0.10444075428861714
12839	0.046229952878214534
