168
t_index	tf-idf
40	0.10464082567636267
44	0.028971046194203928
295	0.09199482507091095
469	0.03518485750035103
598	0.11480887766471906
872	0.013587221156883015
1071	0.08282166368290605
1116	0.028538517361158526
1223	0.05691509229356282
1397	0.05552903674678994
1587	0.05026875215437033
1706	0.04654685101446301
1716	0.0863899881689778
2057	0.017696945071353266
2116	0.05842926575288171
2165	0.07697508663067831
2199	0.0691134776534844
2349	0.028034111664943063
2594	0.06481333002960157
2650	0.054666106368948954
2664	0.03843159807525697
2665	0.05345133651548959
2689	0.038276223530926495
2801	0.025507290416130687
2891	0.03367706944868252
3066	0.0883370801447903
3077	0.11039542953777656
3115	0.03183737846232155
3167	0.02724309947685902
3199	0.051262504389382485
3365	0.0257215665614426
3378	0.03843159807525697
3433	0.028453364485521097
3543	0.07870214479252594
3592	0.06405077897155202
3593	0.31887169145615596
3981	0.022471456289393035
4006	0.0883370801447903
4059	0.04095841932406935
4062	0.049331817625109464
4186	0.06332213049373141
4200	0.0288836225645909
4209	0.03637993739144597
4219	0.026011696112346144
4344	0.03752070309348546
4359	0.046804996376297085
4457	0.02966735275574165
4505	0.0443900656076491
4527	0.054666106368948954
4553	0.05196013697961944
4572	0.03796982411099749
4587	0.03583752050347402
4644	0.022709024095466657
4708	0.026532117336652866
4717	0.04208934300137761
4787	0.08282166368290605
4895	0.02206382163532196
5001	0.07697508663067831
5450	0.03637993739144597
5474	0.10221305282873591
5515	0.02593868088383673
5583	0.30166707286773875
5665	0.05740443883235953
5762	0.12962666005920315
5769	0.04310837619852149
5781	0.05842926575288171
5867	0.19936166172891312
5882	0.07114723247220218
5934	0.02630705350309545
6057	0.07870214479252594
6460	0.14620704942171034
6478	0.10335681858502292
6559	0.0283686516783884
6592	0.08534848493171844
6601	0.029596425809957368
6660	0.039900510875270516
6671	0.03812230792404502
6702	0.051607609592814865
6970	0.07145967016879406
7248	0.05740443883235953
7296	0.03015213637339969
7327	0.022179257969420364
7339	0.09671047844583042
7356	0.051262504389382485
7488	0.06927083804268697
7565	0.054251099602454354
7738	0.037818745698705074
7743	0.07652187124839206
7747	0.23610643437757783
7918	0.0883370801447903
7926	0.04507793821444948
7932	0.04733381293584362
7939	0.10464082567636267
7968	0.09927643409007694
8037	0.02589655359533003
8105	0.09247563545377177
8186	0.07398649141760645
8212	0.029964798429216087
8250	0.12262489301628292
8386	0.024812614783004214
8598	0.04706727223876973
8608	0.07398649141760645
8631	0.08282166368290605
8651	0.024081009348073123
8777	0.025086962470658194
8829	0.09671047844583042
9153	0.09199482507091095
9261	0.03063006794537198
9266	0.08534848493171844
9278	0.11195631552860395
9329	0.034805105573660365
9330	0.05092451526667721
9458	0.04268547748591697
9495	0.01642561889371242
9578	0.06131244650814146
9780	0.07870214479252594
9799	0.060693811139221454
9845	0.15971059670362495
9885	0.053065627150355225
9891	0.026585360556770007
9894	0.024409515166089586
9986	0.028624114901347565
10087	0.11720476924956927
10094	0.07541277248566401
10196	0.07870214479252594
10224	0.033368400408782556
10452	0.019075226422250097
10475	0.08537095497183395
10477	0.03053336033921823
10527	0.07398649141760645
10708	0.06481333002960157
10773	0.058294609584890675
10895	0.0883370801447903
10904	0.05952246354081616
10920	0.03407101760957863
11057	0.0443900656076491
11075	0.10335681858502292
11089	0.23273425507231507
11127	0.03973064519250038
11135	0.05552903674678994
11153	0.08311878870723333
11157	0.06131244650814146
11186	0.05952246354081616
11372	0.03624276594914987
11374	0.0443900656076491
11541	0.038276223530926495
11543	0.051607609592814865
11553	0.08969085042778771
11592	0.013047521651977603
11646	0.10335681858502292
11663	0.029147304792445337
11833	0.03102270687801493
11876	0.020496088710705265
11991	0.06405077897155202
12066	0.07032874649148581
12220	0.07870214479252594
12405	0.042889106088342364
12489	0.028034111664943063
12504	0.037669047017207434
12555	0.05092451526667721
12591	0.035971819421731645
12667	0.1239106963808914
12680	0.06734015127841395
12739	0.06018896569017174
12748	0.024542783312332606
12758	0.05952246354081616
12766	0.013047521651977603
12778	0.07032874649148581
