120
t_index	tf-idf
176	0.12077234238635626
181	0.2613396825907549
240	0.052086435538407125
348	0.0786623850290497
375	0.08034571521593852
385	0.07302068599343273
389	0.08639578437101941
407	0.09875717325001616
551	0.07124241027126885
634	0.05231627826707278
717	0.06491004962479474
847	0.056951379877330496
1478	0.18647909546528937
1808	0.08525872906228774
2002	0.06290563838677429
2087	0.12755626972999276
2130	0.06449359244491865
2264	0.0537507250718063
2349	0.03596708680418258
2437	0.06368463115941506
2537	0.1956399938285955
2554	0.11802713417164258
2762	0.044494180352696665
2909	0.04101189051108188
2913	0.13425164689878596
3202	0.06533492064768873
3294	0.07389084271386683
3313	0.09168102740966566
3468	0.13260429687523756
3862	0.06908355231454327
3873	0.13260429687523756
3900	0.10534602412490757
4457	0.01903124779855999
4564	0.0340400644312012
4617	0.05119138980874856
4620	0.05904487892780295
4648	0.12407720332672345
4661	0.10625819011326064
4695	0.05753559523184821
4717	0.053999608453961595
4845	0.07013529148053561
4856	0.05555812877694062
5116	0.14027058296107123
5348	0.10625819011326064
5381	0.07181862166742443
5415	0.06759843660480576
5448	0.05119138980874856
5792	0.05075775794409375
5855	0.05163415143275782
5912	0.10950004062312847
5925	0.04890999845714888
6042	0.25634088930181886
6043	0.15420772941214134
6238	0.08034571521593852
6408	0.09323954773264469
6559	0.0363962935451298
6574	0.07565291699790708
6580	0.04417792777141584
6603	0.1083555731024914
6620	0.045640088703168304
6804	0.15573738164501064
6827	0.04166605597921783
7001	0.024228511560237025
7136	0.07496333389677311
7195	0.05844352328983775
7327	0.08536635362368854
7366	0.038927589969567175
7618	0.12407720332672345
7726	0.025033897767050707
7787	0.11333433595361114
7818	0.07241106648803922
7854	0.1009729470746144
8037	0.016612325766276307
8111	0.06808191537675713
8112	0.03694542135693341
8176	0.06329152811891034
8388	0.07300995605304203
8505	0.017169739037968913
8635	0.08639578437101941
8651	0.03089535220185252
8724	0.032816474616780694
8731	0.05939242410742327
8754	0.05141160543706632
8805	0.05032117461774032
8877	0.028733904998586583
8948	0.14604137198686545
9458	0.05476443457039625
9549	0.06178871749829067
9570	0.05141160543706632
9704	0.052086435538407125
9820	0.07193417360836515
9826	0.1222566318002907
9891	0.008527093548514091
10209	0.07389084271386683
10452	0.0244730538544746
10636	0.05075775794409375
11046	0.050973456248724784
11109	0.07786869082250532
11135	0.07124241027126885
11153	0.0710929295524405
11490	0.12407720332672345
11577	0.049711253476409145
11660	0.0340400644312012
11711	0.17085413963199148
11720	0.06178871749829067
11775	0.02554530048220186
11943	0.07710386470607067
11963	0.11802713417164258
12015	0.13260429687523756
12045	0.07948721232838972
12052	0.06072813645689263
12053	0.2481544066534469
12470	0.07364850575988664
12517	0.06252670200247569
12548	0.08887280876445261
12590	0.0454725149054475
12699	0.042958432528253224
12708	0.13260429687523756
12742	0.042958432528253224
12829	0.01340072177441194
