309
t_index	tf-idf
278	0.04618260651474408
304	0.03362187369624286
355	0.04511960208066915
393	0.023486465239354045
551	0.07843712607834588
631	0.025501147908324636
717	0.0714652652371728
801	0.042445262127219115
805	0.062389941359017126
838	0.05436529182447185
871	0.04382089287408885
872	0.00959626387719044
908	0.0352785696340183
982	0.03287470335763097
1020	0.020035963513261038
1023	0.039716611959244114
1105	0.024063380714186008
1163	0.045237224702068334
1206	0.02629305462864211
1213	0.05132786870310883
1253	0.03695240417164966
1301	0.024444173304857892
1320	0.03831599275538131
1328	0.060279182436673566
1358	0.031351427799569176
1387	0.034629215030728154
1395	0.03644897172169729
1411	0.03953576430844458
1444	0.05558506337753512
1478	0.05132786870310883
1497	0.022559801040334573
1511	0.015262548787351444
1518	0.06830383197121884
1555	0.02747872565016296
1589	0.030733834868020685
1705	0.060279182436673566
1807	0.042866294783851386
1808	0.04693447102136547
1906	0.02589033151574138
2057	0.012498843785936391
2069	0.03543640144896808
2076	0.022559801040334573
2082	0.04967117276533339
2087	0.14043807856582138
2173	0.036205233833037774
2215	0.06497330149581203
2322	0.0398619019904242
2349	0.01979968751470088
2430	0.0372653184117709
2436	0.03324226191416539
2437	0.07011609271055935
2461	0.04375728215313167
2506	0.033291820856265704
2537	0.18847283455228428
2553	0.09934234553066679
2560	0.042866294783851386
2654	0.06497330149581203
2657	0.04472260121974298
2702	0.023895593399216694
2722	0.04472260121974298
2778	0.02703339682073441
2813	0.020711743355834592
2814	0.0398619019904242
2872	0.030436969318167764
2893	0.05436529182447185
2909	0.06773047433011323
2913	0.110857212514949
2918	0.08014385405304415
2991	0.02972649353353539
2995	0.09934234553066679
3016	0.02692469065032632
3207	0.060582686441672105
3216	0.027707983084041134
3218	0.03596652182771674
3268	0.0398619019904242
3294	0.02033825541525847
3413	0.06497330149581203
3432	0.04951991806615853
3548	0.06497330149581203
3564	0.1169891223926193
3597	0.040197494243846686
3598	0.042866294783851386
3651	0.026604565496182887
3709	0.048924002426721507
3728	0.06497330149581203
3840	0.03119391350462768
3866	0.06497330149581203
3900	0.07249052341746624
3901	0.030147526190167657
3971	0.04967117276533339
4036	0.06830383197121884
4073	0.062389941359017126
4110	0.0398619019904242
4120	0.07011609271055935
4144	0.03058445057487984
4176	0.09155158520525186
4177	0.04577579260262593
4220	0.04472260121974298
4260	0.020461417450102996
4280	0.03644897172169729
4344	0.02649979444548922
4417	0.02842432218715202
4421	0.03305702400894219
4430	0.018792346180215583
4472	0.018166403358591206
4587	0.012655505474029301
4598	0.02015593476394724
4620	0.016251943874112915
4644	0.01603873117964074
4682	0.02559722416169759
4713	0.045237224702068334
4744	0.031351427799569176
4840	0.050469911661764386
4845	0.11582730032827532
4856	0.03058445057487984
4859	0.01801506627433696
4895	0.015583043221796291
4949	0.012624003081561919
4968	0.031038513559447943
4990	0.013105783642319473
5116	0.2702637007659758
5304	0.0357326326185864
5314	0.01928506403237553
5345	0.03251845610838461
5381	0.03953576430844458
5448	0.028180584298492507
5548	0.030446207398975488
5728	0.0389098214868202
5769	0.045669311098463235
5885	0.05734660430130491
5890	0.04967117276533339
5934	0.018579915961637623
5972	0.04822214377839196
5992	0.04756041384298985
6042	0.24694998743812813
6043	0.16978104850887646
6102	0.034215702427681745
6155	0.02725392009947304
6238	0.17691953347033218
6246	0.02736577722170508
6298	0.02449380657383934
6391	0.02248582556762513
6408	0.05132786870310883
6416	0.11117012675507024
6547	0.08917948060060618
6554	0.008891556177022144
6559	0.020035963513261038
6574	0.04164652323078812
6603	0.04473686942424617
6614	0.03983444551725241
6660	0.028180584298492507
6702	0.03644897172169729
6804	0.042866294783851386
6824	0.030291343220836053
6909	0.01510556845556242
6922	0.050469911661764386
6947	0.025311354771058274
6958	0.019741364358160055
6973	0.06830383197121884
6985	0.019063485554065618
7001	0.040012995251805475
7112	0.03747872762676299
7119	0.03058445057487984
7327	0.046993717762594304
7340	0.020095793734734333
7374	0.03831599275538131
7416	0.022634252242825205
7501	0.03224709128042179
7531	0.023812602921333668
7651	0.025217612379620117
7655	0.05436529182447185
7658	0.11389730392253354
7720	0.06830383197121884
7726	0.05512410340722195
7754	0.020775179799970653
7757	0.02598970656443181
7780	0.06925843006145631
7811	0.023201885275913072
7852	0.06830383197121884
7909	0.060279182436673566
7929	0.06087393863633553
7975	0.023326778265023912
8003	0.11009385505559316
8037	0.02743498750861594
8041	0.03269520949722338
8089	0.02049084103210254
8103	0.01595453355696872
8109	0.06177034390454988
8111	0.03747872762676299
8112	0.061014766245775405
8140	0.025501147908324636
8144	0.03644897172169729
8171	0.12380073434613195
8177	0.05436529182447185
8292	0.03058445057487984
8371	0.033430511949518314
8386	0.03504887367203321
8388	0.060287381204202996
8414	0.02373020312801356
8463	0.05849456119630965
8464	0.02629305462864211
8509	0.027941872293171473
8609	0.06497330149581203
8645	0.01868564383881957
8724	0.07226116991724907
8731	0.16347604748611697
8754	0.02830181181548002
8805	0.041552303286129307
8874	0.03324226191416539
8877	0.02372678984872455
8899	0.04054310564292988
8903	0.09784800485344301
8933	0.027707983084041134
8936	0.040899352892176236
8943	0.03953576430844458
8948	0.040197494243846686
8965	0.02725392009947304
8970	0.10265573740621765
9026	0.02184049382489148
9109	0.018846068420877545
9113	0.030733834868020685
9186	0.024940855246112677
9259	0.060279182436673566
9364	0.03362187369624286
9391	0.040899352892176236
9443	0.01388579690249916
9495	0.023201885275913072
9503	0.025501147908324636
9507	0.04164652323078812
9510	0.03058445057487984
9522	0.05541596616808227
9704	0.028673302150652454
9820	0.01979968751470088
9821	0.03831599275538131
9891	0.05163530965052308
9998	0.014161837842034307
10038	0.034629215030728154
10128	0.04218765087401381
10131	0.02021638984695561
10133	0.028548142855026926
10137	0.09727884492656107
10185	0.032344360766185534
10193	0.05849456119630965
10203	0.0772182002188502
10205	0.03831599275538131
10382	0.060279182436673566
10452	0.026944568598905493
10520	0.03921856303917294
10636	0.11176748917268589
10717	0.04693447102136547
10781	0.03362187369624286
10835	0.0357326326185864
10867	0.04438912370230013
10873	0.014396908329884951
10880	0.12702931207486526
10890	0.02309130325737204
10906	0.048924002426721507
10920	0.024063380714186008
10948	0.012498843785936391
11016	0.04206491953542715
11049	0.042445262127219115
11127	0.028060613047806306
11135	0.03921856303917294
11153	0.05870441206316748
11175	0.03224709128042179
11180	0.10861570149911332
11202	0.02747872565016296
11220	0.12477988271803425
11235	0.045237224702068334
11305	0.026809558046254386
11418	0.030436969318167764
11514	0.021701843998990125
11557	0.04375728215313167
11561	0.06830383197121884
11577	0.05473155444341016
11730	0.05849456119630965
11788	0.062389941359017126
11817	0.03921856303917294
11819	0.04822214377839196
11861	0.042445262127219115
11876	0.028951597011224704
12052	0.06686102389903663
12055	0.024688547543457225
12056	0.044229883367583045
12068	0.040899352892176236
12169	0.06497330149581203
12434	0.16518922092885746
12435	0.09755536832515384
12486	0.05436529182447185
12489	0.01979968751470088
12504	0.026604565496182887
12572	0.04967117276533339
12576	0.0357326326185864
12590	0.025032374474396928
12612	0.01956813735438916
12638	0.04934111992535624
12643	0.03119391350462768
12666	0.02270918533347542
12674	0.029320237039838614
12693	0.060279182436673566
12699	0.02364838567025296
12742	0.02364838567025296
12748	0.017333862621831283
12766	0.027645268875079412
12767	0.03596652182771674
12786	0.04164652323078812
12829	0.007377025141050604
12839	0.02184049382489148
12878	0.06830383197121884
