171
t_index	tf-idf
91	0.034365383150546935
304	0.05921944388205628
319	0.08722125469439862
536	0.12587440255306026
554	0.04761491701593466
610	0.08748766516427924
612	0.04314184322272051
647	0.15193175132283648
729	0.045428050742370794
731	0.05235836739866838
764	0.03727565728770311
790	0.04704582301949449
863	0.0452559719884327
872	0.016902252839531284
902	0.0690780461854957
918	0.03648035604563765
1116	0.03550138991145353
1203	0.025930726433508994
1271	0.08266741163489476
1420	0.03582251798648022
1497	0.03973540807892987
1511	0.10752995619166891
1605	0.10281953585762918
1675	0.05235836739866838
1710	0.18171220296948318
1737	0.14659527416146123
1740	0.23964295034666613
1947	0.07335355452316776
2057	0.022014673687105076
2121	0.048803090635418656
2126	0.07967798921103755
2157	0.036369232003161035
2167	0.07596587566141824
2223	0.07790372183478797
2233	0.08217262659987452
2475	0.1030286240280969
2508	0.07335355452316776
2577	0.054044310849914026
2588	0.07141006450494349
2615	0.028853835916552197
2661	0.06698385630654737
2685	0.06293720127653013
2775	0.09381209985214904
2801	0.031730599427712405
2871	0.12030605375812242
3059	0.09575558987037332
3167	0.03388991392527006
3181	0.03846846580011064
3267	0.07627155406724691
3365	0.03199715500546624
3370	0.07203753589977058
3593	0.05666721578344082
3680	0.07707131191764162
3692	0.0919063506653046
4064	0.10030575718199353
4148	0.08628368644544102
4342	0.04613126564657771
4457	0.018452820174458137
4540	0.06508562981707368
4587	0.02229060768561757
4640	0.031207719206078725
4644	0.02824960766949342
4825	0.08376990776980538
4990	0.046167398399538796
5135	0.04984902304105158
5195	0.08883341806862127
5248	0.048803090635418656
5324	0.06099371125830586
5476	0.07877156392649548
5484	0.05004282697785642
5548	0.08043903888764634
5649	0.10030575718199353
5654	0.07203753589977058
5769	0.026813012962548784
5970	0.1946553245764349
6019	0.03896583707539426
6168	0.08506621028465866
6348	0.03793108099853075
6388	0.030282598393199155
6488	0.10145239926225463
6554	0.031322050448851356
6559	0.03529008013105109
6601	0.036817408534850715
6603	0.026265565013450114
6609	0.05921944388205628
6612	0.03367408944593669
6614	0.035080937668642856
6760	0.03281838859384319
6798	0.031207719206078725
6844	0.07550198306371131
6986	0.05117935630970445
7133	0.05725029407477115
7215	0.06582342475676602
7248	0.07141006450494349
7321	0.16835275334360425
7338	0.2060572480561938
7574	0.033384847556186606
7575	0.06853330099378328
7700	0.15536140920789984
7754	0.036592088990015835
7779	0.20943346959467352
7811	0.020433167340230398
7821	0.023083699199769398
7884	0.11443986782310502
7897	0.1030286240280969
8089	0.012030424216882479
8105	0.03834599569424995
8140	0.04491611059897009
8156	0.0521170484718206
8351	0.07707131191764162
8414	0.04179688036262632
8645	0.03291171237838301
8681	0.07627155406724691
8761	0.0752524623207599
8777	0.031207719206078725
9006	0.06419891570983188
9036	0.043929246506648645
9109	0.033194274100561694
9260	0.033194274100561694
9376	0.04458182095934181
9392	0.10988970051148482
9426	0.03999852413380647
9443	0.024457565269988817
9495	0.020433167340230398
9539	0.03727565728770311
9572	0.1285739784642165
9580	0.03129394010125931
9894	0.06072997447585035
9997	0.048399291077346744
9998	0.049887532677683505
10099	0.12410272753941279
10128	0.024768887520672037
10178	0.04165277226228068
10203	0.06800362936115284
10228	0.03020054109401656
10442	0.06376961119367648
10477	0.07596587566141824
10695	0.05006480506872039
10783	0.0708013264245523
10863	0.10617194311701092
10890	0.0406715625002867
10948	0.022014673687105076
11015	0.1285739784642165
11134	0.043453165473403735
11209	0.0830193509103589
11454	0.03396749323208437
11623	0.10110842403789091
11775	0.024768887520672037
11795	0.05235836739866838
11814	0.05696931332854745
11817	0.06907709885581781
11857	0.03648035604563765
11876	0.012748378406805743
12193	0.025798315505064555
12196	0.06381583085229103
12296	0.10030575718199353
12332	0.0726849303165336
12339	0.058550819675422125
12480	0.16482896464411897
12489	0.03487391851662643
12525	0.0919063506653046
12537	0.07819200839700008
12566	0.02152721115944308
12612	0.03446608069508369
12739	0.04991597641630584
12800	0.1030286240280969
12820	0.07877156392649548
12834	0.03086643573618251
12835	0.043453165473403735
12839	0.03846846580011064
12876	0.1285739784642165
