160
t_index	tf-idf
102	0.05241136925593321
240	0.049848435899026315
278	0.0401441502692042
578	0.06469393229038192
612	0.04258239739894753
633	0.04899184762953947
729	0.08967791662422168
847	0.054504348009816316
984	0.06133167040792619
1022	0.04899184762953947
1122	0.09250388886427877
1507	0.04796996388074694
1557	0.289903317116406
1591	0.06661221992287068
1675	0.05167940544913975
1676	0.08505420778111324
1808	0.08159541436388092
1840	0.04588928982029539
1906	0.04501025114533618
2057	0.021729196379323065
2069	0.030803030234186915
2087	0.040691851723186054
2088	0.08505420778111324
2264	0.05144121584769251
2440	0.0857793650993673
2451	0.06020276969227876
2534	0.0704840479192263
2535	0.06873278851852321
2615	0.028479671142923685
2634	0.050290800660280674
2665	0.06563023070927913
2674	0.07174238179103622
2685	0.12424211464953505
2778	0.04699746619594204
2814	0.069299777742471
2837	0.08056304518301008
2918	0.0696649055360578
3005	0.08159541436388092
3167	0.03345044334642532
3238	0.040831137998244456
3305	0.04899184762953947
3517	0.09259558281066069
3729	0.05653322265908692
3731	0.07607188258490691
3809	0.03535798618654974
3900	0.07561471345455492
3901	0.05241136925593321
3902	0.0651566374135687
3946	0.04588928982029539
4023	0.11186475689159137
4262	0.06379926115916569
4304	0.07223515541449546
4336	0.062121057324767526
4365	0.056230558513174024
4472	0.06316445790433553
4587	0.022001552178306443
4673	0.11127710305574137
4737	0.05167940544913975
4920	0.03760913303473916
4974	0.1016925908608529
4990	0.06835307761570156
5332	0.05120581215342932
5369	0.025140704154757217
5494	0.08383402896607445
5679	0.09451387044314945
5792	0.09715369527979137
5842	0.0379696224283121
6403	0.0826836137786626
6421	0.06294267288967885
6428	0.09476169029557362
6554	0.015457939438021588
6569	0.12266334081585238
6603	0.07777489164312736
6614	0.0346260223797563
6847	0.0826836137786626
6958	0.06864058632637621
7001	0.02318748428367168
7006	0.07379094034057414
7103	0.05653322265908692
7117	0.10846469570328883
7170	0.055348952482331605
7247	0.05216441172299504
7321	0.04154240587887591
7343	0.33704072823188536
7356	0.1258853457793577
7358	0.15916211193883706
7366	0.03725498689328994
7700	0.03833668645772639
7726	0.023958265434067517
7731	0.06294267288967885
7755	0.056230558513174024
7821	0.04556871841046771
7975	0.040553522749676926
8010	0.057791556530896834
8089	0.023748837166577948
8112	0.17678993093274872
8203	0.08383402896607445
8388	0.03493646739962821
8719	0.09885577941594316
8805	0.024079511502054014
8810	0.10479514867009698
8842	0.10846469570328883
8877	0.02749929432960691
8955	0.12266334081585238
9006	0.06336641035999778
9010	0.07174238179103622
9014	0.08383402896607445
9130	0.06379926115916569
9139	0.04757530836510783
9381	0.09106610842461428
9461	0.09451387044314945
9522	0.04817023206462814
9553	0.08083227601720135
9650	0.07689349814981823
9692	0.11558311306179367
9826	0.029250906740555707
9891	0.04896425778777004
10184	0.06294267288967885
10216	0.06661221992287068
10217	0.030803030234186915
10228	0.029808912797017095
10357	0.048576847639895684
10452	0.02342151932087276
10541	0.043359589958300346
10629	0.09900503304125262
10636	0.048576847639895684
10677	0.07775008641930506
10687	0.06172249407464005
10696	0.043679069466524986
10697	0.06873278851852321
10727	0.04588928982029539
10910	0.10846469570328883
11032	0.20389251980053436
11034	0.112955858301392
11035	0.08774176560071353
11153	0.034019138620607556
11174	0.05984011508043477
11400	0.054504348009816316
11543	0.12673282071999556
11660	0.03257746383021837
11702	0.04518301432128921
11775	0.02444769469144111
11783	0.07174238179103622
11814	0.056230558513174024
11816	0.10479514867009698
12055	0.021460476948102176
12188	0.025529014329564077
12193	0.05092754694734688
12231	0.1016925908608529
12294	0.07607188258490691
12371	0.046808480897389926
12420	0.04837251302779191
12434	0.035897610638886926
12564	0.07312971606975259
12566	0.02124805506686596
12739	0.024634343198347845
12766	0.016020401210275734
12829	0.012824932508193828
12867	0.10738752768720432
12868	0.04288968254968365
