336
t_index	tf-idf
44	0.019315395140855243
91	0.018418177719408756
140	0.048453049167104204
184	0.05083333451600401
190	0.019977943430022935
250	0.02742965140087717
258	0.03931394559575983
278	0.021797983830842263
316	0.030370877769389487
320	0.0465775760831166
355	0.021296250489769766
534	0.03616995460305277
543	0.07180019290811797
554	0.02551928491099705
601	0.03794607518689986
607	0.02363033770587587
618	0.032492750555482494
644	0.029300079305234678
647	0.06107103443659298
705	0.04489660546148168
706	0.17203751719529536
716	0.030697131840240373
720	0.046889143013270206
731	0.028061544130679184
748	0.03289020161916798
750	0.046183820893577934
790	0.02521427814533505
831	0.034882739170956516
848	0.04175261446877461
858	0.045915179952331464
865	0.02425500484880443
866	0.03616995460305277
872	0.018117574612399684
890	0.03417741705126423
902	0.16043074928574438
918	0.019551700557867004
939	0.04087785174959383
1006	0.026716657325974776
1020	0.01891377042817956
1023	0.01874606330474323
1049	0.06276079609965395
1051	0.029746210626460927
1052	0.034882739170956516
1120	0.055218342808013625
1146	0.05690300930379536
1154	0.03827232925775075
1171	0.02416355076073908
1173	0.036446645324790514
1203	0.11118088822196368
1225	0.03827232925775075
1265	0.06347749635649892
1391	0.04130648314754836
1463	0.04321193896569994
1490	0.02158012878147918
1511	0.014407709602874567
1515	0.038608623476067555
1552	0.040067947972992866
1605	0.13776570423766654
1654	0.025114471974518528
1691	0.04087785174959383
1710	0.12173615355223937
1718	0.05132034943807352
1737	0.04714077187214376
1806	0.1119642241319139
1840	0.024917553137972122
1846	0.048453049167104204
1867	0.031033426058557176
1879	0.02354394437258861
1887	0.046889143013270206
2075	0.03373128573003798
2126	0.08540707136510811
2167	0.020357011478864328
2200	0.04430572103401031
2279	0.04430572103401031
2355	0.046183820893577934
2429	0.036446645324790514
2430	0.017589063708035535
2493	0.030440965868737468
2506	0.04714077187214376
2521	0.040067947972992866
2576	0.03464253829863779
2577	0.13034307603038622
2696	0.03417741705126423
2712	0.03138039804982697
2716	0.04869446142089575
2762	0.023121934422729994
2772	0.04430572103401031
2787	0.036446645324790514
2891	0.011226482799876692
2909	0.021312320744704887
3025	0.04552127260441024
3167	0.018163349287760096
3216	0.02615608831252761
3276	0.03702197288166627
3346	0.037321408043971306
3359	0.024440241482476827
3365	0.01714892235667587
3370	0.038608623476067555
3381	0.03895559546733734
3415	0.06133421572859868
3433	0.01897024962234779
3505	0.048453049167104204
3513	0.0537590183110883
3514	0.036730523616499935
3515	0.048453049167104204
3624	0.13953095668382606
3716	0.04489660546148168
3729	0.030697131840240373
3731	0.12391944944264509
3808	0.019611583993988026
3809	0.03839826256214511
3824	0.07011953989427651
3825	0.035900096454058984
3912	0.048453049167104204
3939	0.02425500484880443
3981	0.0149820291166054
4011	0.022715616259371053
4023	0.030370877769389487
4087	0.029300079305234678
4098	0.03330265433208346
4130	0.013616471415350712
4138	0.02694919162502365
4148	0.04624386884545999
4162	0.03373128573003798
4191	0.03512833826504368
4197	0.04430572103401031
4219	0.017342355720461746
4287	0.050278733100064435
4292	0.03895559546733734
4298	0.01784146984049163
4304	0.03922316798797605
4342	0.049448239548372484
4359	0.09361660537015873
4398	0.05132034943807352
4417	0.026832306021548694
4457	0.009889816153324401
4472	0.01714892235667587
4501	0.029595467550349225
4553	0.03464253829863779
4564	0.017689327711731536
4640	0.08362911538581463
4644	0.01514041884186068
4700	0.03968444547501456
4701	0.04430572103401031
4920	0.020421487770588984
4949	0.01191694604610666
4968	0.029300079305234678
5091	0.07588099848939116
5169	0.11043668561602725
5179	0.06890941314610906
5239	0.02202027013283885
5248	0.07846826493758283
5314	0.018204928031520785
5362	0.020749701619038236
5437	0.050278733100064435
5471	0.0588955468555839
5474	0.022715616259371053
5476	0.04221773571614816
5484	0.013410263415688316
5548	0.07185236896291879
5652	0.03563674154818956
5654	0.11582587042820265
5656	0.07946690353706981
5694	0.05690300930379536
5719	0.05690300930379536
5725	0.022557226534115772
5760	0.05690300930379536
5797	0.05718951437108478
5806	0.037321408043971306
5842	0.020617230909243014
5885	0.10826936352450964
5970	0.13413318162702267
5978	0.0226361344563241
6006	0.06042266374766895
6019	0.0835351911074172
6141	0.042703535682554056
6143	0.06447820672130573
6248	0.048453049167104204
6263	0.06133421572859868
6331	0.0588955468555839
6348	0.010164609366636861
6353	0.04906810127998762
6391	0.021226418304897975
6477	0.048453049167104204
6488	0.13593390705749203
6494	0.05690300930379536
6530	0.04087785174959383
6554	0.00839354953756786
6601	0.019732344335935768
6620	0.07115225831853847
6625	0.032284444044004906
6689	0.21872576010281572
6726	0.021088078486193734
6755	0.02081654402770238
6760	0.017589063708035535
6798	0.016725823077162926
6909	0.028519043146246734
6959	0.015060937038813723
6985	0.035991519857966614
7070	0.05690300930379536
7133	0.03068337943849659
7183	0.06447820672130573
7215	0.03527816145564935
7281	0.022957589976165732
7296	0.020102844215190496
7321	0.045114453068231544
7324	0.07289329064958103
7327	0.044361649428044284
7328	0.05247180287899206
7340	0.01897024962234779
7417	0.06498550111096499
7515	0.037321408043971306
7531	0.02247888426495734
7557	0.043745152020563144
7566	0.036730523616499935
7574	0.035785316446583997
7642	0.06133421572859868
7700	0.1873488962493214
7743	0.017006061502144947
7754	0.03922316798797605
7780	0.0326896693920289
7805	0.03138039804982697
7811	0.010951186133852042
7884	0.06133421572859868
7929	0.028732226919476613
7946	0.028192428326753397
8036	0.012006403842313688
8037	0.11222632602999855
8060	0.0158404241530083
8089	0.04513406505814725
8117	0.07233990920610554
8131	0.023039453278404502
8144	0.034407503439059066
8156	0.027932208896374704
8179	0.06133421572859868
8211	0.0588955468555839
8319	0.03895559546733734
8386	0.016542911698764835
8407	0.028192428326753397
8593	0.04087785174959383
8645	0.03527816145564935
8709	0.057424379725393195
8761	0.02016583401347597
8777	0.050177469231488775
8792	0.03351486876209654
8877	0.014931918327741623
8880	0.023982906982670315
8905	0.04869446142089575
8914	0.035900096454058984
9010	0.03895559546733734
9026	0.020617230909243014
9036	0.02354394437258861
9081	0.046183820893577934
9198	0.11043668561602725
9307	0.044342026417901095
9319	0.03563674154818956
9381	0.024724119774186242
9456	0.09104254520882048
9495	0.03285355840155613
9497	0.02989906206560569
9539	0.07991177372009174
9563	0.03931394559575983
9564	0.0588955468555839
9606	0.036446645324790514
9715	0.0537590183110883
9814	0.05690300930379536
9883	0.032492750555482494
9891	0.035449651398426506
9894	0.016274159637495088
9911	0.036446645324790514
9979	0.046889143013270206
9986	0.03816818254822871
9987	0.0543735628229968
9998	0.02005297246683898
10128	0.026549843502066277
10241	0.06447820672130573
10272	0.06133421572859868
10366	0.03417741705126423
10403	0.02115702950196624
10424	0.03563674154818956
10477	0.040714022957728656
10489	0.050278733100064435
10695	0.05366461204309739
10731	0.06133421572859868
10736	0.06976547834191303
10835	0.03373128573003798
10873	0.006795276375073381
10876	0.025622875257664404
11018	0.040067947972992866
11032	0.08303412489810261
11046	0.026488967845689937
11055	0.03464253829863779
11121	0.04932781188628499
11132	0.05343331465194955
11153	0.09236073358364864
11209	0.11123585851774608
11337	0.04046539903667836
11350	0.12148351107755795
11401	0.020292913349382928
11454	0.018204928031520785
11455	0.035379583807072526
11536	0.025416667258002006
11544	0.012911149295658435
11605	0.03173874817824946
11611	0.06447820672130573
11682	0.029155326198989563
11702	0.02453405063999381
11718	0.06928507659727558
11719	0.047643145390503246
11720	0.03210924805750418
11775	0.013274921751033139
11793	0.048453049167104204
11876	0.027330048741456767
11958	0.09377828602654041
12055	0.011652884078499338
12193	0.08295987117363395
12270	0.1025322511537927
12309	0.03229931719169662
12332	0.03895559546733734
12488	0.014595815791440172
12489	0.018690727997926683
12504	0.025114471974518528
12516	0.035785316446583997
12537	0.013969040692145161
12566	0.011537540530274918
12604	0.05132034943807352
12624	0.020421487770588984
12643	0.0294467754641559
12717	0.03138039804982697
12739	0.013376270543031981
12766	0.05219377331990826
12768	0.02604734413424011
12829	0.006963845780034099
12834	0.06617164679505934
12835	0.25617666845714127
12839	0.04123446181848603
