263
t_index	tf-idf
181	0.04069909185328894
278	0.052259435971354025
320	0.02791677746329498
355	0.05105655860361453
452	0.05620703699180087
469	0.028119889600376858
551	0.04437904524466028
558	0.07352266027435775
569	0.03967107677648264
601	0.04548678680521241
607	0.028326200484982574
630	0.08260321440915393
631	0.028856656366627015
639	0.028965374587412333
652	0.07729143075452971
671	0.2478096432274618
717	0.04043442688369622
762	0.04473798469551698
801	0.04803032192902716
834	0.07352266027435775
858	0.0275197631287002
863	0.029075002594678018
872	0.010858965647470459
918	0.023437049301532977
1023	0.022471314379154773
1358	0.07095346310429848
1395	0.04124502377975598
1475	0.02940950086229082
1591	0.08671542475366543
1694	0.04124502377975598
1762	0.06289909296510933
1807	0.04850675517568895
1808	0.05311023279743551
2069	0.04009921683364316
2076	0.05105655860361453
2087	0.15891729221492598
2098	0.03740675461977875
2109	0.02519660410724036
2173	0.08193842843069
2386	0.05620703699180087
2393	0.04803032192902716
2437	0.07934215355296528
2453	0.040969214215345
2464	0.023083915510163623
2537	0.18280507575595945
2611	0.060270212455288553
2629	0.04368938757139962
2634	0.0327341450675843
2689	0.03059052264168646
2762	0.027716766396275815
2778	0.03059052264168646
2801	0.0203855363205376
2813	0.023437049301532977
2891	0.013457429448900412
2909	0.08941640073244801
2913	0.041814699202380484
2918	0.04534469712147442
3000	0.028748832956157176
3077	0.05881900172458164
3093	0.032880520561550344
3127	0.05913032248493736
3294	0.06904325049107511
3335	0.04124502377975598
3346	0.04473798469551698
3438	0.03034564690609659
3439	0.0669658943545595
3476	0.030966638534519707
3656	0.05913032248493736
3692	0.029522925557141057
3719	0.049514981018492395
3808	0.047017665761386496
3809	0.023014416830358368
3810	0.06444210613956157
3847	0.04043442688369622
3900	0.16405803625897875
3917	0.09175574933173634
4110	0.045107036435890674
4120	0.03967107677648264
4144	0.03460883343660344
4176	0.05179909240919914
4200	0.023083915510163623
4222	0.034777874109957974
4268	0.05004976835014118
4276	0.02940950086229082
4344	0.029986707455239892
4369	0.03395367340123364
4417	0.0321644696449598
4429	0.03720044373517303
4430	0.021265092771300415
4472	0.020556786738422764
4497	0.0553615520047654
4564	0.06361374722323204
4587	0.01432075034123525
4620	0.018390417613784824
4644	0.018149149829310787
4673	0.036214981530449525
4679	0.08260321440915393
4695	0.03584065690998098
4717	0.03363798413960678
4744	0.03547673155214924
4805	0.05808172536082
4845	0.2184469378569981
4846	0.08260321440915393
4856	0.03460883343660344
4859	0.0611566089616128
5116	0.17475755028559847
5125	0.07352266027435775
5348	0.06619143019861952
5515	0.020730305439651632
5544	0.017496322291128442
5548	0.017226199929072383
5683	0.047570609131883185
5769	0.034452399858144765
5792	0.03161853771849277
5797	0.03427715824203654
5855	0.0321644696449598
5882	0.02843058725576355
5902	0.0553615520047654
5934	0.06307413126890207
5946	0.028856656366627015
6042	0.2395237025473659
6043	0.09606064385805432
6227	0.037829387090953355
6238	0.05004976835014118
6381	0.06619143019861952
6391	0.02544456994083225
6547	0.03363798413960678
6559	0.02267234856073721
6574	0.04712648285700469
6603	0.06749795329658931
6614	0.02253798358369659
6620	0.02843058725576355
6634	0.04437904524466028
6652	0.06821087661973353
6702	0.04124502377975598
6708	0.014979572027224606
6726	0.05055747797412451
6755	0.02495324471755401
6763	0.032880520561550344
6804	0.04850675517568895
6824	0.03427715824203654
6825	0.12888421227912314
6842	0.038490054997087
6844	0.04850675517568895
6958	0.02233898526998618
6985	0.02157190938076366
6986	0.032880520561550344
7001	0.030185340632029767
7296	0.04819543441533323
7327	0.01772575846050128
7340	0.022740051400923098
7481	0.021759508821635295
7482	0.05711087606382334
7501	0.05473537320247167
7531	0.026945928166298316
7650	0.07609185744441703
7651	0.028535812483482238
7726	0.015594369665819507
7780	0.11755745607767915
7809	0.061518820646425075
7929	0.03444194620624196
7932	0.037829387090953355
8003	0.041526765185073734
8036	0.014392337789420385
8060	0.037976522884283694
8063	0.12303764129285015
8089	0.007729026688684078
8103	0.018053873260857167
8112	0.023014416830358368
8171	0.046696920753074585
8183	0.04124502377975598
8212	0.02394799591610385
8388	0.227400514009231
8390	0.07565877418190671
8463	0.13238286039723904
8464	0.05950552853348192
8509	0.06323707543698553
8521	0.03871789500801512
8635	0.05381853883031315
8645	0.042288700507476254
8719	0.02144831912056059
8724	0.02044237142234488
8731	0.036997331598091154
8753	0.04069909185328894
8754	0.06405167806941331
8805	0.04701986520294158
8877	0.008949607860911389
8879	0.020906153320443713
8933	0.03135387274890004
9067	0.03640623267041625
9068	0.023224028828858028
9071	0.07352266027435775
9186	0.08466791674408314
9204	0.08671542475366543
9307	0.02657687642592462
9316	0.040969214215345
9365	0.061518820646425075
9391	0.04628099786996922
9503	0.08656996909988106
9553	0.052613508127737116
9606	0.04368938757139962
9633	0.07729143075452971
9680	0.060270212455288553
9704	0.032446211050277556
9891	0.026558918273121034
9998	0.008012644952231227
10038	0.03918581869255971
10056	0.04402967866263932
10128	0.015912937835362306
10148	0.09097357361042482
10193	0.06619143019861952
10228	0.019402540086723725
10245	0.05381853883031315
10619	0.04402967866263932
10636	0.03161853771849277
10679	0.06289909296510933
10696	0.02843058725576355
10853	0.02791677746329498
10867	0.025114980974539326
10873	0.008145645794276206
10880	0.1149953318246287
10890	0.026129717985677012
10948	0.014143474694061851
11049	0.04803032192902716
11135	0.04437904524466028
11153	0.06642889379731418
11175	0.05473537320247167
11305	0.015168615284752668
11371	0.0545673409400086
11404	0.030224904388534306
11418	0.03444194620624196
11430	0.05311023279743551
11513	0.06619143019861952
11519	0.0267601027751848
11544	0.01547687587001443
11592	0.010427635479509232
11627	0.031094449015792034
11660	0.021204582407744012
11699	0.03135387274890004
11861	0.09606064385805432
11876	0.024570843513241986
12032	0.05381853883031315
12052	0.037829387090953355
12055	0.013968565948753078
12193	0.016574300745099323
12387	0.025528279301807264
12434	0.186925255323851
12435	0.110391961593216
12566	0.013830301125273994
12581	0.019402540086723725
12590	0.028326200484982574
12600	0.04803032192902716
12638	0.02791677746329498
12666	0.025697319975161798
12674	0.06635654268492558
12694	0.0545673409400086
12711	0.06821087661973353
12719	0.07229315162299985
12739	0.01603442683974315
12755	0.11901323032944792
12802	0.07352266027435775
12829	0.016695427223005425
12848	0.06821087661973353
