176
t_index	tf-idf
44	0.03775578125956989
91	0.07200398274048359
117	0.11232570359148776
190	0.03905086365872861
211	0.07757114114599654
278	0.04260849459279978
316	0.05936592077771135
318	0.1003158295969916
320	0.09104513582926674
360	0.09471112096707385
435	0.09471112096707385
647	0.0795836550989164
697	0.06636608309792259
764	0.03905086365872861
982	0.06066100317687008
1038	0.11988992282524476
1203	0.05433128943702371
1207	0.11810811318854132
1240	0.031046543352682743
1301	0.022552417559043216
1420	0.07505704084600416
1476	0.07295211452479458
1511	0.028162733832296363
1716	0.03752852042300208
1740	0.06276391123390286
1981	0.0543492029505739
1982	0.279384008884751
2157	0.07620254201642947
2172	0.08898038060189868
2349	0.036534745094559444
2453	0.06680655885083232
2501	0.11512305950908527
2577	0.0849271549354879
2588	0.0748108791568782
2702	0.044092585454968386
2801	0.03324172938112346
2891	0.021944393361641595
2949	0.09312800296158368
3115	0.04149125609906488
3167	0.017751939260080556
3187	0.0513419750066531
3205	0.10256657434898192
3215	0.0681852512086351
3276	0.07236680894823407
3365	0.10056293800065638
3593	0.05936592077771135
3680	0.08074173636873845
3711	0.08660434330796456
3881	0.0483282092456458
3890	0.08074173636873845
4115	0.11512305950908527
4135	0.06771573083240208
4148	0.1355892579980726
4162	0.06593450645664478
4219	0.033899083313209004
4298	0.1394988044996296
4304	0.03833474127922543
4448	0.11512305950908527
4478	0.06915643286266757
4572	0.09896642074913899
4587	0.023352169886174456
4600	0.08347255339500961
4640	0.0326939476455188
4644	0.029594959761524785
4666	0.07757114114599654
4748	0.08550859968489795
4987	0.05643498690475508
4990	0.024183031387797253
5041	0.05155885318582893
5109	0.055628766048531744
5233	0.13469715273733843
5335	0.10508269291315107
5345	0.060003649244784525
5474	0.04440218967361845
5494	0.08898038060189868
5508	0.06239873452675152
5548	0.02808994903560385
5555	0.09165415535886019
5561	0.06239873452675152
5583	0.05616285179574388
5656	0.10355591159077542
5725	0.044092585454968386
5769	0.02808994903560385
5857	0.041086909948616926
5978	0.04424682668217699
6286	0.11512305950908527
6293	0.13469715273733843
6307	0.08252296074449574
6308	0.08252296074449574
6348	0.03973750110076432
6352	0.11988992282524476
6554	0.016406861885080972
6701	0.0531419711913191
6779	0.06593450645664478
6850	0.06429044028666316
6953	0.08550859968489795
6955	0.11122824858711332
7090	0.11988992282524476
7162	0.10793523287367734
7169	0.05727283221851337
7174	0.11988992282524476
7206	0.07137720424800198
7313	0.08550859968489795
7327	0.028904555492391584
7743	0.06648345876224691
7754	0.03833474127922543
7803	0.055366648438960143
7832	0.03251443131883153
8021	0.04851642471132596
8036	0.023468904150225085
8037	0.016874513373935744
8060	0.030963259359617107
8089	0.01260335806352439
8167	0.07328581791369934
8328	0.13469715273733843
8431	0.06351354313739634
8505	0.017440724140587144
8596	0.07614645885188746
8653	0.0461901946611335
8761	0.03941813317187365
8777	0.0326939476455188
8865	0.04568752871244249
9026	0.04030047817872163
9376	0.04670497420082872
9443	0.07686697831331316
9458	0.055628766048531744
9480	0.06771573083240208
9570	0.052223020167617734
9580	0.09835282410769255
9790	0.10508269291315107
9891	0.025985022714394252
9894	0.15905540812803154
9986	0.03730365185018028
10087	0.05091471442098418
10093	0.1003158295969916
10099	0.04333765470060724
10171	0.04602132170926831
10211	0.03589701662748627
10329	0.036970725883294045
10375	0.037415790255524065
10582	0.13469715273733843
10771	0.05671063353134853
10873	0.02656543824702036
11134	0.04552256791463337
11153	0.03610748450889051
11205	0.07295211452479458
11209	0.04348652162474505
11353	0.09471112096707385
11378	0.09027546300105742
11454	0.03558515244404557
11535	0.04455869086561769
11669	0.0696590988113586
11703	0.13469715273733843
11876	0.04006651176060808
11889	0.02026805782424972
12055	0.045555758927276584
12188	0.027096173707161206
12193	0.02702692788586957
12196	0.10028246949397507
12215	0.07070136977280427
12262	0.04424682668217699
12309	0.06313543915773946
12467	0.051127276544551105
12520	0.051127276544551105
12558	0.13469715273733843
12591	0.04687936143180648
12612	0.03610748450889051
12638	0.04552256791463337
12640	0.11122824858711332
12661	0.11512305950908527
12739	0.02614658105664733
12767	0.06636608309792259
12795	0.0613392289397938
12829	0.027224443101370024
12834	0.03233641097892079
12835	0.04552256791463337
