44
t_index	tf-idf
320	0.10549224904874768
612	0.10473644486174104
1023	0.08491486870414404
1695	0.22344236236131604
2002	0.14807583540506092
2012	0.15800988018605475
2271	0.1184803853889845
2294	0.08567453904857004
2918	0.08567453904857004
2922	0.24351459329568642
3305	0.12050124608655553
3856	0.1733638557115814
4090	0.17045100308595157
4280	0.15585718395743492
4895	0.06663368318262852
5414	0.08198765870815515
5842	0.09339077902603782
7327	0.06698230583926582
7543	0.1295269312049552
8060	0.07175306704689889
8306	0.16637987078280997
8751	0.4194178634210035
8988	0.24351459329568642
8991	0.14214517133368518
9000	0.10511290456683303
9267	0.15585718395743492
9844	0.10549224904874768
9845	0.2893996917910439
9998	0.09083483270424021
10120	0.12594675379505227
10133	0.12207294039931477
10739	0.14718384347700209
10750	0.1314190422521876
10876	0.11606506672666099
11175	0.0689448920007949
11279	0.12770448445095797
11623	0.061365811519876384
11673	0.13980595447366786
11762	0.17045100308595157
11775	0.060131997807856816
11777	0.12770448445095797
11889	0.04696841812042999
11991	0.1934360866459518
12193	0.06263116379781801
