183
t_index	tf-idf
170	0.07430625230358517
178	0.046617791486520566
194	0.06520232794393742
433	0.026967728935823214
578	0.04727152307347416
596	0.03191607105975358
634	0.036584724136126075
758	0.02837781796605292
854	0.037245803481993155
872	0.024380468551160946
888	0.06765911538177877
932	0.04904554329961048
977	0.02783306905357084
1003	0.0630978097831886
1011	0.058149467659258235
1023	0.025226213587472544
1032	0.20327401498172962
1148	0.1738582572696424
1173	0.04904554329961048
1351	0.05242178881565925
1358	0.03982604632820792
1497	0.028657950991305872
1888	0.042710217474883995
2057	0.01587741186302771
2069	0.022507615519682493
2076	0.08597385297391762
2146	0.4930485534115587
2172	0.06125709312001836
2241	0.04453460261037987
2373	0.04795567150510593
2389	0.0506369906197042
2468	0.0434645643174106
2506	0.0634364218552555
2605	0.06214867149478731
2626	0.11381401102068885
2673	0.07657327531291727
2686	0.06906079827336324
2891	0.015107260033316916
2918	0.025451893808816673
2955	0.07483164633869954
3193	0.048294020604150514
3214	0.026967728935823214
3218	0.09137729699154765
3252	0.049427552807585234
3294	0.07750769511181306
3447	0.07061028682274265
3476	0.03476303275265888
3522	0.07846751330686587
3557	0.052904013629036295
3651	0.03379605754374548
3900	0.03683418774336936
3976	0.09273005995724422
4116	0.08253626380309191
4130	0.018323421331050315
4136	0.03379605754374548
4143	0.04320879197216779
4182	0.04002889836028573
4421	0.041992683014931295
4442	0.031226575767797703
4457	0.03992560100255375
4708	0.02380418500784791
4859	0.022884726929640477
4895	0.03959060526705924
4949	0.016036403024063655
4987	0.03885174714545817
4992	0.15465760065603773
4996	0.07430625230358517
5215	0.09273005995724422
5258	0.08676707146706956
5333	0.03776187535095363
5369	0.01837018302119315
5556	0.03191607105975358
5577	0.0630978097831886
5612	0.11828564429792288
5682	0.053402588126320094
5728	0.049427552807585234
5769	0.019338067697294587
5929	0.05500853178978511
5946	0.032394374652160995
6071	0.0434645643174106
6102	0.0869291286348212
6168	0.0613514093151229
6348	0.013678317561806487
6554	0.011295036720490712
6556	0.05638796766572304
6601	0.02655343283055705
6614	0.025301056187469223
6665	0.03288875865528354
6671	0.03420271587207579
6755	0.028012419314885004
6798	0.022507615519682493
6836	0.041308534583299514
6909	0.01918876144879794
7115	0.08676707146706956
7195	0.040869500811713755
7213	0.042957392018561004
7421	0.16347800324685502
7422	0.07430625230358517
7481	0.07328142998198461
7584	0.14519980249640313
7700	0.05602483862977001
7769	0.024216544895724744
7808	0.029835102206133425
7811	0.014736798652483974
7818	0.0506369906197042
7946	0.07587600734712589
7955	0.04904554329961048
7958	0.04981975042761236
8036	0.01615678464432694
8089	0.008676576491354924
8388	0.05105579352865313
8505	0.024013564687712784
8594	0.07430625230358517
8653	0.03179888686077899
8708	0.07430625230358517
8709	0.025758291123704254
8724	0.04589705960527918
8727	0.08253626380309191
8729	0.04760961932350208
8805	0.017594775016273982
8818	0.053402588126320094
8826	0.058149467659258235
8882	0.03942854809930762
8928	0.09273005995724422
8938	0.03505140550498857
8948	0.051063296965866055
9026	0.08323262255823194
9139	0.10428909825797664
9186	0.031682629028795324
9306	0.031226575767797703
9503	0.09718312395648301
9534	0.04320879197216779
9538	0.09020061695138283
9636	0.058867002119210934
9728	0.09137729699154765
9826	0.021373486878178086
9891	0.04770390792139709
9998	0.017989930589291273
10022	0.06520232794393742
10049	0.06214867149478731
10102	0.03885174714545817
10135	0.03056796396206384
10166	0.08542043494976799
10167	0.1572641733958757
10379	0.058149467659258235
10414	0.12251418624003672
10448	0.046301509637267764
10452	0.03422796703786271
10543	0.06520232794393742
10665	0.03288875865528354
10773	0.02615048874373138
10821	0.04372486384112826
10853	0.031339270105904135
10873	0.009144271543142282
10879	0.07657327531291727
10882	0.06411245614943287
11021	0.05242178881565925
11153	0.024857609350836262
11305	0.01702823086104517
11359	0.07657327531291727
11437	0.06336525805759065
11481	0.0327635958644087
11537	0.028563979175345457
11581	0.056811587640672866
11656	0.0506369906197042
11663	0.02615048874373138
11717	0.06214867149478731
12057	0.041308534583299514
12183	0.03626500417133232
12380	0.05500853178978511
12434	0.07869059753464787
12467	0.10559322130598985
12537	0.03759573392915904
12566	0.015525844384468376
12600	0.05391865999528057
12612	0.049715218701672524
12647	0.046617791486520566
12664	0.259774376703175
12721	0.04795567150510593
12766	0.05853012320063067
12797	0.08253626380309191
12827	0.05445350217841571
12839	0.027744207519410646
