286
t_index	tf-idf
56	0.02639142856750318
102	0.03155081741908853
240	0.030007971972593975
278	0.04833229024806416
578	0.0389447265887954
612	0.025633931428898367
618	0.036022805205118975
633	0.029492319348409714
634	0.030140388677415673
729	0.05398469099554693
847	0.03281075760884653
977	0.022930322400096837
984	0.03692069798060344
991	0.0308250910629682
1022	0.029492319348409714
1023	0.02078265998554109
1075	0.02141384477226194
1122	0.11137176339967954
1206	0.027516929937984887
1507	0.14438580726741687
1511	0.015972981899148603
1557	0.23268963095553039
1591	0.04009950547950521
1596	0.03349353023284491
1675	0.1244407470211837
1676	0.10240258243676147
1808	0.049119152149192255
1840	0.027624628495044993
1906	0.027095461080957343
1921	0.049119152149192255
2057	0.026161266815212292
2069	0.018542938234025932
2076	0.04721980564141281
2087	0.048991705516929496
2088	0.05120129121838073
2121	0.028997719740629688
2157	0.021609795262519993
2264	0.03096680037304573
2314	0.054686849478631665
2430	0.0584998873468485
2436	0.06957921055515433
2440	0.10327564896691169
2451	0.03624111755999387
2464	0.042698451820665936
2506	0.01742073553165394
2534	0.08486056969809268
2535	0.04137605431873463
2589	0.06308502618870564
2615	0.017144312715782536
2626	0.03125529038053563
2634	0.030274268579859112
2665	0.039508363465369914
2674	0.04318778198765114
2685	0.07479179290140735
2778	0.028291733189933634
2788	0.03814557933048093
2796	0.03867244528993309
2813	0.021675822716892813
2814	0.04171737288639143
2837	0.0484976821895792
2843	0.05574108000894336
2918	0.0419371740576571
3000	0.026588441166715857
3005	0.049119152149192255
3103	0.08717012747951228
3167	0.040273278320854214
3216	0.028997719740629688
3238	0.024579700898586663
3305	0.029492319348409714
3449	0.06529403560972716
3517	0.05574108000894336
3547	0.10396648089966026
3692	0.054608725887584884
3729	0.0680642162779447
3731	0.09158814632155532
3809	0.021284949855649826
3853	0.05046676282199522
3855	0.05046676282199522
3869	0.032164417285607635
3900	0.06069181940917107
3901	0.03155081741908853
3902	0.039223267773042185
3946	0.027624628495044993
4011	0.025183470332199642
4023	0.06734081880369452
4134	0.0308250910629682
4207	0.03814557933048093
4262	0.038406148682667965
4304	0.043484423934683374
4336	0.037395896450703674
4365	0.0676998181962853
4426	0.020599543030555705
4472	0.057036010707441756
4564	0.01961111926431541
4587	0.052978349206987234
4673	0.06698706046568982
4676	0.06529403560972716
4737	0.031110186755295925
4808	0.04977423102880861
4920	0.02264010474282615
4974	0.061217335335340926
4990	0.05486329912770852
5061	0.0484976821895792
5332	0.0308250910629682
5369	0.015134307266438576
5484	0.014867171861852872
5494	0.05046676282199522
5556	0.026294110711828158
5594	0.026688161959210078
5679	0.05689585889965318
5792	0.05848499180386243
5842	0.022857113670461643
5885	0.030007971972593975
5946	0.026688161959210078
5978	0.025095353522770928
6019	0.023152640709014547
6155	0.02852252127052945
6173	0.026992345497773466
6403	0.09954846205761722
6406	0.07148320289877963
6421	0.03789049605848369
6428	0.17113512762317673
6485	0.06799764463852868
6554	0.009305435668028002
6559	0.02096858702882855
6569	0.07384139596120688
6603	0.06242567699485463
6614	0.041688638383714456
6660	0.029492319348409714
6716	0.04040625624085437
6726	0.023379114740110583
6847	0.04977423102880861
6947	0.026489534430585854
6958	0.06198082508054826
7001	0.013958499719205318
7006	0.04442098191519296
7103	0.03403210813897235
7117	0.06529403560972716
7170	0.03331919617631744
7177	0.03349353023284491
7247	0.03140215288040891
7321	0.050015745882682004
7343	0.3550631018205048
7356	0.11367148817545107
7358	0.09581308035088777
7366	0.02242691435289422
7519	0.04040625624085437
7543	0.03170132876943123
7700	0.023078080425148254
7726	0.014422497811441021
7731	0.03789049605848369
7754	0.021742211967341687
7755	0.03384990909814265
7821	0.02743164956385426
7921	0.05281915862526694
7932	0.03498661787678985
7947	0.0484976821895792
7975	0.024412580898772553
7976	0.047342903298869386
7994	0.041044088131235085
8010	0.034789605277577164
8089	0.01429642529847741
8112	0.2554193982677979
8131	0.02554248942585652
8140	0.026688161959210078
8203	0.05046676282199522
8210	0.047342903298869386
8241	0.06529403560972716
8386	0.018340155125757415
8388	0.02103120219605455
8390	0.03498661787678985
8451	0.06529403560972716
8477	0.06799764463852868
8505	0.01978361707812422
8617	0.05046676282199522
8645	0.019555413382773286
8651	0.017799391595398895
8719	0.0991826993345542
8722	0.02961918970024275
8779	0.07148320289877963
8805	0.02899097206303739
8810	0.12617005237741127
8842	0.06529403560972716
8865	0.02591247261314515
8874	0.034789605277577164
8877	0.024831212011761698
8895	0.04442098191519296
8909	0.061217335335340926
8955	0.07384139596120688
8974	0.0484976821895792
8991	0.034789605277577164
9000	0.025726068815066193
9006	0.03814557933048093
9010	0.08637556397530229
9014	0.05046676282199522
9029	0.08343474577278286
9067	0.03367040940184726
9068	0.02147881011768013
9130	0.038406148682667965
9139	0.028639585059389145
9186	0.02610178908817597
9373	0.06799764463852868
9381	0.08223054083766371
9389	0.0342170889518019
9461	0.05689585889965318
9495	0.04856374891268654
9510	0.03200807953078039
9522	0.028997719740629688
9531	0.04579407316077766
9553	0.04865975490421632
9650	0.04628867276855767
9692	0.1739480263878858
9696	0.053717051400751406
9826	0.07043433751233917
9891	0.03930094759858439
9976	0.04358506373975614
10021	0.05281915862526694
10184	0.03789049605848369
10211	0.02035961424195023
10216	0.04009950547950521
10217	0.018542938234025932
10228	0.03588899044127719
10357	0.05848499180386243
10419	0.02545173238806867
10452	0.014099385119324204
10541	0.02610178908817597
10629	0.059599467928454705
10636	0.029242495901931214
10677	0.04680432539274194
10687	0.037155967662098194
10688	0.06529403560972716
10696	0.026294110711828158
10697	0.08275210863746926
10727	0.027624628495044993
10873	0.007533524031960195
10890	0.02416614512403208
10910	0.06529403560972716
10982	0.03367040940184726
11016	0.04402293533602638
11018	0.04442098191519296
11032	0.15342510023758607
11034	0.06799764463852868
11035	0.05281915862526694
11096	0.05689585889965318
11153	0.040957969486818784
11174	0.036022805205118975
11250	0.047906540175443886
11400	0.03281075760884653
11431	0.04531887469067742
11519	0.02474915831673389
11537	0.02353248397651256
11543	0.07629115866096187
11567	0.019444764139845902
11660	0.01961111926431541
11671	0.05574108000894336
11702	0.05439892357453257
11714	0.04531887469067742
11747	0.05281915862526694
11775	0.014717126502852406
11783	0.04318778198765114
11814	0.03384990909814265
11815	0.07148320289877963
11816	0.06308502618870564
11833	0.022930322400096837
12055	0.012918868549488996
12188	0.015368063865459669
12193	0.04598636969847634
12231	0.061217335335340926
12270	0.07578099211696739
12294	0.04579407316077766
12371	0.028177967021749906
12420	0.0291194896891493
12422	0.06308502618870564
12434	0.043219590525039986
12479	0.059599467928454705
12504	0.027842940849919885
12564	0.11005733834006592
12566	0.012790993928278933
12590	0.026197568305472877
12638	0.025818912241727922
12719	0.04457368667488647
12739	0.014829485959332226
12766	0.028932086343579043
12829	0.007720407036157518
12867	0.09696839618713286
12868	0.025818912241727922
