53
t_index	tf-idf
55	0.17460284570799384
91	0.0706453501533429
557	0.10291884914957856
817	0.35907883870470597
1020	0.07254626136062607
1203	0.053306120307191535
1329	0.14315118355621875
1420	0.1472816011067255
1605	0.10568370620874055
2577	0.055549784605377246
2615	0.059315193218193174
2801	0.06522899213217498
2909	0.04087310874417934
2970	0.13570306055285541
3280	0.19684596984988822
4019	0.2643111438455876
5135	0.10247526332268173
5414	0.06942433753411491
5416	0.1366894229901508
5842	0.07908010873632468
5913	0.09595051481167473
5970	0.05716505682340981
6348	0.03898770002209868
6488	0.10427848626597751
6671	0.09748897993748958
6909	0.05469427594299406
7103	0.11774289837978213
7107	0.1455471767817034
7327	0.05671831935037265
8023	0.11128113781371421
8037	0.09933666393973296
8089	0.049462188596689195
8156	0.10713767171229441
8537	0.11649150785541301
8645	0.06765702087276083
9068	0.07431151037359786
9081	0.1771441370667164
9130	0.13287602528283243
9891	0.016996476755248832
9894	0.06242168598637818
9998	0.051277214033407285
10699	0.11649150785541301
10730	0.18274156867169006
10873	0.02606417888996284
11209	0.0853319616556088
11454	0.209482208538133
11541	0.29364775044501734
11802	0.23298301571082602
11854	0.3444137049650183
11876	0.026207001752045763
12188	0.15950939988340018
12196	0.06559350285921159
12834	0.06345251996800638
