54
t_index	tf-idf
551	0.304695652473465
977	0.08511298293172935
1326	0.28356671681474505
1944	0.08350665823970305
2087	0.09092393300674052
2437	0.1361859471750318
2537	0.209182477622984
2631	0.10994078248972937
2868	0.16651774881756257
2898	0.11711061613602307
2913	0.1435447403860494
3207	0.1176692855593843
3268	0.15484693082296253
3300	0.22574959895907637
3808	0.08070294363007212
3900	0.11263822852849562
3901	0.11711061613602307
4442	0.0954902603527274
4564	0.0727927340092147
4587	0.04916138174082607
4845	0.1499803159221345
4859	0.06998104911861619
4990	0.05091052538161542
5116	0.1499803159221345
5915	0.13880643458863967
6042	0.274085177017604
6559	0.07783139542249216
6574	0.16177944302015285
6601	0.08119988029117732
7327	0.12170071505446207
7481	0.14939545682785985
7584	0.088803633460474
7726	0.05353356087365348
8112	0.15801134778279338
8879	0.07176826350775696
9549	0.1321316440723572
9553	0.09030786432830983
9580	0.0690180078170413
9704	0.11138386812687895
9820	0.07691356131580651
9821	0.14884171560682033
9998	0.027506428634267013
10375	0.07876835244229334
10530	0.22722707193601524
10619	0.15114849355534604
10636	0.10854256696241332
11153	0.07601408512762946
11175	0.0626332771820667
11375	0.24235900574912841
11623	0.05574802963477795
11775	0.054627166377568634
12411	0.13136286791191334
12434	0.0802114380794429
12537	0.057483510964232355
