213
t_index	tf-idf
82	0.03067519837834325
184	0.0271354292321507
194	0.05172961007867521
277	0.022736375788740184
309	0.04236804341314149
335	0.047301825431864515
415	0.09460365086372903
433	0.021395403301505172
578	0.03750383665010363
596	0.02532127246413531
660	0.026193127059565845
758	0.02251412648225906
854	0.0295497254767821
872	0.009671373488162596
971	0.05266352724493077
977	0.02208193871040972
1011	0.09226815615793221
1023	0.0400274724474057
1032	0.09676297640636046
1040	0.03601231064425765
1148	0.2758680599640411
1157	0.0400274724474057
1253	0.03724162930523687
1358	0.03159681429326955
1446	0.03067519837834325
1632	0.046134078078966106
1752	0.07356930335807797
1999	0.029025244559134907
2053	0.11478877400900468
2057	0.02519334357016079
2076	0.09094550315496074
2113	0.07356930335807797
2146	0.4889627836556083
2264	0.029821080400169203
2373	0.07609323980435657
2389	0.040173899658415335
2429	0.03891129214231582
2430	0.018778496356910163
2506	0.016776197368189406
2626	0.060197793516948685
2673	0.060750985421718584
2709	0.06450865093757364
2732	0.07356930335807797
2813	0.02087385342345263
2955	0.029684614098246943
3061	0.03533244441861845
3093	0.05856907649579673
3167	0.009695808545899683
3193	0.03831505613008562
3212	0.02746723554831175
3218	0.07249606099157038
3263	0.041219470650926696
3276	0.03952552531641512
3294	0.06149232661874202
3388	0.03408113190418034
3522	0.062253818156577774
3557	0.041972489064808424
3651	0.026812798469981285
3871	0.020684129961868216
3900	0.07305790412757732
3947	0.06883844359850641
3973	0.04086043506731988
3981	0.0159951651694096
3989	0.06548184518129016
3995	0.0349002566467691
4116	0.06548184518129016
4143	0.03428058523635367
4200	0.020559340154095388
4299	0.0479326674853592
4421	0.033315760142606725
4442	0.024774247170274218
4457	0.02111719869669578
4618	0.03777207227503476
4620	0.0163791472521721
4703	0.060750985421718584
4859	0.018156069547779582
4878	0.025993673727392523
4949	0.012722810697994929
4987	0.030823833965528
4992	0.15337599189171625
4996	0.058952396015325495
5172	0.05739438700450234
5357	0.041972489064808424
5362	0.022152867413975666
5369	0.014574363135888304
5548	0.015342254382637992
5612	0.18768870530811654
5929	0.04364215190188739
5946	0.025700744472492737
5978	0.024166867291999003
6071	0.03448350749550514
6073	0.03777207227503476
6102	0.10345052248651541
6152	0.05479080700116782
6168	0.02433720222671591
6264	0.05005994724159625
6323	0.0314380671396273
6348	0.010851975018636367
6556	0.0894731115424236
6601	0.021066712951661227
6612	0.01926812354526813
6630	0.032424660403503724
6665	0.026092974205956437
6794	0.07356930335807797
6836	0.06554595378106412
7042	0.042777479661749856
7115	0.06883844359850641
7119	0.030823833965528
7195	0.06484932080700745
7206	0.019492509995413992
7296	0.021462267299994283
7421	0.06484932080700745
7445	0.05005994724159625
7481	0.07751910948609572
7570	0.05172961007867521
7584	0.20735505811350957
7700	0.022224229934938812
7769	0.019212694767366076
7808	0.023670292954995748
7811	0.011691742797226677
7821	0.026416724275621577
7832	0.017758831664950417
7955	0.03891129214231582
7958	0.03952552531641512
8018	0.032424660403503724
8021	0.02649884941812482
8036	0.02563663587271877
8037	0.009216573388510018
8060	0.03382321562838894
8089	0.006883740701735531
8203	0.04859957675707937
8388	0.04050616557380368
8390	0.03369217135981201
8505	0.009525828118917097
8539	0.02649884941812482
8653	0.025228301965818906
8778	0.028646798330883204
8818	0.04236804341314149
8882	0.03128145088468609
9026	0.06603431574505957
9028	0.042777479661749856
9109	0.018993575918124603
9135	0.07022869909799964
9139	0.05515993634440363
9260	0.018993575918124603
9306	0.049548494340548435
9458	0.030383489789428262
9495	0.011691742797226677
9503	0.025700744472492737
9562	0.05739438700450234
9728	0.10874409148735557
9785	0.03295111372176504
9826	0.01695709612056324
9891	0.023654298797857822
9998	0.01427268203562659
10022	0.05172961007867521
10026	0.030383489789428262
10102	0.030823833965528
10129	0.07356930335807797
10137	0.024510060733586064
10166	0.06777006177604122
10167	0.17467628037072766
10209	0.02049744220624734
10222	0.04051211858029154
10414	0.09719915351415874
10452	0.013577731382357936
10661	0.03578125882071998
10665	0.026092974205956437
10695	0.08594039499264962
10727	0.026602563308174218
10736	0.03724162930523687
10773	0.020747028959504962
10821	0.06938004296992407
10861	0.03861589064759218
10873	0.007254796205850173
10948	0.012596671785080395
10976	0.021262813967820957
11115	0.04086043506731988
11153	0.019721296459114423
11198	0.060750985421718584
11305	0.013509697744671308
11437	0.025136066419838426
11516	0.0183085911419295
11535	0.02433720222671591
11544	0.04135273611544451
11574	0.05266352724493077
11581	0.045072643405146204
11636	0.0159951651694096
11656	0.040173899658415335
11833	0.04416387742081944
11874	0.05005994724159625
11876	0.007294550028992741
11889	0.022140139776509984
12042	0.049306928827714515
12057	0.03277297689053206
12183	0.028771588138656032
12216	0.05266352724493077
12313	0.03804661990217829
12434	0.0416205377495655
12467	0.02792485246746983
12488	0.015582834778207934
12516	0.019102620971690933
12566	0.01231774848347904
12600	0.042777479661749856
12612	0.039442592918228846
12647	0.07397037045671677
12664	0.3709752358583403
12719	0.042924534599988566
12742	0.0238334807312625
12766	0.0557232947933167
12797	0.06548184518129016
12827	0.04320180772578765
12829	0.01486952970108491
