185
t_index	tf-idf
44	0.02306290387192628
117	0.03430675803616622
182	0.031494431716205966
316	0.03626333447457697
392	0.14796188892417392
647	0.024306611147897006
695	0.08227898832356983
764	0.16697798303778288
765	0.04784179799106929
817	0.18629964636354052
865	0.028960880228532243
872	0.02163268618794224
902	0.058940612228606276
982	0.037054428179476816
1051	0.07103494297986847
1075	0.06918871161577884
1105	0.027122824584278404
1203	0.0663759172090381
1329	0.17824953407501135
1420	0.0687722486541267
1511	0.017203045506580947
1552	0.04784179799106929
1737	0.03752457844144036
1885	0.038565923300493854
2158	0.051595775660707305
2208	0.06593162204870649
2232	0.15397610792877847
2237	0.1327956038888416
2277	0.026382254258288326
2349	0.022317040887283535
2565	0.038565923300493854
2577	0.08646211454468257
2621	0.14004758075329107
2665	0.042550863631888695
2670	0.07698805396438924
2689	0.03047045170397503
2702	0.026933704611260774
2716	0.029070999445150767
2729	0.029635981616543725
2970	0.04224381300102901
3214	0.023928351337709368
3242	0.10171231275287818
3318	0.023488454074023828
3343	0.03398051480039164
3401	0.05785374863385595
3522	0.0696238912617117
3651	0.02998709830778337
3761	0.04351790224585675
3840	0.03515994091322299
3939	0.028960880228532243
3992	0.04108313283270766
4114	0.08227898832356983
4219	0.020707061904613487
4417	0.03203822080388906
4457	0.011808605394393455
4505	0.1060124452304933
4514	0.04001731214421498
4587	0.1141163194231025
4666	0.047383889613786895
4856	0.034472990217038146
4921	0.029294065556149686
5135	0.15950067166497245
5324	0.07806402067320395
5357	0.09388301316014414
5416	0.08510172726377739
5474	0.027122824584278404
5548	0.017158585328206764
5559	0.11779645981350408
5561	0.15246364589587752
5583	0.03430675803616622
5766	0.3849402698219462
5769	0.017158585328206764
5793	0.06794314193557063
5797	0.034142616881615455
5857	0.025097704852796856
5985	0.04831636118839084
6233	0.042550863631888695
6315	0.037054428179476816
6348	0.024273426146232856
6466	0.05514425223711403
6554	0.010022038105745298
6671	0.09104377354561562
6716	0.04351790224585675
6909	0.017026106528102936
6952	0.04053934374502456
7119	0.034472990217038146
7313	0.20892976375701067
7327	0.03531236608236352
7481	0.02167410051858154
7574	0.021364132268988784
7735	0.040275717612572697
7738	0.0301062685399521
7741	0.07698805396438924
7743	0.040611042000838815
7754	0.023416558301355413
7803	0.03382040175197851
7811	0.013075898848912627
7821	0.014772066942388511
7932	0.07536180573620455
7975	0.02629256971467916
8021	0.029635981616543725
8037	0.1030770035330605
8049	0.04053934374502456
8078	0.07032226499688987
8089	0.0076986894665000295
8099	0.08227898832356983
8105	0.073616833740451
8131	0.027509491384811117
8433	0.051595775660707305
8530	0.05514425223711403
8537	0.14505333789830788
8541	0.07536180573620455
8645	0.042122713022267
8761	0.04815668413288539
8777	0.03994182329633405
8830	0.04492998669320794
8831	0.06593162204870649
8873	0.044204852942041586
8967	0.04108313283270766
9019	0.06593162204870649
9081	0.2757212611855701
9135	0.03927144915957224
9178	0.03231885634530495
9280	0.031100963221628586
9305	0.06418916426593263
9376	0.02852946739279791
9381	0.029521011271675248
9390	0.07653598558782865
9443	0.01565125191978417
9495	0.013075898848912627
9539	0.023853997576826123
9575	0.054353158532214174
9665	0.04080840584911482
9783	0.029521011271675248
9891	0.03174560615508358
9894	0.01943161796996057
9987	0.06492294066034804
10087	0.031100963221628586
10116	0.023928351337709368
10121	0.024461039574251494
10128	0.01585047792285882
10171	0.028111862163382503
10225	0.054353158532214174
10228	0.01932638312760653
10329	0.022583357268117107
10558	0.0432230300564103
10695	0.03203822080388906
10699	0.03626333447457697
10729	0.03879688596225069
10873	0.0405683664969408
10880	0.057271981678567334
11174	0.03879688596225069
11194	0.03951536373279363
11453	0.030594140305208743
11454	0.043473975253887506
11457	0.04880883660503734
11514	0.024461039574251494
11536	0.030347924515205203
11541	0.12188180681590012
11544	0.015416127545432892
11649	0.06127735296807127
11669	0.042550863631888695
11716	0.04053934374502456
11802	0.07252666894915394
11814	0.036456657265730434
11833	0.049392327897205546
11854	0.21442918219028573
11876	0.008158133477762347
11889	0.14856753175605392
12055	0.027827475790508812
12063	0.04351790224585675
12196	0.020418991713070024
12392	0.05360729554757143
12520	0.031230805583754094
12564	0.0237065491183991
12566	0.027552031550766604
12567	0.03665288727528273
12638	0.055614402499077564
12659	0.026472559461115628
12739	0.015971490070441616
12766	0.010386705941141966
12795	0.14987487409049138
12829	0.008314947979714724
12835	0.027807201249538782
12904	0.047383889613786895
