325
t_index	tf-idf
3	0.03788698191851053
8	0.05035558921094508
15	0.04259449023094955
53	0.05293681597044611
79	0.05035558921094508
189	0.03280391216195693
250	0.022519832392638838
277	0.017484290434909833
304	0.026057614764418483
320	0.03824034040088551
324	0.03911517624383466
355	0.06993716173963933
361	0.03356084831404575
364	0.03591491109734208
393	0.018202473452673243
394	0.027341586767833437
400	0.04413632766473276
425	0.04835343418976672
445	0.043079519637522525
551	0.243161274477818
596	0.019472077962560716
607	0.01940058357798746
612	0.018983182840479496
631	0.03952778445657151
639	0.01983835321820616
660	0.02014253481571792
687	0.022932433719606734
707	0.05293681597044611
717	0.055386989059902796
764	0.03280391216195693
858	0.03769651103809833
871	0.016981027819301137
872	0.022311880909612395
977	0.06792411127720455
982	0.05095708605219161
1023	0.04617173555816112
1075	0.015858001795667757
1100	0.018848255519049166
1105	0.018649594316031987
1116	0.015621246693172207
1157	0.030781157038774085
1253	0.057277683047839034
1301	0.009472358039401104
1328	0.046717554424233795
1358	0.07289392333957981
1364	0.15106676763283525
1387	0.026838324152224736
1435	0.04533443779004698
1490	0.01771735542927576
1491	0.03169780457230812
1638	0.026208416596380447
1645	0.026517843734989117
1675	0.02303861836469874
1705	0.046717554424233795
1716	0.015762548791276178
1807	0.03322222330459892
1840	0.020457391605197706
1888	0.026057614764418483
1906	0.02006551719441087
1993	0.04127900226582774
2004	0.056574850757157395
2057	0.00968685027244544
2063	0.05984562705466894
2069	0.027463909535109483
2076	0.05245287130472951
2082	0.03849613785684312
2098	0.025619845124199778
2109	0.017257126458705127
2199	0.018915465554589977
2280	0.03169780457230812
2322	0.03089375967644398
2430	0.072203390568015
2440	0.05736051060132827
2515	0.06932179475631071
2537	0.041734331819570446
2553	0.03849613785684312
2626	0.023146074712406546
2629	0.02992281352733447
2631	0.1316067717258583
2648	0.03169780457230812
2664	0.02103646334352038
2702	0.03703911168005787
2722	0.03466089737815536
2814	0.09268127902933194
2818	0.03849613785684312
2891	0.009216978638087287
2898	0.1401895618300519
2909	0.03499496833223083
2913	0.028638841523919517
2918	0.015528266609390147
3016	0.06260149772935567
3093	0.022519832392638838
3135	0.03591491109734208
3167	0.007456084214694631
3207	0.023476388004917446
3212	0.021122325221621118
3214	0.01645308156284098
3216	0.06442269895121723
3238	0.036404946905346486
3300	0.11259916196319421
3318	0.016150609175314527
3325	0.03466089737815536
3365	0.014079320642564478
3390	0.021655501730511926
3476	0.021209016695930734
3497	0.04533443779004698
3555	0.03911517624383466
3575	0.039780109860258074
3688	0.06455375262126159
3699	0.03791706611852045
3809	0.04728764637382853
3847	0.027693494529951398
3900	0.04494526748506521
3901	0.07009478091502595
3971	0.03849613785684312
4085	0.08255800453165547
4105	0.04413632766473276
4119	0.027515815500286134
4120	0.054341353761083656
4130	0.011179167010596779
4138	0.022125373364870075
4177	0.035477141457123385
4207	0.028248671453111347
4280	0.028248671453111347
4417	0.022029409906899028
4442	0.07620566036665051
4564	0.014522995184470937
4587	0.01961653233669103
4644	0.01243033276981967
4651	0.08827265532946552
4673	0.024803601045231757
4682	0.01983835321820616
4717	0.02303861836469874
4744	0.0242979744465266
4752	0.039780109860258074
4755	0.04533443779004698
4765	0.022519832392638838
4769	0.08151203064162549
4808	0.036860258091310195
4845	0.3889965758553482
4856	0.023703551981122152
4859	0.0139620314195814
4921	0.02014253481571792
5091	0.031149272420438478
5116	0.3889965758553482
5125	0.05035558921094508
5139	0.027515815500286134
5142	0.0421341726435544
5216	0.03385362633238845
5324	0.026838324152224736
5348	0.04533443779004698
5508	0.026208416596380447
5544	0.011983211906460924
5556	0.03894415592512143
5690	0.019472077962560716
5728	0.030155878521700395
5745	0.0421341726435544
5769	0.023596410795176645
5857	0.017257126458705127
5899	0.02393661697548808
5930	0.06932179475631071
5939	0.03911517624383466
5946	0.019763892228285757
6042	0.054683173535666874
6043	0.06579182939524468
6194	0.030155878521700395
6211	0.03911517624383466
6238	0.13711612532723666
6348	0.008345177119749643
6484	0.028248671453111347
6547	0.04607723672939748
6554	0.00689113127990007
6556	0.01720122286483262
6574	0.06455375262126159
6591	0.033912756076163716
6601	0.01620031843149488
6603	0.06934391103571162
6612	0.059268807189232255
6614	0.015436240184299605
6665	0.02006551719441087
6708	0.010259492416948937
6825	0.04413632766473276
6901	0.034279031331809165
6909	0.02341422653411387
6958	0.015299946457964366
6986	0.022519832392638838
7001	0.010336953310631674
7033	0.052115229528836966
7097	0.029257879910911062
7103	0.02520244438669182
7280	0.04049829287802148
7327	0.03642105746005261
7340	0.062298544840876956
7367	0.03064099654509788
7377	0.02022021926455236
7426	0.03142170593290414
7472	0.02053786297680365
7481	0.074515318377044
7574	0.02937986038236135
7592	0.033912756076163716
7726	0.03204169993164015
7780	0.08051497245667422
7839	0.05293681597044611
7973	0.0421341726435544
7975	0.03615742580062856
8003	0.056883271663886084
8036	0.0197145926658472
8037	0.028350208043126164
8089	0.00529360188387452
8105	0.016872924128583013
8109	0.02393661697548808
8112	0.04728764637382853
8131	0.037830931109179955
8140	0.019763892228285757
8167	0.015390578519387042
8258	0.06455375262126159
8355	0.035059740719615415
8386	0.027163567870242405
8388	0.062298544840876956
8509	0.12993301038307156
8539	0.020377635544134715
8541	0.02590930563917923
8719	0.02937986038236135
8724	0.028001915436680087
8753	0.02787476327672424
8754	0.021934461954309713
8777	0.013731954767554741
8782	0.04127900226582774
8805	0.02146923599769976
8855	0.06782551215232743
8877	0.012259153174311211
8879	0.042955804291773994
8913	0.03791706611852045
8936	0.03169780457230812
8943	0.03064099654509788
8970	0.039780109860258074
9000	0.057154245274987886
9012	0.04835343418976672
9156	0.0242979744465266
9186	0.038659308744649415
9316	0.028059769785596843
9370	0.03039515930972725
9390	0.01754199158419068
9391	0.06339560914461624
9395	0.046717554424233795
9426	0.017600066206292682
9484	0.03289591469762234
9485	0.03258105790814256
9497	0.024547226524104272
9507	0.032276876310630795
9553	0.07206986777520256
9668	0.02533943174665507
9687	0.05293681597044611
9693	0.036860258091310195
9704	0.022222374285730723
9713	0.02393661697548808
9821	0.029695649551129764
9826	0.02608003986734234
9891	0.029104278293690257
9997	0.021296553954073816
9998	0.005487851720844618
10023	0.021934461954309713
10128	0.032696260899156226
10137	0.03769651103809833
10178	0.018327964977891957
10217	0.027463909535109483
10228	0.013288778379482943
10303	0.14015266327270137
10375	0.04714560122429219
10419	0.018848255519049166
10452	0.010441285855853197
10577	0.03322222330459892
10636	0.12993301038307156
10722	0.037830931109179955
10873	0.005578943851376006
10920	0.018649594316031987
10976	0.016351120263456843
11016	0.08150285423213259
11109	0.06644444660919784
11153	0.03033138423185972
11175	0.062480328241802316
11180	0.028059769785596843
11226	0.03737311183320974
11287	0.046717554424233795
11305	0.010388967936246787
11316	0.017369989554266024
11374	0.0971918977861064
11452	0.03466089737815536
11535	0.01871532719457278
11537	0.03485391597117104
11553	0.024547226524104272
11601	0.034279031331809165
11636	0.012300294293816618
11660	0.014522995184470937
11682	0.02393661697548808
11699	0.02147423298373908
11775	0.010898753633052073
11802	0.0249345887407851
11833	0.03396205563860227
11857	0.016052009306255634
11872	0.02904675257488374
11876	0.005609514571889296
11910	0.04413632766473276
12052	0.05181861127835846
12055	0.019134110930061825
12056	0.034279031331809165
12120	0.04533443779004698
12183	0.022125373364870075
12193	0.011351720363007132
12354	0.03089375967644398
12371	0.020867165909785223
12385	0.030155878521700395
12434	0.20804046561373926
12435	0.07560733316007547
12457	0.05293681597044611
12551	0.02393661697548808
12553	0.02947409513921575
12590	0.01940058357798746
12666	0.017600066206292682
12674	0.04544752315043791
12690	0.023819327752505
12694	0.03737311183320974
12698	0.021209016695930734
12748	0.013434085163121242
12766	0.007141876078588754
