139
t_index	tf-idf
631	0.045835359758009835
647	0.03876029328720625
657	0.06641766657798345
817	0.17824851572478617
871	0.07876297949495045
872	0.017248172855788713
902	0.11748631897961703
1051	0.056637579109375176
1052	0.06641766657798345
1075	0.036777027973636266
1100	0.04371186416864233
1203	0.10584568957701987
1273	0.0390065510259326
1329	0.14212191442518443
1420	0.03655565848094042
1590	0.09990771341902628
1605	0.15738574711856576
1654	0.047818625071579836
1740	0.06113686545948499
2057	0.022465224057641158
2157	0.03711356149848011
2244	0.07049082467012666
2418	0.08329193722619264
2506	0.029919096023281806
2577	0.08272556542561556
2702	0.042949561487256926
2801	0.03237999507775385
2949	0.0907138206596883
2994	0.06835474200341454
3073	0.08130867191262266
3215	0.06641766657798345
3280	0.09771531532940969
3442	0.06422526848836685
3824	0.044503158601119315
3939	0.0923643534414038
4029	0.06641766657798345
4130	0.025926125067219228
4344	0.047630311242805035
4430	0.03377706568205353
4457	0.018830473965070878
4467	0.07629044255647126
4587	0.04549361059407345
4710	0.08329193722619264
4949	0.02269018339526307
5135	0.15260768625351398
5139	0.06381320480414449
5140	0.12276822684634792
5248	0.049801890385149816
5347	0.07287153658851805
5401	0.10834484874313087
5414	0.034462585334384295
5415	0.06688529380940562
5416	0.06785330723236667
5766	0.12276822684634792
5809	0.09771531532940969
5857	0.040021802916541546
5913	0.047630311242805035
6065	0.13120536217045253
6144	0.12681828572864928
6488	0.15529307267998346
6560	0.06008747322313332
6609	0.06043142379887102
6763	0.052226788503198285
6805	0.033206933139587995
7133	0.029210986772629902
7169	0.05578813316426226
7281	0.04371186416864233
7282	0.07783252096754166
7305	0.13120536217045253
7311	0.17855636001061015
7321	0.042949561487256926
7327	0.056310509831644096
7417	0.06186706445325423
7514	0.13120536217045253
7591	0.060974011100602715
7751	0.11627048454371873
7821	0.023556128152186332
8037	0.03287414163823894
8089	0.012276637818122344
8105	0.07826156292193936
8117	0.06886855912297561
8156	0.05318367139042329
8438	0.0922558990707587
8495	0.10235860596401845
8497	0.06688529380940562
8504	0.08998558761009005
8537	0.17348088607509612
8651	0.03056941570182799
8681	0.07783252096754166
8709	0.03644585064795428
8777	0.06369282727121837
8830	0.07164715192186251
9019	0.10513719876290534
9068	0.0368886021608582
9081	0.2638056835824042
9119	0.10834484874313087
9254	0.11213869343262672
9260	0.06774725037479626
9443	0.024958111644258197
9495	0.020851350741320693
9539	0.038038537602971545
9987	0.0517643575599945
9998	0.012727131630657744
10128	0.02527580538867305
10171	0.044828298592191694
10183	0.13120536217045253
10448	0.06551280505800887
10577	0.07704719999170465
10729	0.1856011933597627
10773	0.03700077782908384
10873	0.025876775236770833
10880	0.04566409511991628
11032	0.05269973013538039
11134	0.044342474126498846
11305	0.024093537718789852
11350	0.17348088607509612
11454	0.1039880068604638
11481	0.04635777722324504
11514	0.0390065510259326
11536	0.09678802591690143
11537	0.04041566709283341
11541	0.0971787994182734
11542	0.13120536217045253
11544	0.02458317292271556
11553	0.056928612329883686
11592	0.016563056286086272
11623	0.025794425032253362
11643	0.13472734405688191
11658	0.14635991548362265
11802	0.17348088607509612
11854	0.08548433531580923
11876	0.013009285595190958
11889	0.1184558610162158
11958	0.08927818000530507
12196	0.03256094000977605
12512	0.054972007540220025
12534	0.06008747322313332
12755	0.06301277781235373
12834	0.031498145488310744
