240
t_index	tf-idf
182	0.05943133383476776
569	0.0372835870602088
632	0.10272464449626666
633	0.02996953274158043
634	0.06125617688053933
660	0.027639574594217106
858	0.051727130587665864
872	0.010205450015445176
902	0.06951465328356383
946	0.06635055435682961
957	0.03876281058759951
985	0.07763197740330768
991	0.06264773990545017
1040	0.038000997135566
1081	0.039027596196339456
1168	0.16992906891900597
1203	0.03131354559581864
1269	0.045139755072953
1272	0.11563297453887368
1420	0.02162936031127006
1475	0.027639574594217106
1488	0.023913261642571997
1511	0.01623143973018922
1515	0.04349570905373659
1596	0.10210646091472819
1691	0.046052176595838795
1740	0.03617364168160988
1891	0.06909791031591492
1905	0.03317415289238615
2129	0.031323869952725084
2178	0.05781648726943684
2233	0.024807599358634237
2313	0.07763197740330768
2449	0.08029529169637922
2464	0.021694676412813967
2468	0.07277553959287034
2493	0.034294188073347776
2559	0.07763197740330768
2577	0.01631576921237423
2588	0.12935053998253748
2615	0.017421723778236652
2637	0.040748353094651295
2654	0.20729373094774473
2655	0.07763197740330768
2689	0.02874951997281603
2762	0.026048712486060277
2763	0.04470770876900266
2797	0.056643022973001986
2828	0.07763197740330768
2891	0.012647532742598328
2909	0.0720301128797988
2918	0.04261575687427524
3038	0.11563297453887368
3039	0.27639164126365967
3054	0.06635055435682961
3077	0.027639574594217106
3115	0.047826523285143994
3167	0.010231234435896477
3175	0.06056384322852214
3193	0.020215452885423257
3216	0.029466930048173218
3349	0.08212013474215081
3432	0.026331760727961697
3576	0.07763197740330768
3635	0.19251799914486598
3869	0.03268486773004008
3928	0.04239239911386771
3981	0.016878456697489396
4130	0.01534004648955538
4200	0.021694676412813967
4298	0.08039938349566685
4411	0.06909791031591492
4457	0.022283341247148574
4587	0.013458897148752896
4598	0.021435465654187656
4617	0.02996953274158043
4629	0.06410580109115152
4644	0.01705689541885628
4666	0.04470770876900266
4669	0.05911369186638813
4722	0.13270110871365923
4744	0.10002499933808102
4778	0.23289593220992305
4895	0.01657227966256432
4949	0.053701579736644536
4955	0.042749295298852207
4985	0.025772025420361125
4990	0.04181327908026098
5086	0.02886622280171155
5128	0.12044293754456886
5314	0.0205093106594199
5450	0.027325207143283077
5503	0.07263986817854429
5534	0.04388660081374511
5556	0.026719574089087924
5594	0.027120001455303525
5720	0.05282437804467345
5781	0.04388660081374511
5892	0.05128336238624498
5984	0.06410580109115152
6005	0.07763197740330768
6214	0.07763197740330768
6246	0.029103000411831725
6287	0.13819582063182984
6348	0.011451247204660871
6353	0.027639574594217106
6391	0.023913261642571997
6414	0.05557173400375875
6530	0.046052176595838795
6554	0.009456006346366695
6603	0.015858945752205658
6614	0.0211815998299911
6618	0.05458624368323157
6634	0.08341643995955784
6708	0.014078069545437097
6732	0.03146787225237414
6755	0.02345150541548037
6798	0.018842980369385885
6826	0.03515553662342622
6924	0.15526395480661537
6959	0.016967352796790517
7001	0.01418436133883184
7112	0.03985793704011786
7133	0.017283643195276453
7215	0.019871838315821233
7224	0.07263986817854429
7295	0.07763197740330768
7296	0.022647465369453713
7340	0.10685753388253641
7353	0.041060067371075405
7483	0.1658374475653026
7572	0.06635055435682961
7574	0.02015751369019087
7612	0.07763197740330768
7632	0.0372835870602088
7726	0.04396760206639979
7757	0.027639574594217106
7764	0.04388660081374511
7769	0.020273666025859425
7778	0.03496164196634381
7811	0.012337388981676769
7821	0.013937759693420326
7832	0.01873951710283795
8010	0.03535253372635234
8037	0.009725534759385132
8089	0.014527754870977305
8225	0.07263986817854429
8237	0.07763197740330768
8454	0.11628843176279854
8457	0.05282437804467345
8492	0.04928242018204407
8505	0.02010373456103595
8508	0.056643022973001986
8521	0.03638776979643517
8524	0.03957488879821645
8589	0.03515553662342622
8621	0.08941541753800532
8649	0.07763197740330768
8722	0.03009845597472049
8724	0.03842421212493722
8773	0.046052176595838795
8777	0.018842980369385885
8865	0.026331760727961697
8877	0.016822002877160288
8892	0.035963174056261704
8894	0.04349570905373659
8929	0.03496164196634381
8937	0.04653506422295877
8938	0.02934442101484773
9011	0.06056384322852214
9048	0.07649946800955329
9067	0.034215228211459434
9260	0.020042446906247017
9275	0.04311684666084583
9276	0.02874951997281603
9280	0.02934442101484773
9421	0.02886622280171155
9495	0.012337388981676769
9580	0.018895039881476155
9652	0.041620707854909914
9670	0.03617364168160988
9998	0.037652134745703614
10128	0.029910526830979767
10148	0.042749295298852207
10224	0.025063222165533104
10228	0.01823485398665536
10367	0.03252600028368263
10375	0.04312877777465542
10403	0.02383508959414928
10419	0.025863565293832932
10422	0.06056384322852214
10443	0.06410580109115152
10655	0.04756166328373223
10660	0.027962179677424405
10694	0.07263986817854429
10695	0.030228743500206736
10747	0.03300888791080261
10766	0.04703766691636597
10776	0.14268498985119668
10867	0.023603508040770323
10873	0.06889881166051443
11116	0.033683690002347035
11125	0.06056384322852214
11134	0.026236686461967952
11135	0.04170821997977892
11177	0.06635055435682961
11237	0.07763197740330768
11306	0.026331760727961697
11316	0.07150526878244783
11359	0.06410580109115152
11418	0.03236915668154205
11445	0.062207889247738554
11453	0.2309297824136924
11454	0.12305586395651939
11516	0.01931963562164962
11543	0.03876281058759951
11592	0.00980007821372967
11737	0.04810895588560922
11775	0.029910526830979767
11777	0.03176103029881153
11982	0.036605687985560235
12055	0.07876744776920258
12137	0.07263986817854429
12146	0.04429031095728067
12165	0.05911369186638813
12170	0.04044433625909409
12176	0.07763197740330768
12188	0.06246693422101815
12193	0.04673047229902668
12196	0.01926575345133757
12327	0.1154648912068462
12366	0.07763197740330768
12371	0.02863391296130948
12489	0.021056603261296887
12516	0.04031502738038174
12537	0.015737244040362742
12666	0.02415080064264731
12748	0.03686848774181161
12766	0.058800469282378025
12829	0.015690660928702235
