56
t_index	tf-idf
612	0.057249276147151446
1454	0.19468050438143267
2057	0.02921349759434389
2087	0.054707559896503076
2464	0.04768007330669132
2537	0.1887929153319281
2701	0.2045474411567375
2778	0.06318505027465648
2947	0.15186183773896036
3216	0.06476175805001587
3293	0.06947961445100623
3294	0.047536523043462627
3318	0.09741366264993993
3343	0.07046369239552032
3559	0.1706178190031368
3900	0.10165908628372658
4177	0.1069915769793591
4223	0.1706178190031368
4840	0.35388936804939264
4859	0.1684261694219936
5055	0.145823760422841
5084	0.159646273299365
5508	0.07903905744964483
6042	0.2473693791488752
6090	0.1706178190031368
6796	0.09395344253462808
6959	0.03729046747586551
7327	0.07322548572327661
7821	0.06126419138667679
8003	0.08577397570799018
8112	0.09507304608692525
8505	0.022091768491238974
8584	0.1199684222446446
8677	0.07480243000421838
8811	0.08955581663031169
8879	0.043181882312851125
9356	0.1706178190031368
9495	0.02711483683213941
9534	0.07950161847679887
9549	0.07950161847679887
9698	0.333488295201721
9703	0.15186183773896036
9821	0.08955581663031169
9891	0.010971545703771799
9998	0.01655020347543141
10773	0.04811535070050356
10873	0.03364983626200063
11050	0.11434987521060751
12183	0.06672546012269676
12188	0.03432210679509376
12328	0.11609623345489277
12370	0.19118778789286217
12516	0.1329051946395366
12533	0.31929254659873
12566	0.028566634253029518
12748	0.04051436778282916
