202
t_index	tf-idf
552	0.32125086525227764
578	0.12282439235034881
596	0.027642237716999418
708	0.32125086525227764
717	0.039313223811202815
738	0.02115614109697485
764	0.02328394380332315
842	0.16062543262613882
872	0.010557858235139276
875	0.03270523909839986
977	0.04821196880606303
1020	0.022043668774077742
1023	0.02184820905365225
1041	0.05163754329043189
1076	0.053054247394854336
1171	0.02816219597239841
1173	0.04247792794761651
1301	0.013446801782998943
1454	0.045819716285858195
1466	0.04499767568614983
1716	0.04475250371860762
1782	0.05163754329043189
1999	0.031685718442232697
2063	0.04247792794761651
2069	0.01949365438725441
2109	0.04899585887043307
2180	0.049204032905664004
2237	0.03240552624688781
2390	0.16062543262613882
2430	0.04099949250186659
2440	0.02714267531623124
2451	0.03809923817930943
2531	0.04764242156716453
2537	0.11849072536940361
2586	0.07514822269352138
2609	0.08699489720756735
2615	0.03604663970408051
2629	0.08495585589523302
2631	0.03113779703949859
2649	0.059812970062136116
2664	0.02986301316092636
2813	0.04557433037523168
2891	0.013084269436286154
2898	0.06633692272937525
2909	0.012419568617667697
2913	0.04065522266631017
2917	0.03636950563558173
3167	0.010584533027077708
3178	0.05036275941185966
3207	0.03332668959194643
3216	0.06096892730894585
3294	0.02237625185930381
3300	0.03196877916887939
3548	0.07148395615633951
3555	0.055527253031407674
3587	0.04247792794761651
3651	0.029270478022579538
3834	0.04625152741786596
3900	0.0957053302527642
3901	0.033168461364687624
4130	0.015869759384648435
4144	0.10094750337265983
4148	0.026948210340505017
4169	0.04669849287467778
4304	0.022856958285502802
4442	0.05409014341679576
4504	0.04314846215699198
4521	0.06265519599960961
4528	0.068641730218866
4564	0.020616602194375677
4629	0.06631946253679148
4673	0.03521077912938608
4674	0.13263892507358296
4840	0.16658175909422301
4845	0.1274337838428495
4859	0.059460802116909225
4920	0.04760177395597911
4949	0.04166697683623328
4990	0.04325714909265107
5142	0.11962594012427223
5239	0.05132847974096264
5333	0.09811571729519956
5448	0.031004421909871915
5544	0.017011168133593994
5594	0.028056492390686152
5602	0.05749070238006159
5788	0.04669849287467778
5842	0.024029022184011678
6042	0.15525464564173855
6043	0.28019095724806664
6388	0.01891578500584773
6554	0.019565070491634154
6574	0.09163943257171639
6603	0.06562630780892527
6612	0.021034253004196462
6636	0.056471181723894426
6665	0.056969348342677174
6708	0.014564204641658115
6742	0.20930483504205427
6763	0.03196877916887939
6805	0.0609793446719525
6822	0.07514822269352138
6909	0.016619223101408967
7097	0.04153399925512976
7165	0.030484463654472924
7327	0.13787393828242775
7343	0.026661968890032247
7366	0.02357676609015792
7501	0.01773920676793476
7540	0.068641730218866
7610	0.059812970062136116
7651	0.05548909032515524
7808	0.025839928290323888
7811	0.01276341598490801
7862	0.02171954928804099
7969	0.08031271631306941
8012	0.04010134372909172
8112	0.04475250371860762
8388	0.022109494287483378
8505	0.05199486038613181
8662	0.07148395615633951
8731	0.03597143547296114
8865	0.02724103262733979
8879	0.02032644822398417
8896	0.05382643584287973
8944	0.050984209905406225
9000	0.05409014341679576
9001	0.059812970062136116
9186	0.027440055559276866
9272	0.0341487301916548
9318	0.08031271631306941
9495	0.02552683196981602
9538	0.03906099361857642
9553	0.051154592260395836
9650	0.0486619422233317
9703	0.07148395615633951
9799	0.047161715140965545
9820	0.02178371672095699
9821	0.04215544974867633
9891	0.025822468097740126
9998	0.03895231472339536
10016	0.056471181723894426
10022	0.056471181723894426
10131	0.06672652422714236
10190	0.03225827364158803
10211	0.021403473305116626
10345	0.05232620876051357
10367	0.033649167790886614
10442	0.0398331820666018
10448	0.04010134372909172
10452	0.01482227558114615
10476	0.03285778234074157
10636	0.09222536924923783
10682	0.07666590996847131
10717	0.05163754329043189
10722	0.0537041600175403
10853	0.02714267531623124
10920	0.026474653624566906
10967	0.11105450606281535
11016	0.09256007604859799
11039	0.04814198396793271
11124	0.10465241752102714
11153	0.021528964059068893
11175	0.03547841353586952
11305	0.02949601186685605
11401	0.023651035737876042
11404	0.08816040110941484
11418	0.06697381632706466
11483	0.16062543262613882
11514	0.047752957883339935
11516	0.0799470768027767
11538	0.08031271631306941
11623	0.06315657548760244
11636	0.03492258602420027
11650	0.04153399925512976
11660	0.04123320438875135
11682	0.0339800229769721
11693	0.04010134372909172
11856	0.053054247394854336
12082	0.04669849287467778
12145	0.07514822269352138
12157	0.05163754329043189
12183	0.03140881169975949
12188	0.03231200167024241
12193	0.032229426502345504
12262	0.02638201897265619
12329	0.0261080899528138
12434	0.06815325730642295
12467	0.030484463654472924
12488	0.03402233626718799
12566	0.013446801782998943
12590	0.027540745478851835
12596	0.06435601318813756
12674	0.09677482092476407
12718	0.029622681342350903
12721	0.04153399925512976
12748	0.03814160731108508
12766	0.03041546516339134
12829	0.008116240511205457
12838	0.03539672708139455
12855	0.03225827364158803
12868	0.02714267531623124
