382
t_index	tf-idf
44	0.016255138567728263
75	0.021476108013973906
91	0.015500072807766451
179	0.030911081378218457
222	0.025161970199280553
279	0.05791222308349083
320	0.03919800490017012
356	0.021651298049661687
394	0.028026310458239122
542	0.03830905806316614
554	0.021476108013973906
601	0.031934045654588704
604	0.018531463617381352
607	0.019886438305306054
616	0.032208609291071055
633	0.022387466743621773
639	0.04067034228809029
647	0.08565862618928609
657	0.05871210552110031
706	0.028956111541745416
720	0.03946020836977744
758	0.01774696481332405
790	0.021219425341744046
817	0.2100916057110679
843	0.1159833439743176
865	0.020412135599767983
866	0.030439326753272433
868	0.05426252878650894
872	0.015247096095527898
902	0.08308475154414384
918	0.01645400466753205
924	0.0579916719871588
983	0.02616714413067751
1020	0.015917145722686304
1023	0.03155201893576326
1049	0.02640860903391393
1051	0.025033335951549354
1075	0.0812756928386413
1116	0.032024908670088684
1119	0.030672179666166696
1143	0.1159833439743176
1160	0.1159833439743176
1170	0.048831684873800366
1203	0.21052309024183835
1206	0.020887958881620643
1240	0.013366585127116764
1277	0.04956436397900473
1301	0.00970957718870129
1329	0.031408348360126785
1427	0.038866634761426495
1511	0.012125007763519425
1517	0.044158373177281655
1600	0.02671018355262258
1605	0.11593863837283022
1610	0.047887516377931504
1665	0.02977417925228397
1681	0.031667441515606576
1710	0.10244874776122634
1737	0.03967197012452288
1740	0.027021982862587175
1797	0.04151250396935407
1833	0.19825745591601893
1867	0.02611660994427163
2069	0.014075848295928374
2085	0.030672179666166696
2097	0.10323331915716272
2117	0.03339699527116461
2133	0.04077633527539399
2157	0.049211650707514994
2233	0.018531463617381352
2277	0.018594674854433117
2301	0.05426252878650894
2386	0.03946020836977744
2464	0.0324121734491811
2509	0.032208609291071055
2529	0.031408348360126785
2577	0.15844403278647384
2621	0.019741597535694197
2697	0.03249162235284906
2708	0.0579916719871588
2716	0.02048974955224527
2771	0.09293952386467613
2822	0.0200335966253365
2891	0.009447802243207612
2949	0.04009474952376063
2970	0.02977417925228397
2986	0.03864055625290612
3061	0.02785112042255134
3102	0.05161665957858136
3133	0.021651298049661687
3182	0.05535841031895385
3187	0.02210445368184376
3215	0.029356052760550155
3276	0.031156354547946203
3280	0.17275740628170919
3343	0.023950061958827075
3359	0.02056802405693941
3365	0.02886382672082747
3369	0.045962080703945446
3381	0.03278362144249136
3438	0.02130419275089949
3474	0.07360820690892307
3505	0.08155267055078798
3613	0.047887516377931504
3635	0.028762479152199205
3809	0.016157295104656202
3869	0.07324752731070056
3878	0.034054217568054365
3879	0.06498324470569812
3971	0.03946020836977744
3992	0.028956111541745416
4011	0.01911664179038215
4023	0.05111806649202256
4042	0.0579916719871588
4064	0.04524164717000393
4148	0.019458584473916185
4162	0.028387031153695806
4186	0.03552892079490396
4191	0.029562740083143482
4209	0.020412135599767983
4219	0.014594699889450903
4264	0.04210439787743783
4286	0.0579916719871588
4298	0.015014736296836372
4304	0.016504400403418395
4336	0.028387031153695806
4342	0.08322770307596467
4359	0.02626145071388349
4398	0.043189351570427297
4413	0.06182216275643691
4428	0.029990593914533344
4429	0.02611660994427163
4434	0.047887516377931504
4442	0.019528525486161047
4457	0.016645823790745116
4471	0.09048329434000786
4481	0.0579916719871588
4485	0.046469761932338066
4505	0.024906476025958784
4535	0.08155267055078798
4559	0.046469761932338066
4572	0.02130419275089949
4587	0.04021559026917841
4628	0.047887516377931504
4636	0.027021982862587175
4640	0.028151696591856748
4682	0.020335171144045146
4701	0.037286093786795885
4730	0.030212223886697042
4737	0.023615581505955913
4828	0.022879412811995826
4859	0.014311686827672898
4921	0.04129394090801949
4937	0.046469761932338066
5109	0.04790012391765415
5135	0.08993509348025758
5139	0.08461470736181656
5191	0.0579916719871588
5216	0.01735071650715173
5248	0.0660360562353551
5333	0.047231163011911825
5345	0.02583359688249362
5368	0.04151250396935407
5369	0.011488374197108266
5412	0.04956436397900473
5414	0.015232174291358005
5415	0.08868822024943043
5416	0.029990593914533344
5450	0.020412135599767983
5474	0.01911664179038215
5476	0.03552892079490396
5548	0.03628101435340557
5583	0.02418000390515566
5656	0.022292158131263735
5708	0.05161665957858136
5751	0.0579916719871588
5788	0.0337197371151832
5836	0.03681433916184987
5842	0.01735071650715173
5854	0.0579916719871588
5888	0.04077633527539399
5896	0.024906476025958784
5913	0.021052198938718916
5970	0.0501696171594971
5978	0.019049752777099246
6006	0.07627429555703003
6018	0.024781342139368768
6049	0.046469761932338066
6061	0.02734472470660577
6098	0.0579916719871588
6298	0.019458584473916185
6348	0.00855416793374463
6353	0.04129394090801949
6379	0.02751044448356685
6391	0.0178633866056857
6488	0.11439706405997914
6544	0.020646970454009744
6554	0.007063707980773716
6560	0.02655816027675934
6603	0.011846751955655717
6612	0.015188273497801854
6620	0.019959723145541744
6660	0.022387466743621773
6671	0.19250773834872426
6696	0.019251897151322864
6708	0.0105164240123634
6744	0.04439565412072496
6755	0.017518451225250774
6798	0.014075848295928374
6805	0.01467718653014148
6842	0.027021982862587175
6845	0.1436625491337945
6901	0.1054124746823299
6909	0.0480011922904659
6985	0.015144581259870773
7056	0.023399166843706538
7167	0.03552892079490396
7185	0.046469761932338066
7206	0.015365148156406232
7215	0.014844412933166613
7296	0.01691782725335989
7324	0.06134435933233339
7327	0.012444387034060507
7472	0.06315659681615673
7488	0.038866634761426495
7501	0.012809008428856412
7515	0.09422504508038035
7565	0.030439326753272433
7574	0.015057814590053266
7591	0.013475001299466084
7738	0.021219425341744046
7743	0.11449349462138318
7754	0.016504400403418395
7764	0.03278362144249136
7811	0.018432245034451542
8003	0.029153908386326532
8021	0.020887958881620643
8036	0.010104155609227288
8037	0.10171066830235356
8079	0.043189351570427297
8089	0.005426171169199589
8103	0.01267474036852181
8105	0.03459095581989538
8131	0.038778342646795465
8144	0.028956111541745416
8156	0.02350673764643465
8211	0.04956436397900473
8249	0.044158373177281655
8316	0.03636560632311078
8386	0.04176575006871053
8433	0.03636560632311078
8504	0.05965931491591817
8508	0.12693829470089504
8509	0.02219782706036248
8537	0.10223613298404512
8542	0.04231276490029834
8601	0.047887516377931504
8638	0.1159833439743176
8645	0.014844412933166613
8665	0.019458584473916185
8761	0.01697083719139206
8775	0.020887958881620643
8777	0.056303393183713496
8865	0.019670023643056686
8882	0.02465788795304595
8892	0.026864761960822704
8894	0.03249162235284906
8895	0.0337197371151832
9081	0.07773326952285299
9109	0.01497185883555248
9119	0.047887516377931504
9169	0.10852505757301788
9170	0.044158373177281655
9178	0.0227788959777491
9235	0.02611660994427163
9278	0.031408348360126785
9306	0.019528525486161047
9376	0.06032420483240926
9390	0.017981301025759868
9411	0.03681433916184987
9426	0.01804083002832275
9485	0.03339699527116461
9495	0.009216122517225771
9588	0.044158373177281655
9597	0.03830905806316614
9648	0.03636560632311078
9652	0.015545491165683352
9670	0.08106594858776152
9786	0.03636560632311078
9891	0.04847886160844813
9894	0.0547829786658146
9979	0.03946020836977744
9987	0.04575882562399165
9998	0.016875856992117133
10001	0.06952408712454648
10116	0.05059536329662524
10128	0.033515083325793
10135	0.01911664179038215
10171	0.01981373279792858
10184	0.028762479152199205
10209	0.016157295104656202
10211	0.015454877636783989
10296	0.046469761932338066
10303	0.09577503275586301
10329	0.12733716578149043
10355	0.03681433916184987
10424	0.029990593914533344
10425	0.043189351570427297
10489	0.08462552980059668
10528	0.05426252878650894
10535	0.03278362144249136
10558	0.015232174291358005
10665	0.02056802405693941
10677	0.03552892079490396
10729	0.02734472470660577
10747	0.02465788795304595
10773	0.03270806826242942
10792	0.027679205159476927
10863	0.047887516377931504
10873	0.011437318085115514
10880	0.020183147868181903
10884	0.11185828136038765
10948	0.019858882032218413
10976	0.016760606351595413
11132	0.022483773370064394
11134	0.01959900245008506
11199	0.02640860903391393
11209	0.018722415779956106
11305	0.010649142026551674
11337	0.034054217568054365
11346	0.03636560632311078
11350	0.02555903324601128
11377	0.03476204356227324
11379	0.04956436397900473
11401	0.01707778256834131
11440	0.0579916719871588
11454	0.015320609576449387
11455	0.02977417925228397
11493	0.033085195961200006
11536	0.021389748705413804
11541	0.12885664808384345
11544	0.01086555668880105
11592	0.014641464515752434
11663	0.01635403413121471
11711	0.024906476025958784
11713	0.029153908386326532
11779	0.04231276490029834
11802	0.05111806649202256
11833	0.10443773324603736
11876	0.02874997677470996
12055	0.019613292301644738
12072	0.0579916719871588
12119	0.05161665957858136
12193	0.02327200991151275
12304	0.037286093786795885
12309	0.0271819381775686
12332	0.03278362144249136
12371	0.021389748705413804
12436	0.058307816772653065
12445	0.031408348360126785
12488	0.012283311134394485
12489	0.015729441273266333
12504	0.08454172829995767
12512	0.04859433451517852
12516	0.015057814590053266
12520	0.0660360562353551
12525	0.04145320075634495
12537	0.011755839860027848
12553	0.030212223886697042
12566	0.01941915437740258
12567	0.02583359688249362
12612	0.015545491165683352
12643	0.024781342139368768
12645	0.043189351570427297
12737	0.02267946583326407
12739	0.011256985922928373
12748	0.013770519052208417
12766	0.036603661289381084
12820	0.03552892079490396
12834	0.02784383337914035
12835	0.05879700735025518
12850	0.0227788959777491
