364
t_index	tf-idf
3	0.02635001337816683
8	0.0525327057811487
79	0.0525327057811487
189	0.01711109226481024
277	0.01824022118699845
289	0.04016051277391308
324	0.040806315195464245
355	0.0364804423739969
364	0.03746768705116645
385	0.032500782469666076
389	0.0384539059848221
393	0.03797890948600448
445	0.044942056398762066
497	0.023706220099445945
502	0.0525327057811487
551	0.22196502718895572
596	0.040627900838163714
612	0.019803917987556874
631	0.04123676246422303
639	0.020696061532093222
655	0.046044555367208743
717	0.028890818735124155
764	0.01711109226481024
838	0.04395583746510641
858	0.03932631420604674
871	0.017715200085454533
872	0.031035375777615642
977	0.05314560025636361
982	0.026580104125388884
1023	0.03211197588310187
1100	0.01966315710302337
1157	0.016055987941550935
1206	0.02125865965088994
1253	0.029877037668779808
1301	0.00988189406051868
1328	0.04873738108995537
1358	0.0760454815053466
1364	0.1050654115622974
1387	0.05599735038117562
1416	0.03794781395429268
1420	0.01644404029400437
1435	0.0472944656094042
1444	0.044942056398762066
1465	0.02449138622328654
1490	0.018483362712472824
1491	0.03306825453932884
1638	0.027341533673250585
1639	0.050443987879046366
1645	0.027664338849159417
1705	0.04873738108995537
1716	0.01644404029400437
1807	0.03465858129362878
1906	0.02093304690974508
1989	0.058545859696271026
1993	0.04306369392057006
1995	0.03746768705116645
2057	0.010105659834039021
2063	0.031216522014878356
2069	0.028651307666446687
2076	0.05472066356099534
2082	0.04016051277391308
2087	0.03784935294919394
2098	0.02672751539913764
2199	0.019733272954668275
2259	0.04306369392057006
2280	0.03306825453932884
2322	0.03222944687942195
2430	0.045195056189946764
2431	0.025221139184482294
2437	0.028345397140739255
2440	0.03989365595217886
2451	0.02799867519058781
2537	0.10884677395323736
2553	0.04016051277391308
2560	0.03465858129362878
2601	0.037010990504270924
2626	0.024146791883651528
2631	0.13729677134586266
2648	0.03306825453932884
2702	0.01932024614122344
2719	0.05902085619508866
2722	0.03615945623135427
2757	0.03794781395429268
2814	0.03222944687942195
2891	0.009615473367959915
2898	0.02437510618849551
2909	0.027380978020878497
2913	0.059754075337559616
2918	0.01619962895608462
3016	0.04353870958129494
3057	0.04306369392057006
3093	0.023493474068339175
3135	0.03746768705116645
3167	0.007778446930472703
3207	0.02449138622328654
3214	0.017164428149439696
3216	0.1344160099271052
3218	0.029079924609779782
3285	0.024971513126412777
3300	0.11746737034169588
3325	0.03615945623135427
3346	0.03196575557088215
3365	0.014688038021279501
3497	0.0472944656094042
3555	0.040806315195464245
3575	0.04149999712001163
3688	0.06734472471994625
3699	0.039556404953268794
3809	0.01644404029400437
3840	0.025221139184482294
3847	0.028890818735124155
3869	0.02484915292094565
3890	0.03537896914906411
3900	0.04688846958293086
3901	0.07312531856548654
3946	0.021341863953644374
4085	0.08612738784114012
4105	0.046044555367208743
4120	0.08503619142221777
4138	0.02308196066191893
4177	0.037010990504270924
4207	0.02946999865175009
4220	0.03615945623135427
4222	0.02484915292094565
4260	0.01654362019514749
4280	0.02946999865175009
4366	0.030979536637226496
4421	0.02672751539913764
4442	0.09937550125094302
4472	0.014688038021279501
4587	0.020464650257052144
4598	0.03259325804051121
4620	0.013140144740306083
4636	0.027501544790639265
4651	0.046044555367208743
4659	0.06341857919684449
4673	0.02587598112622099
4682	0.020696061532093222
4695	0.02560852228998826
4713	0.0365755435066301
4717	0.02403468967639101
4744	0.025348493835115532
4752	0.04149999712001163
4755	0.0472944656094042
4769	0.08503619142221777
4781	0.10088797575809273
4845	0.2809486981339052
4848	0.04306369392057006
4856	0.0247283716009384
4949	0.01020685457559445
4990	0.010596387443198303
5086	0.021945971774288673
5091	0.03249600667971278
5116	0.3745982641785403
5139	0.02870545777847276
5142	0.04395583746510641
5185	0.03746768705116645
5216	0.01765864146971157
5314	0.031185012042175435
5324	0.02799867519058781
5348	0.0472944656094042
5484	0.022971759371028383
5544	0.012501304329062284
5556	0.040627900838163714
5569	0.04873738108995537
5594	0.020618381232111516
5656	0.02268777937002457
5690	0.020313950419081857
5728	0.03145966354035273
5745	0.04395583746510641
5792	0.02259177419583983
5844	0.0525327057811487
5857	0.018003235809346582
5890	0.04016051277391308
5899	0.024971513126412777
5915	0.028890818735124155
5921	0.0525327057811487
5930	0.07231891246270854
5972	0.03898893288360603
5989	0.03278021881543679
6042	0.14261848146065864
6043	0.10295449434457286
6106	0.04224923067601543
6194	0.03145966354035273
6211	0.040806315195464245
6238	0.25032756183452826
6298	0.019803917987556874
6348	0.008705979637868963
6391	0.018180409977572417
6484	0.02946999865175009
6547	0.02403468967639101
6554	0.007189068337772049
6574	0.033672362359973125
6591	0.03537896914906411
6603	0.07234198493623029
6612	0.04637346408104615
6614	0.016103623781899872
6630	0.026012632055726126
6662	0.050443987879046366
6665	0.02093304690974508
6708	0.010703060078311205
6777	0.04461905804222559
6813	0.04224923067601543
6901	0.03576108026207547
6909	0.024426537210340465
6947	0.02046492824742768
6958	0.015961437416144284
6959	0.012899680298341083
6986	0.023493474068339175
7033	0.027184211946033175
7103	0.026292068401496834
7226	0.0525327057811487
7280	0.04224923067601543
7327	0.05066095543759786
7340	0.03249600667971278
7366	0.017326283866780496
7367	0.03196575557088215
7377	0.02109443750137202
7426	0.03278021881543679
7481	0.015547395464251813
7574	0.030650094369709967
7592	0.03537896914906411
7696	0.055225531503895336
7726	0.033427018164467096
7766	0.0525327057811487
7780	0.02799867519058781
7784	0.031216522014878356
7973	0.04395583746510641
8003	0.08901391745224295
8036	0.010283475105133276
8037	0.029575925161455394
8089	0.011044939981664269
8105	0.017602422547402866
8109	0.024971513126412777
8112	0.01644404029400437
8131	0.019733272954668275
8140	0.020618381232111516
8167	0.016055987941550935
8168	0.03615945623135427
8212	0.01711109226481024
8213	0.050443987879046366
8258	0.06734472471994625
8292	0.0247283716009384
8355	0.0365755435066301
8376	0.029079924609779782
8386	0.01416899038670713
8388	0.03249600667971278
8509	0.06777532258751949
8539	0.02125865965088994
8541	0.027029490697350823
8690	0.0525327057811487
8719	0.030650094369709967
8724	0.029212574174864125
8754	0.02288279522431044
8782	0.04306369392057006
8805	0.01119872764559039
8855	0.03537896914906411
8877	0.006394587938732207
8879	0.029875328158698033
8899	0.03278021881543679
8936	0.03306825453932884
8970	0.04149999712001163
9000	0.0795004010007544
9186	0.020165369165651956
9260	0.015237565964678155
9269	0.027341533673250585
9272	0.025095494043930834
9370	0.031709289598422244
9390	0.018300417037069958
9391	0.03306825453932884
9395	0.04873738108995537
9426	0.018361002507005692
9443	0.011227049671514581
9507	0.033672362359973125
9525	0.023923914153623785
9549	0.027501544790639265
9553	0.07518579801858602
9575	0.03898893288360603
9662	0.03222944687942195
9663	0.05902085619508866
9687	0.055225531503895336
9693	0.0384539059848221
9704	0.02318315540347436
9713	0.024971513126412777
9820	0.016008593296363553
9821	0.030979536637226496
9826	0.02720760659501794
9891	0.022771948147159927
9997	0.022217307364532802
9998	0.011450236382460559
10128	0.034109878980141395
10131	0.01634550862180792
10137	0.01966315710302337
10171	0.020165369165651956
10217	0.028651307666446687
10273	0.030979536637226496
10303	0.09747476217991075
10375	0.016394644810370482
10419	0.01966315710302337
10498	0.03794781395429268
10577	0.03465858129362878
10636	0.13555064517503898
10671	0.02288279522431044
10722	0.019733272954668275
10873	0.011640297353533193
10906	0.039556404953268794
10920	0.019455906811809188
10948	0.010105659834039021
10976	0.034116117136234615
11012	0.03898893288360603
11016	0.11903726558079453
11039	0.03537896914906411
11049	0.03431816478152429
11109	0.06931716258725756
11153	0.04746413582151851
11175	0.09125431859492353
11180	0.029272929848135513
11187	0.04016051277391308
11226	0.03898893288360603
11287	0.04873738108995537
11291	0.039556404953268794
11305	0.010838133452840541
11316	0.018120978524416666
11374	0.10139397534046213
11418	0.02460912893835662
11535	0.01952448164178617
11537	0.054541229932717254
11544	0.0110583888485111
11553	0.02560852228998826
11557	0.03537896914906411
11567	0.015022374362707902
11608	0.033672362359973125
11636	0.012832095727283485
11660	0.030301789534855586
11699	0.022402668321184194
11702	0.02101339437669931
11833	0.035430400170909065
11872	0.030302584694660403
11876	0.011704082235863328
11910	0.046044555367208743
11917	0.04873738108995537
12042	0.039556404953268794
12052	0.08108847209205247
12055	0.019961371431124482
12056	0.03576108026207547
12264	0.050443987879046366
12296	0.046044555367208743
12354	0.03222944687942195
12385	0.03145966354035273
12434	0.18364505488487845
12435	0.05258413680299367
12457	0.055225531503895336
12534	0.027029490697350823
12551	0.024971513126412777
12591	0.020541340283410866
12674	0.04741244019889189
12690	0.02484915292094565
12694	0.03898893288360603
12698	0.022125985445775084
12719	0.017218069685505988
12738	0.03615945623135427
12766	0.007450654051335755
12819	0.05902085619508866
12860	0.039556404953268794
