250
t_index	tf-idf
44	0.019443239561976855
91	0.018540083652550773
184	0.025584894679120975
231	0.030900309513883114
316	0.030571896037929598
356	0.025897741385182627
360	0.04877374941564549
392	0.16631952728769941
553	0.03852564552403741
566	0.050611517155530625
633	0.026778293969527286
647	0.10245875066575168
657	0.10534086142161586
660	0.02469643621269193
706	0.034635239259492905
764	0.020110173114913473
765	0.040333149051033634
817	0.18847246685013455
847	0.029791353546426775
872	0.009118745459309291
902	0.012422508130961758
1051	0.029943094358342633
1075	0.03888647912395371
1100	0.023109541296832334
1105	0.04573193201672519
1164	0.03994710823300051
1203	0.11191677046464474
1329	0.22541058221098154
1420	0.05797861853058762
1490	0.021722962984542547
1511	0.014503071115307298
1605	0.05547101825013553
1694	0.06927047851898581
1706	0.031238829590866216
1737	0.04745278644121011
2075	0.03395454581177056
2157	0.019621157743643574
2158	0.043497949439848985
2201	0.04403469171654982
2232	0.12980994804059742
2237	0.05597683521395345
2349	0.03762887576477978
2386	0.04719949210536518
2449	0.0358726134296947
2493	0.030642448035242045
2565	0.03251309938351219
2577	0.11662736768711586
2621	0.0708404807421358
2635	0.02864735912581905
2670	0.06490497402029871
2702	0.022706527935786987
2729	0.024984689413990704
2762	0.023274973503728823
2917	0.03141207780835576
2949	0.047958485061187925
2970	0.10684126085139303
3012	0.04877374941564549
3025	0.04582256805823817
3026	0.06174017363148337
3046	0.05166002772670411
3177	0.05411483762132908
3214	0.04034571448295024
3242	0.04287441152768739
3280	0.05166002772670411
3343	0.02864735912581905
3365	0.03452485472640722
3378	0.025792467524915447
3754	0.05727963801014443
3761	0.036687877784152265
3808	0.01974138882504147
3929	0.03270781304087935
3939	0.02441554347778844
4011	0.022865966008362593
4059	0.027488284463717663
4085	0.050611517155530625
4234	0.042986181145376334
4283	0.04582256805823817
4393	0.045193766378651204
4415	0.029062541773997978
4417	0.027009903249338614
4472	0.01726242736320361
4505	0.1191654141857071
4572	0.025482558737003697
4587	0.04810302615828261
4602	0.06174017363148337
4666	0.03994710823300051
4712	0.050611517155530625
4765	0.055222404656967795
4853	0.050611517155530625
4856	0.058125083547995955
4949	0.011995821733489287
4950	0.04403469171654982
4985	0.02302774884237873
5135	0.0806804673002156
5206	0.05727963801014443
5271	0.04719949210536518
5314	0.01832542251111999
5332	0.027988417606976724
5345	0.030900309513883114
5357	0.03957415609521089
5415	0.03536084513522205
5416	0.0717452268593894
5474	0.022865966008362593
5559	0.049654301999990144
5561	0.09640114731782781
5578	0.029062541773997978
5583	0.02892239931259974
5602	0.049654301999990144
5690	0.047748799813982605
5740	0.0319488200850566
5769	0.05786235539697988
5842	0.020753691899634438
5913	0.02518114167814884
5970	0.015002331125945801
6173	0.02450837976245498
6205	0.04073323075731227
6298	0.023274973503728823
6312	0.03640935570639553
6348	0.010231886716695122
6466	0.046489501611174794
6488	0.05473344967039152
6544	0.02469643621269193
6671	0.12792447339560484
6701	0.02736672483519576
6720	0.05411483762132908
6732	0.028117086143304625
6947	0.024051839793210156
6959	0.030321244244609274
6986	0.027611202328483898
7063	0.09297900322234959
7107	0.03819723204808388
7247	0.028512375414549096
7313	0.13210407514964947
7327	0.04465526958697814
7356	0.03440362997968157
7417	0.03270781304087935
7481	0.01827240537502834
7619	0.09930860399998029
7735	0.03395454581177056
7738	0.02538116599670866
7741	0.06490497402029871
7743	0.0684744837743507
7754	0.01974138882504147
7803	0.028512375414549096
7939	0.035113620473871954
8021	0.024984689413990704
8036	0.012085871631493224
8037	0.017379865815281115
8089	0.006490399667001064
8105	0.02068761942205877
8131	0.023191946434555678
8156	0.028117086143304625
8285	0.042986181145376334
8414	0.022549367627999677
8442	0.0411484134054912
8504	0.11893370899100737
8537	0.030571896037929598
8572	0.059285363736858394
8628	0.06490497402029871
8651	0.03232281157609438
8656	0.04403469171654982
8722	0.026893489100071864
8761	0.020299307305484078
8777	0.03367305536221304
8811	0.03640935570639553
8830	0.03787833915640867
8865	0.023527881985637794
8868	0.06936550964163765
8877	0.007515374732150011
8997	0.027246493753797858
9068	0.019502226483177884
9081	0.27893700966704876
9109	0.01790827170219747
9119	0.400957466071011
9124	0.031238829590866216
9178	0.13623246876898928
9260	0.01790827170219747
9278	0.03756843036849692
9353	0.040333149051033634
9390	0.043015904419783695
9443	0.01319482759894957
9495	0.011023669665339108
9539	0.040220346229826946
9563	0.03957415609521089
9570	0.026893489100071864
9580	0.01688304375230069
9826	0.015988157570557642
9891	0.05352642745606723
9893	0.04582256805823817
9894	0.016381874778858958
9986	0.019210404744989747
9987	0.02736672483519576
10087	0.052439491738283814
10121	0.020621941409386123
10128	0.0133627855857784
10167	0.023527881985637794
10171	0.023699776646134308
10178	0.022471621477936
10211	0.018486024406436374
10329	0.13327269607559894
10542	0.06936550964163765
10695	0.05401980649867723
10724	0.0528191023888055
10729	0.1308312521635174
10773	0.01956153139470852
10873	0.027361011356362725
10956	0.05727963801014443
11032	0.027861236601507283
11089	0.031238829590866216
11121	0.049654301999990144
11175	0.030642448035242045
11184	0.025688191536157572
11209	0.04478884183876834
11214	0.047958485061187925
11305	0.025475491173336303
11344	0.03697363500485112
11454	0.14660338008895993
11457	0.0411484134054912
11541	0.15412914921694545
11601	0.042028965989835854
11636	0.015081191925632703
11649	0.05166002772670411
11720	0.03232177222284622
11751	0.029943094358342633
11802	0.15285948018964798
11833	0.06246049082731157
11876	0.027510940420612046
11889	0.11481271467433903
11979	0.05727963801014443
12055	0.011730011996854054
12063	0.07337575556830453
12196	0.08607141357739206
12252	0.041579881821924854
12262	0.022785958132458924
12298	0.041579881821924854
12445	0.07513686073699384
12482	0.05558382107134221
12489	0.01881443788238989
12507	0.05727963801014443
12564	0.019985866318329607
12567	0.030900309513883114
12612	0.018594409858987623
12638	0.023442931490557657
12659	0.04463551669637669
12739	0.013464805183502416
12766	0.008756538768704669
12768	0.026219745869141907
12795	0.09476429434401333
12834	0.016652405651871757
12839	0.020753691899634438
