41
t_index	tf-idf
1171	0.10757515382985099
1203	0.06187160401137267
1710	0.32517866868261436
2012	0.15529654848654534
2121	0.11644585068098087
2152	0.23933298221855429
2157	0.08677823687150815
2464	0.08573187115212724
2577	0.06447579107641917
2710	0.447677785534531
3370	0.3437680704066961
4219	0.07720746850797709
4836	0.11361082761018584
5300	0.24582983604599276
5369	0.12154937007950552
5978	0.10077515802059939
6014	0.20265887043830438
6379	0.14553309024467728
6769	0.14920684457218936
7133	0.06830058412770704
7215	0.15705695255649263
7457	0.24582983604599276
7483	0.10922460435553812
7700	0.09267441478942046
8037	0.0768657044715969
8505	0.03972243577796112
8651	0.07147683729855642
8880	0.10677093501256825
9891	0.01972755235851191
9998	0.02975834166131728
10128	0.0590994164552555
10355	0.19475165320356916
10558	0.08057977387791888
10695	0.11945634465973037
11404	0.11225294978584943
11623	0.060312043227242144
11876	0.060836137591096566
12193	0.061555666987683826
12196	0.07613338226898618
12717	0.1397042670126532
12835	0.10368074547024064
