29
t_index	tf-idf
875	0.19847586027790792
980	0.348889564101128
1206	0.17555170544640852
2440	0.16471874177175808
2891	0.07940353607143905
2909	0.07536971548367938
2918	0.1337747787274362
3900	0.1935999478854957
4200	0.13620316753962966
4739	0.25979048905126634
4920	0.14443867858972037
5416	0.2520543026192763
6391	0.15013185354534483
6827	0.15314381977256794
7097	0.2520543026192763
7165	0.18499880495379575
7343	0.3236030286297998
8112	0.1357931010444057
8386	0.1170059856871586
8521	0.22844910943451527
8879	0.12335360966209828
9186	0.16652343120975768
9820	0.13219722697131178
10541	0.16652343120975768
10920	0.1606647680479008
11592	0.12305338595026896
11658	0.18122745440791885
12839	0.14582314580424482
12868	0.16471874177175808
