436
t_index	tf-idf
15	0.011983571908905338
16	0.012913501787716794
278	0.015104811424623162
282	0.02893227983514219
320	0.0161378572626533
361	0.028326117080960264
394	0.023076919293507588
551	0.07696261130635136
596	0.032869750789120605
631	0.03336234650538338
639	0.016744020016835223
669	0.03111089375806659
716	0.0212714346116528
717	0.04674787485082917
721	0.042774110100211975
746	0.047750457062028524
762	0.02586169597061391
764	0.027687245802551427
793	0.047750457062028524
801	0.027764898029116664
827	0.04467987319750025
831	0.02417183172721231
854	0.019179370106389402
872	0.012554488989235255
878	0.04467987319750025
941	0.03636009154551928
977	0.014332372580798515
983	0.032319117110242296
1023	0.03896999190882328
1100	0.047725065314960825
1105	0.047222041633009935
1116	0.026369372945568275
1206	0.017199186529940062
1246	0.03070144314465376
1259	0.040811395031174244
1273	0.028391837179366025
1301	0.023984655007474
1358	0.041016082940575876
1411	0.05172339194122782
1416	0.06140288628930752
1446	0.01990986289356313
1463	0.02994351195204107
1471	0.0177552521337341
1475	0.017000756183465002
1488	0.01470874775409284
1497	0.029514275283053237
1507	0.018049385865828434
1531	0.03636009154551928
1565	0.025452245357201073
1638	0.02212049797039712
1787	0.047750457062028524
1807	0.08412092968061494
1895	0.023373937425414586
1944	0.04218563952207548
1989	0.023683082047689503
1991	0.04250125927457584
2057	0.05723144918054084
2075	0.04674787485082917
2085	0.025255533216431987
2087	0.09186535164038041
2121	0.018124739637961903
2223	0.02893227983514219
2233	0.09155306209701151
2282	0.03725206148712316
2322	0.026075033785715063
2340	0.03636009154551928
2349	0.025903305919343665
2386	0.032491613379193277
2393	0.05552979605823333
2396	0.0216237303000601
2430	0.08531781872814878
2437	0.04586533494536618
2451	0.022652154232779484
2453	0.023683082047689503
2537	0.12328652882195296
2601	0.02994351195204107
2607	0.03725206148712316
2631	0.01851318332634679
2701	0.028623135212867273
2762	0.016022236824200113
2796	0.02417183172721231
2813	0.027096519774404235
2818	0.032491613379193277
2891	0.0233380169886144
2893	0.03556219724372156
2898	0.019720528241557345
2909	0.059073093799503526
2913	0.04834366345442462
2918	0.039318627520317895
2943	0.04467987319750025
3009	0.023683082047689503
3016	0.08806180630139496
3029	0.04250125927457584
3093	0.038014498503038036
3127	0.03418147762259487
3167	0.0062931041687211585
3193	0.024868543795555444
3216	0.0906236981898095
3235	0.02893227983514219
3261	0.047750457062028524
3294	0.03991184594423739
3300	0.019007249251519018
3335	0.023842519339045607
3359	0.033871503128902046
3405	0.14325137118608558
3426	0.027242415591740586
3428	0.034840414051086455
3432	0.01619633625298551
3439	0.019355494128587898
3476	0.017900891076389855
3541	0.04467987319750025
3563	0.02629455615944218
3564	0.03826329360402203
3575	0.033575314868412955
3597	0.02629455615944218
3604	0.047750457062028524
3758	0.040811395031174244
3809	0.01330394864807913
3834	0.02749915175837037
3839	0.019445116377135693
3900	0.10432076886243602
3901	0.03944105648311469
3917	0.026520632399105484
3981	0.010381727334082252
4064	0.03725206148712316
4105	0.03725206148712316
4110	0.026075033785715063
4118	0.03826329360402203
4128	0.021504468124765103
4134	0.01926692011751379
4135	0.02400538565088892
4136	0.017402956445326797
4176	0.05988702390408214
4208	0.03636009154551928
4260	0.026769026297000214
4288	0.020934801786360636
4298	0.012363163472826311
4304	0.013589755835501092
4365	0.02115755289243963
4407	0.03154375394689487
4421	0.0216237303000601
4429	0.021504468124765103
4430	0.012292716531180256
4433	0.03301409581656934
4442	0.09647895834955204
4457	0.013706204131484115
4497	0.032002863699670474
4501	0.020508041470287938
4521	0.03725206148712316
4528	0.040811395031174244
4587	0.01655679816230988
4597	0.04467987319750025
4617	0.018433884260236823
4620	0.03189285742332409
4636	0.04449990794183537
4644	0.01049148275688396
4682	0.016744020016835223
4683	0.029254583438341596
4684	0.02487680472067727
4695	0.020718415876383713
4717	0.07778046550854277
4744	0.020508041470287938
4765	0.019007249251519018
4840	0.03301409581656934
4845	0.32832193181361585
4856	0.04001267085795861
4857	0.13403961959250074
4859	0.03535281346093892
4894	0.029591216263633764
4990	0.008572941435254264
5062	0.047750457062028524
5116	0.32832193181361585
5142	0.03556219724372156
5195	0.016495702963486805
5216	0.014286614184078629
5333	0.038890232754271385
5345	0.0212714346116528
5347	0.026520632399105484
5351	0.03556219724372156
5362	0.014378409145771903
5389	0.047750457062028524
5469	0.01546921808893103
5484	0.009292579608298025
5544	0.02022820521651171
5674	0.03725206148712316
5690	0.016434875394560303
5882	0.016434875394560303
5934	0.012153758657874113
5946	0.01668117325269169
6039	0.2678430552281542
6042	0.1615384350545531
6102	0.022381661492672792
6173	0.03374260036588887
6194	0.025452245357201073
6238	0.02893227983514219
6270	0.047750457062028524
6315	0.021504468124765103
6348	0.014087037487455146
6416	0.03636009154551928
6544	0.034001512366930005
6547	0.019445116377135693
6554	0.011632542159133865
6556	0.014518222192882423
6559	0.013106209173439298
6574	0.027242415591740586
6601	0.013673436152306939
6603	0.009754638919676296
6612	0.012506054346281412
6614	0.013028536783657485
6655	0.047750457062028524
6665	0.016935751564451023
6692	0.02400538565088892
6708	0.025977732804098465
6726	0.014612885820702122
6754	0.04250125927457584
6798	0.023180162483164332
6807	0.03725206148712316
6842	0.022249953970917686
6846	0.06308750789378974
6847	0.03111089375806659
6909	0.029643207285430653
6947	0.033114046137392605
6958	0.038740505363150386
6985	0.01247007807141674
6986	0.019007249251519018
7001	0.03489849207593823
7033	0.06597965341286373
7035	0.11478988081206609
7040	0.028040309893538316
7206	0.012651693288937168
7296	0.013930172318936717
7321	0.015630925121534935
7327	0.07172712975154878
7343	0.01585205007523134
7366	0.014017722330061105
7374	0.025063801668816187
7377	0.017066323620034633
7426	0.026520632399105484
7482	0.03301409581656934
7501	0.01054696279708413
7531	0.031153276421619386
7574	0.024797268448805494
7650	0.04398643560857581
7651	0.049487108890460416
7726	0.04507320232410927
7754	0.013589755835501092
7755	0.02115755289243963
7780	0.022652154232779484
7806	0.040811395031174244
7808	0.015363300395708539
7809	0.03556219724372156
7811	0.030354293812023894
7862	0.051654007150867175
7929	0.01990986289356313
7932	0.04373608307836617
8037	0.005982054630924536
8041	0.021387055050105987
8060	0.021953096357351622
8089	0.03574336032021364
8090	0.04467987319750025
8095	0.03556219724372156
8109	0.02020304756974839
8111	0.024516117904966474
8112	0.01330394864807913
8134	0.03154375394689487
8167	0.012989997302941094
8171	0.10797639415356869
8213	0.040811395031174244
8270	0.040811395031174244
8292	0.020006335428979304
8314	0.03418147762259487
8321	0.1144925408514691
8364	0.034840414051086455
8388	0.11830811551311635
8390	0.021868041539183085
8392	0.02469431416458838
8505	0.030913888388931613
8509	0.01827773457111017
8524	0.024342018476181084
8589	0.0216237303000601
8663	0.030312999456268874
8724	0.047268503330327796
8753	0.04705386471712571
8754	0.07405273330538716
8765	0.03301409581656934
8777	0.011590081241582166
8800	0.025063801668816187
8805	0.009060261034210714
8840	0.047750457062028524
8855	0.028623135212867273
8877	0.03104100988862373
8879	0.06042612164675068
8905	0.016871300182944436
8938	0.018049385865828434
8940	0.09210432943396127
8970	0.033575314868412955
8997	0.018756187863436233
9000	0.08039913195796003
9067	0.0210453583719895
9109	0.012327858086659507
9113	0.02010405280562727
9178	0.018756187863436233
9186	0.0652586666178892
9261	0.028301949774689396
9274	0.03070144314465376
9283	0.047750457062028524
9316	0.023683082047689503
9322	0.09093899836880663
9364	0.021993217804287906
9389	0.021387055050105987
9390	0.029611677440170407
9416	0.02174490075093949
9443	0.036332699173383325
9495	0.007588573453005973
9503	0.050043519758075077
9522	0.018124739637961903
9527	0.026520632399105484
9553	0.030414301413163775
9580	0.011622102395491751
9601	0.06400572739934095
9704	0.018756187863436233
9734	0.04250125927457584
9735	0.021993217804287906
9752	0.028040309893538316
9764	0.05258911231888436
9820	0.012951652959671833
9822	0.03636009154551928
9826	0.02201214509971947
9891	0.03377642250981111
10023	0.01851318332634679
10056	0.050904490714402145
10128	0.009198795231799017
10135	0.01574068054433664
10137	0.015908355104986942
10148	0.02629455615944218
10178	0.01546921808893103
10189	0.023223972294913898
10228	0.011216030319550346
10243	0.03725206148712316
10255	0.027242415591740586
10367	0.04001267085795861
10372	0.05448483118348117
10375	0.013263985538894105
10403	0.01466066510611045
10419	0.031816710209973884
10452	0.008812682053239141
10474	0.025063801668816187
10541	0.0163146666544723
10577	0.028040309893538316
10636	0.20105508028221186
10665	0.016935751564451023
10671	0.03702636665269358
10689	0.047750457062028524
10699	0.042090716743979
10738	0.0216237303000601
10773	0.013465943950476818
10783	0.02629455615944218
10831	0.041436831752767425
10853	0.0322757145253066
10873	0.014126265395029553
10880	0.033237687503460796
10948	0.008175921311505838
10974	0.04231510578487926
10976	0.013800716318416152
11016	0.02751610292813266
11021	0.026994098538392172
11064	0.022652154232779484
11150	0.028623135212867273
11153	0.07680112847025448
11175	0.031640888391252384
11187	0.032491613379193277
11199	0.02174490075093949
11265	0.026753665912217787
11305	0.008768524542608421
11322	0.032002863699670474
11337	0.05608061978707663
11400	0.020508041470287938
11401	0.0562475193627673
11404	0.017472116666790227
11418	0.03981972578712626
11507	0.032002863699670474
11519	0.01546921808893103
11537	0.04412624326227852
11544	0.008946720802230329
11592	0.006027905376132818
11608	0.027242415591740586
11623	0.009387539995066651
11629	0.047750457062028524
11636	0.010381727334082252
11669	0.02469431416458838
11699	0.036249479275923806
11713	0.02400538565088892
11718	0.02400538565088892
11814	0.02115755289243963
11833	0.04299711774239555
11857	0.05419303954880847
11861	0.027764898029116664
11867	0.021387055050105987
11873	0.047750457062028524
11876	0.023672787565412714
11915	0.040811395031174244
11917	0.03943067541004756
11943	0.027764898029116664
12166	0.04834366345442462
12188	0.028816971692165714
12193	0.009581109424408886
12214	0.032002863699670474
12277	0.047750457062028524
12294	0.028623135212867273
12329	0.015522737687064643
12371	0.017612361260278996
12434	0.013506990075983548
12467	0.018124739637961903
12516	0.012398634224402747
12520	0.018124739637961903
12537	0.009679781720876116
12564	0.19261272049692862
12581	0.011216030319550346
12590	0.016374532512607412
12591	0.033237687503460796
12609	0.02893227983514219
12624	0.014150974887344698
12638	0.0322757145253066
12666	0.014854855018174587
12674	0.038358740212778804
12692	0.030312999456268874
12738	0.029254583438341596
12739	0.009269024405429737
12766	0.018083716128398455
12781	0.03943067541004756
12802	0.04250125927457584
12829	0.01930225806457229
12838	0.0210453583719895
12839	0.014286614184078629
12868	0.0161378572626533
12872	0.047750457062028524
