120
t_index	tf-idf
44	0.03932289919803269
633	0.05415764955744578
638	0.12431925023132892
729	0.09913374197073721
872	0.07376867571187404
932	0.1483984924731629
1020	0.03850525876267966
1203	0.22634560817513966
1240	0.03233518295679423
1305	0.11990143796315791
1605	0.05609356537806638
1710	0.049566870985368605
1737	0.15995115182542116
1744	0.14028798723400357
2111	0.08079086333797499
2152	0.1094443288690866
2440	0.04741205954754271
2506	0.031990230365084235
2577	0.2063884689888997
2615	0.06296525335940921
2730	0.07363595041578248
2755	0.10447960878069944
2868	0.08238075357629036
2891	0.045710465488147625
3115	0.04321342127623804
3167	0.0184887637020307
3242	0.043355587871664485
3272	0.09402249968662815
3370	0.07860067050416966
3495	0.0590645048629354
3571	0.11990143796315791
3809	0.03908620551378397
3824	0.047583867323927456
3879	0.07860067050416966
4130	0.027720848007203723
4219	0.03530612244166326
4264	0.05092749553102509
4513	0.14028798723400357
4726	0.07308656456510397
4949	0.02426089990404915
5069	0.0901990039246695
5091	0.03862024091255894
5093	0.06388521799885115
5332	0.11321011817638572
5369	0.027791592093779568
5424	0.07791603197871792
5544	0.11885851444288754
5548	0.029255870162266877
5708	0.12486615805154509
5806	0.07598011615809731
5842	0.04197321809233407
5885	0.055104558268966104
5913	0.10185499106205018
5970	0.06068280470655215
5978	0.04608336650470069
6006	0.06150519568715916
6018	0.0599486872952905
6019	0.12754771034132403
6141	0.08693722374298332
6144	0.13559721763677676
6388	0.03304155963393419
6488	0.05534771912079893
6560	0.06424699827053863
6769	0.06823064174232903
7206	0.03716991827536542
7281	0.046737795933205976
7311	0.19091683403286802
7671	0.05793773262956649
7700	0.042378986113587
7726	0.0264844745843012
7751	0.12431925023132892
7811	0.022294774986482087
7821	0.05037357850059994
7832	0.033863998110426986
8037	0.05272475628491516
8089	0.02625296376634045
8092	0.09545841701643401
8156	0.05686528423574878
8504	0.24053698639024693
8628	0.13126679546973813
8777	0.03405096556768058
8792	0.13646128348465805
8877	0.015199438451898068
8892	0.06498870016782708
9495	0.06688432495944627
9525	0.05686528423574878
9587	0.15321377980130302
9883	0.06614978080658021
9998	0.027216321805623327
10116	0.04079851144734736
10120	0.05660505908819286
10128	0.027025510276697053
10137	0.046737795933205976
10181	0.06575598297794559
10211	0.03738698337741208
10228	0.03295202632806866
10346	0.14028798723400357
10729	0.06614978080658021
10948	0.024020367869668775
11134	0.04741205954754271
11162	0.12486615805154509
11305	0.025761400723275915
11316	0.043072157331946
11454	0.11118652422130583
11457	0.08322043800084684
11544	0.02628493067739785
11577	0.052591747457823905
11592	0.017709625509054295
11623	0.05516006220739875
11658	0.15649160686178287
11663	0.03956213802444484
11876	0.013909846833322916
11889	0.042218636096206096
11982	0.06614978080658021
12222	0.12486615805154509
12504	0.3579019170277544
12516	0.036426445877420895
12566	0.02348849402027449
12581	0.03295202632806866
12834	0.13471435493370534
