275
t_index	tf-idf
16	0.020706325519211397
40	0.038758643810723775
44	0.021461574925604236
190	0.04439548108192992
470	0.04409387919492337
557	0.029813707765685968
657	0.038758643810723775
661	0.04049631932045895
764	0.02219774054096496
858	0.05101692549303608
977	0.022981432689537368
983	0.017274172164381166
1020	0.021015324729829997
1040	0.03747924962202566
1203	0.015441807852430833
1223	0.042162354423374425
1320	0.04018888483038041
1397	0.04113557289920334
1589	0.03223610980909115
1716	0.12799435626052835
1884	0.04081174000861187
1885	0.03588817163202807
1906	0.0271558552103642
2057	0.013109789341302283
2157	0.02165796217754834
2165	0.05702267629740231
2199	0.051198844152410404
2294	0.021015324729829997
2332	0.04289852003873516
2349	0.02076749952130832
2464	0.021396812032175017
2537	0.028240773990845174
2594	0.19205328372111022
2621	0.05212945714342652
2645	0.0644722196181823
2650	0.2024815966022947
2664	0.05693978850980182
2697	0.04289852003873516
2709	0.033568185267986446
2712	0.034867149184907985
2788	0.038230603499196915
2801	0.018895645698996405
2814	0.04181035836499565
2917	0.034672856820182806
2968	0.07164253459619517
2986	0.02550846274651804
2989	0.05586532347500877
3077	0.054520175455802934
3115	0.04716987289472705
3133	0.02858609623002084
3167	0.020181522500394657
3181	0.022908060782110957
3199	0.07594990332430272
3252	0.04081174000861187
3335	0.038230603499196915
3349	0.04049631932045895
3369	0.03034174807721282
3378	0.05693978850980182
3422	0.04113557289920334
3474	0.03239484427510092
3495	0.09670832942727343
3593	0.2699636695189079
3715	0.03772457137445468
3725	0.05830207048610042
3808	0.04358134806225025
3881	0.027471275898517118
3886	0.03506460091318276
4010	0.044519993573350396
4011	0.050479205501791226
4023	0.033745458689863485
4033	0.06543957203091327
4083	0.030893798310026026
4130	0.04538829043441847
4143	0.035676983461412425
4162	0.03747924962202566
4209	0.026950036490967763
4218	0.05293688930686135
4219	0.03853861274563509
4288	0.033568185267986446
4318	0.07164253459619517
4346	0.06543957203091327
4359	0.034672856820182806
4457	0.021977394594022752
4472	0.01905438016500617
4505	0.06576778157094279
4593	0.05830207048610042
4598	0.04228232039025893
4640	0.037168538623749685
4990	0.013746396518437776
5086	0.02846989425490091
5199	0.13087914406182655
5203	0.07164253459619517
5216	0.022908060782110957
5296	0.045896145355536606
5474	0.07571880825268683
5515	0.019215217135347122
5529	0.05702267629740231
5556	0.02635271868015996
5583	0.09577420026590877
5681	0.05702267629740231
5699	0.042162354423374425
5728	0.04081174000861187
5797	0.03177198909686946
5842	0.022908060782110957
5855	0.029813707765685968
5882	0.05270543736031992
5885	0.03007485791105929
5970	0.016559671164462796
5978	0.025151289534475495
6227	0.03506460091318276
6371	0.05702267629740231
6459	0.18967691658805264
6460	0.25272168487887614
6591	0.045896145355536606
6592	0.0632256388626842
6620	0.02635271868015996
6625	0.017935822946649017
6642	0.05480874312917326
6660	0.029558055928640418
6701	0.030207569764636077
6708	0.013884779938993978
6779	0.03747924962202566
6798	0.018584269311874842
6959	0.016734393800964545
6985	0.019995311886845547
7001	0.02797922472668667
7296	0.022336519351317675
7307	0.05830207048610042
7321	0.025063613964167553
7327	0.016430259491293446
7366	0.02247690257651508
7501	0.01691166722284158
7562	0.13087914406182655
7574	0.01988075430386495
7651	0.052900506902794055
7726	0.014454644679013851
7738	0.05603179387891861
7743	0.056686937096989215
7754	0.021790674031125126
7757	0.054520175455802934
7805	0.034867149184907985
7821	0.027492793036875553
7832	0.018482226579158472
7862	0.020706325519211397
7878	0.03797495166215136
7881	0.048013320930277555
7902	0.05209910792081852
7906	0.07698350728914048
7932	0.07012920182636552
7935	0.04988517475258947
7939	0.07751728762144755
7975	0.024466995051960445
8033	0.05293688930686135
8037	0.01918400949608417
8049	0.03772457137445468
8089	0.0358207278952792
8103	0.03346878760192909
8105	0.09134051819783429
8131	0.025599422076205202
8168	0.04690864937808119
8195	0.06543957203091327
8258	0.04368221218730756
8312	0.06814920723926801
8386	0.018381034212431653
8509	0.05861535128188747
8645	0.019599001205948357
8651	0.017839065353160904
8655	0.07164253459619517
8663	0.048605780563891365
8877	0.008295519756051974
8879	0.019378213055597646
8905	0.027052509788837432
9006	0.038230603499196915
9026	0.022908060782110957
9070	0.03305138328556757
9113	0.03223610980909115
9178	0.03007485791105929
9296	0.06814920723926801
9297	0.06814920723926801
9307	0.02463448755205662
9330	0.15089828549781872
9443	0.029129073912052838
9458	0.03162114226591093
9484	0.044519993573350396
9495	0.02433599727284659
9503	0.026747648243727613
9514	0.027365222702704545
9539	0.02219774054096496
9578	0.09083977539408547
9665	0.03797495166215136
9795	0.06814920723926801
9799	0.04496160637600568
9826	0.01764783283820231
9840	0.03588817163202807
9844	0.051752922043332185
9845	0.09465011141374817
9891	0.029541410259502774
9894	0.018082420466386594
9960	0.04113557289920334
9998	0.02228110623364073
10023	0.029685209066746168
10087	0.028941526884302713
10088	0.05830207048610042
10090	0.04988517475258947
10099	0.02463448755205662
10153	0.049228635742122814
10211	0.020404994579768736
10224	0.024719108199272543
10228	0.01798449240552716
10329	0.021015324729829997
10357	0.029307675640943734
10366	0.03797495166215136
10464	0.12757457809474207
10475	0.0948634267977328
10483	0.045419887697042735
10487	0.05209910792081852
10717	0.049228635742122814
10727	0.027686202106328498
10736	0.07751728762144755
10773	0.021592146223826696
10783	0.042162354423374425
10831	0.0332212184139597
10867	0.023279435712163576
10873	0.015100631594676076
10880	0.02664770517967181
10976	0.02212894141225364
11089	0.34481624305224207
11116	0.0332212184139597
11127	0.029432220463340947
11146	0.046391847395662315
11156	0.059732311505757064
11177	0.06543957203091327
11184	0.028354793736875866
11186	0.04409387919492337
11202	0.028821890313279686
11213	0.04113557289920334
11357	0.03903153200798687
11372	0.026848420720285666
11377	0.045896145355536606
11401	0.022547707521933327
11493	0.08736442437461513
11514	0.0227626337297447
11544	0.028691475992467505
11592	0.009665524732875646
11636	0.016646718230656606
11668	0.05480874312917326
11673	0.03429335675517704
11698	0.049228635742122814
11796	0.06543957203091327
11800	0.05131541577224612
11857	0.021724136803088018
11876	0.03795844483816364
11889	0.011521002269853968
11933	0.05209910792081852
11991	0.09489685548299563
11997	0.0613537850403723
12055	0.025895327838374293
12193	0.015362956836828015
12309	0.07177634326405614
12323	0.06014971582211858
12405	0.06354397819373891
12555	0.07544914274890936
12564	0.13236317931794198
12566	0.01281950427324921
12612	0.02052463115079176
12700	0.05830207048610042
12739	0.05945015991461051
12742	0.024804322680448746
12748	0.01818114469907803
12759	0.0613537850403723
12762	0.03506460091318276
12766	0.028996574198626935
12772	0.04988517475258947
12778	0.15629732376245556
12829	0.007737615352348269
