307
t_index	tf-idf
67	0.02361460868116758
231	0.024119877083596353
356	0.020215018838977125
551	0.1454476984927064
558	0.04819257226022971
604	0.01730214443863502
612	0.018167763005146473
631	0.01891493713567804
678	0.023990745545473126
707	0.05066292280277194
717	0.02650392453322483
759	0.05066292280277194
801	0.031482875505445075
872	0.007117825778940009
875	0.02204899789108755
881	0.04819257226022971
960	0.031482875505445075
977	0.016251610259318854
1042	0.032119246995876885
1171	0.01898619966469493
1203	0.021839738741026876
1273	0.016096883812637675
1301	0.009065474288788247
1306	0.14737016760017826
1358	0.023254258517084903
1420	0.015085470819272272
1446	0.022575978278443216
1497	0.016733255303069485
1515	0.03033623002488007
1531	0.04122904518841443
1602	0.037434989583894955
1638	0.02508263790452752
1675	0.02204899789108755
1807	0.0317951675740569
1894	0.021267815456842483
1906	0.019203605845611725
1989	0.1342723324448621
2057	0.0648952712758981
2069	0.026284201328171386
2087	0.01736116244046131
2098	0.02451934843362979
2157	0.015315701378392603
2349	0.01468599946923883
2393	0.031482875505445075
2407	0.027601640619503997
2430	0.027640761805454758
2437	0.05200712887856563
2440	0.05489659827944853
2451	0.07705646362102914
2453	0.026854466488972425
2464	0.015131025756158491
2514	0.02740866428568705
2520	0.03628834410332995
2537	0.13979573900576278
2538	0.03950586877640375
2554	0.04819257226022971
2631	0.041984540714799866
2674	0.030608858810671293
2716	0.01913052382607764
2853	0.05913344551923492
2891	0.017642129344421133
2893	0.12097291630785663
2898	0.06708386987909815
2909	0.00837294114974289
2918	0.02972250438831085
3016	0.019970819857966116
3167	0.014271618421135543
3193	0.014099336282383053
3207	0.022467963200602566
3216	0.020551810454774947
3285	0.022908423103227552
3294	0.015085470819272272
3300	0.10776248147192914
3412	0.05066292280277194
3433	0.014905629995580262
3438	0.019890939417157142
3497	0.043387103662344835
3684	0.03437219135750233
3709	0.03628834410332995
3809	0.015085470819272272
3847	0.02650392453322483
3900	0.10753662527686988
3901	0.022361289959699382
4011	0.01784850372685119
4079	0.06962530252025462
4110	0.05913344551923492
4176	0.13581290419194927
4260	0.015176823653856863
4298	0.014018705779516237
4304	0.015409550241092257
4389	0.04122904518841443
4415	0.04537073876303873
4417	0.02108313983460837
4436	0.02493831374314481
4442	0.018233064349985197
4457	0.00777079602221503
4501	0.023254258517084903
4504	0.05817907939708257
4564	0.04169748616765999
4587	0.0187739070666188
4617	0.020902352410522546
4620	0.03616360696583357
4638	0.026677406907560205
4651	0.04224045818177982
4717	0.0440979957821751
4742	0.036842541900044566
4769	0.026003564439282815
4781	0.04627641951440209
4828	0.04272332863908427
4845	0.4868372188194771
4856	0.022685369381519365
4895	0.01155839274304241
4985	0.017974786671329523
4990	0.009720937841678379
5028	0.04224045818177982
5041	0.02072529282911033
5053	0.030071991162046233
5067	0.04627641951440209
5091	0.029811259991160525
5116	0.1718249007598155
5362	0.016303811547515035
5469	0.017540689929769173
5484	0.010536942243608592
5544	0.011468474796165026
5548	0.02258283042950561
5673	0.02740866428568705
5674	0.04224045818177982
5792	0.02072529282911033
5857	0.016515849122152686
5978	0.017786051920934843
6042	0.18316993042198904
6043	0.06296575101089015
6173	0.01913052382607764
6211	0.037434989583894955
6238	0.06561316113484461
6315	0.024384115946430186
6348	0.031946845041029535
6416	0.04122904518841443
6547	0.0440979957821751
6574	0.030890427821594683
6580	0.03607726293404649
6603	0.05530437792112226
6607	0.037434989583894955
6612	0.028361462133620115
6625	0.012683543630497453
6634	0.029089539698541285
6660	0.020902352410522546
6900	0.08677420732468967
6958	0.014642739501354644
7001	0.00989293099692216
7056	0.021846939498820845
7103	0.024119877083596353
7173	0.03950586877640375
7215	0.01385968113363105
7324	0.05727496691993849
7327	0.02323773085161392
7448	0.031482875505445075
7481	0.014262904760527249
7531	0.017662494602717696
7544	0.036842541900044566
7547	0.027219929535292363
7575	0.02886053718167743
7628	0.03527693110996454
7650	0.04987662748628962
7688	0.04819257226022971
7700	0.01635633211162967
7726	0.010221784469826243
7755	0.023990745545473126
7780	0.15411292724205827
7808	0.017420588874614902
7811	0.05162852311599434
7839	0.05066292280277194
7932	0.04959275042926611
7975	0.05190643331590506
8036	0.009433877614357522
8037	0.027132429013737698
8060	0.012446409831088613
8089	0.01013243198234927
8109	0.022908423103227552
8112	0.045256412457816815
8140	0.01891493713567804
8171	0.39791516453872683
8176	0.025843053495607022
8314	0.038758694645872185
8364	0.03950586877640375
8388	0.1490562999558026
8464	0.019502317197390335
8505	0.042064253872669696
8719	0.02811785278772306
8724	0.013399548632564985
8729	0.05559810715454145
8754	0.0629768110721998
8774	0.05066292280277194
8776	0.03437219135750233
8805	0.051367570283845546
8877	0.017598844570975755
8879	0.04111064401720165
8927	0.027219929535292363
8934	0.04627641951440209
8948	0.029815641216132692
8965	0.020215018838977125
9000	0.07293225739994079
9026	0.01619972438868644
9067	0.023863527137682815
9113	0.02279617202161912
9186	0.05549805570943731
9272	0.04604432199463438
9381	0.01942665956731991
9448	0.05414468633867958
9495	0.008604753852665724
9503	0.03782987427135608
9522	0.020551810454774947
9534	0.02522942926473881
9539	0.015697412462604234
9580	0.02635681949525552
9652	0.01451425203489598
9679	0.02800111196953743
9704	0.021267815456842483
9820	0.05874399787695532
9826	0.012479887789530427
9869	0.04819257226022971
9891	0.045262925966799344
9997	0.020381763601775172
10016	0.07614272214865353
10125	0.03437219135750233
10128	0.020861198537744024
10133	0.021174981196313773
10137	0.018038631467023246
10228	0.0127179608527788
10273	0.02842007727905245
10372	0.030890427821594683
10375	0.015040156278950051
10442	0.026854466488972425
10471	0.05414468633867958
10530	0.043387103662344835
10535	0.030608858810671293
10577	0.0317951675740569
10616	0.05066292280277194
10699	0.023863527137682815
10773	0.015269158795813908
10778	0.04627641951440209
10867	0.01646234685895761
10873	0.016017903408908775
10941	0.03481265126012731
10976	0.015648760290169997
11016	0.09360229329561569
11040	0.04819257226022971
11049	0.031482875505445075
11063	0.04819257226022971
11109	0.0635903351481138
11153	0.02902850406979196
11175	0.13155228878861364
11180	0.05370893297794485
11199	0.024656744732221417
11226	0.03576775529458257
11242	0.02842007727905245
11287	0.044710808724322065
11305	0.009942711341921087
11308	0.03628834410332995
11374	0.023254258517084903
11401	0.01594489603141227
11537	0.03335677112139802
11543	0.02703525391305825
11544	0.020289539468375594
11567	0.013781259716776618
11577	0.02029798649371969
11608	0.030890427821594683
11660	0.013899162055886665
11668	0.038758694645872185
11702	0.01927731518628893
11775	0.010430599268872012
11780	0.04032430543595221
11833	0.03250322051863771
11857	0.015362497600275533
11876	0.010737117391998546
12011	0.044710808724322065
12057	0.024119877083596353
12063	0.028637483459969245
12166	0.02740866428568705
12252	0.03245603861167471
12329	0.03520275259740146
12371	0.019970819857966116
12434	0.07657850689196301
12488	0.02293694959233005
12504	0.019733373795226494
12548	0.03628834410332995
12564	0.07800191107967973
12566	0.009065474288788247
12581	0.0127179608527788
12590	0.01856723435517991
12591	0.018844261136183173
12624	0.016045921731524068
12638	0.01829886609314951
12666	0.016844057943169243
12674	0.04349533145766233
12690	0.04559234404323824
12698	0.02029798649371969
12699	0.017540689929769173
12719	0.03159110330076257
12739	0.010510232780507733
12766	0.020505293516624196
12768	0.02046636611334586
12770	0.04627641951440209
12820	0.03317204361374224
12829	0.00547175238122274
12848	0.044710808724322065
12855	0.021747665728831165
