268
t_index	tf-idf
15	0.053553513293096724
34	0.05662780030273453
44	0.01993806488495478
56	0.024572608085173205
75	0.1317097462057351
189	0.020621971721056728
211	0.04096375161027415
231	0.09506014274357072
240	0.027939909839567074
263	0.08920992158016841
277	0.021982777001189478
278	0.02250068470311836
279	0.03551669697122691
299	0.04263807885675201
557	0.027697298169118003
596	0.02448199709300674
598	0.11851833914989746
657	0.036007252861444176
718	0.06331144478002472
729	0.02513211156871934
764	0.020621971721056728
771	0.07113084358213363
872	0.018701630256373825
874	0.044604960790084205
902	0.012738657689192788
977	0.02135003128622055
1169	0.04263807885675201
1175	0.03852453702097162
1206	0.05124108635072966
1208	0.03185894672118859
1223	0.07833868307519208
1225	0.03950611304996582
1253	0.036007252861444176
1397	0.0764308979548026
1488	0.02191069363852055
1590	0.05416333462518944
1638	0.0659030207416565
1654	0.05184817272727638
1666	0.05416333462518944
1716	0.0594541590930933
1786	0.04096375161027415
1837	0.06331144478002472
1867	0.03203384957158908
1884	0.03791460427206737
1947	0.04058130793886181
1981	0.028700715459290243
2069	0.01726501287366274
2116	0.04021140568939102
2117	0.0819275032205483
2120	0.03295151037082825
2355	0.0476726471758069
2576	0.03575930864167599
2621	0.024214450769480166
2650	0.1128647238162219
2788	0.07103339394245382
2869	0.066556788504716
2986	0.07109301909834695
2989	0.1556987007884771
2994	0.037057406657095705
3000	0.04951208629834361
3115	0.02191069363852055
3167	0.037497761136811324
3195	0.031686714247856906
3214	0.020686251142120225
3349	0.0376215746054073
3388	0.03295151037082825
3433	0.03916358584393029
3438	0.026131083141445063
3458	0.066556788504716
3506	0.05549204597791581
3593	0.1253997709419485
3658	0.052974761818388366
3869	0.02994773921486058
3871	0.039997106015511125
3881	0.025521150392540822
4029	0.07201450572288835
4059	0.02818785405933526
4060	0.050015028484933846
4083	0.11480286183716097
4100	0.03203384957158908
4143	0.033144352808165245
4148	0.023867315445747994
4170	0.05873738970260708
4186	0.04357870744378489
4213	0.04917901586750185
4216	0.03626076932527455
4219	0.07160568263626481
4276	0.02532495400605633
4298	0.018416624704211737
4304	0.020243801968193156
4309	0.04698874033970495
4327	0.05416333462518944
4359	0.03221150691055765
4421	0.0644230138211153
4430	0.01831168433933615
4457	0.03062590147299336
4497	0.0476726471758069
4504	0.0382154489774013
4505	0.03054953564327182
4527	0.0376215746054073
4591	0.066556788504716
4598	0.019640395692062527
4640	0.03453002574732548
4644	0.04688550004590442
4934	0.05699841466961075
4949	0.012301112235349253
5073	0.045734003074176285
5223	0.0376215746054073
5296	0.08527615771350402
5314	0.01879179968473179
5332	0.028700715459290243
5369	0.014091294836411637
5544	0.03013268122928977
5548	0.01483373427334351
5583	0.05931693350637858
5690	0.02448199709300674
5745	0.052974761818388366
5781	0.04021140568939102
5797	0.059033130824123266
5855	0.027697298169118003
5882	0.04896399418601348
5895	0.0476726471758069
5896	0.03054953564327182
5899	0.030095205469958464
5913	0.025821995097874747
5936	0.05416333462518944
6024	0.12158832124099456
6388	0.016753209283064292
6401	0.24589507933750923
6460	0.16770109131642014
6554	0.01732826422392312
6559	0.03904698601982478
6591	0.08527615771350402
6612	0.01862948022423003
6708	0.012899129923904516
6850	0.033950481943553976
6909	0.014719205290912713
7133	0.015836259255200116
7134	0.03733596421417054
7222	0.03791460427206737
7245	0.10802175858433252
7307	0.05416333462518944
7327	0.10684738033659519
7365	0.04917901586750185
7377	0.05084525136007925
7562	0.3039708031024864
7565	0.03733596421417054
7574	0.018469463245188354
7651	0.024572608085173205
7726	0.013428541218348194
7738	0.026027109982629536
7743	0.017554285335334034
7757	0.05064990801211266
7821	0.012770570038266307
7878	0.07055838659256068
7881	0.044604960790084205
7906	0.03575930864167599
7932	0.03257544195128072
7938	0.09680141348194145
7939	0.036007252861444176
7944	0.24690333699771924
8019	0.04917901586750185
8035	0.024126660381872604
8037	0.026733268230249376
8089	0.01996673588433619
8103	0.03109291192008104
8131	0.0237821753595445
8292	0.11920870321319355
8495	0.05549204597791581
8505	0.01842018774104875
8521	0.03334054919464974
8541	0.03257544195128072
8636	0.052974761818388366
8692	0.04917901586750185
8700	0.044604960790084205
8765	0.04917901586750185
8778	0.027697298169118003
8912	0.05873738970260708
8922	0.03295151037082825
8931	0.03950611304996582
8992	0.04357870744378489
8997	0.027939909839567074
9026	0.021281867889262417
9029	0.038842332905865494
9070	0.06141027643772541
9178	0.027939909839567074
9204	0.03733596421417054
9296	0.06331144478002472
9327	0.028832658575959687
9329	0.04790620598259068
9330	0.035046586954978975
9381	0.025521150392540822
9382	0.06331144478002472
9407	0.07113084358213363
9426	0.022128340412751673
9443	0.013530632484111642
9495	0.011304219153255761
9507	0.04058130793886181
9514	0.07626787704011889
9531	0.04263807885675201
9539	0.020621971721056728
9578	0.08439125936564987
9665	0.03527919329628034
9755	0.03295151037082825
9772	0.066556788504716
9844	0.024039547919079675
9845	0.1099138850059474
9891	0.022870275387088208
9894	0.11759152422407317
9960	0.0764308979548026
9986	0.019699304483234283
10023	0.02757792131043102
10071	0.07113084358213363
10087	0.10754812596730146
10116	0.04137250228424045
10125	0.09031072603255891
10143	0.06331144478002472
10159	0.048400706740970724
10171	0.024302929716179384
10224	0.02296435303018368
10228	0.016707812811844774
10420	0.038842332905865494
10452	0.013127696513014273
10464	0.03950611304996582
10476	0.02910126669137133
10477	0.042026519547701556
10549	0.037057406657095705
10690	0.03334054919464974
10727	0.025720819461175118
10873	0.014028670942469202
11081	0.25317377809694963
11089	0.09610154871476724
11116	0.030862917124714905
11132	0.05515584262086204
11135	0.0382154489774013
11186	0.04096375161027415
11202	0.08032766297420847
11203	0.02781795180986447
11345	0.052974761818388366
11358	0.11747477940521416
11493	0.04058130793886181
11544	0.013327365581648565
11592	0.008979390372758684
11673	0.03185894672118859
11775	0.01370286495744332
11849	0.06331144478002472
11876	0.035263858255452606
11991	0.044080168127383454
12188	0.014308941610642764
12193	0.014272374292158932
12218	0.0476726471758069
12249	0.05549204597791581
12304	0.045734003074176285
12309	0.13336219677859895
12323	0.027939909839567074
12525	0.05084525136007925
12566	0.011909475836652826
12581	0.016707812811844774
12612	0.01906763268971645
12638	0.024039547919079675
12654	0.05699841466961075
12698	0.026665828171685484
12739	0.013807480927044199
12748	0.01689050519123371
12778	0.048400706740970724
12786	0.04058130793886181
12788	0.07201450572288835
12792	0.03678556198797529
