38
t_index	tf-idf
902	0.07273303711406673
1116	0.11213941560088035
1203	0.08190824403249239
1482	0.32543992552094897
1737	0.09261106911768252
2577	0.17071155383993644
2689	0.15040281468891684
3824	0.2755086646973745
4145	0.26112428986854175
4587	0.07041008043595505
5538	0.17712951180641665
5764	0.20143118199569818
5769	0.08469515170021531
5970	0.08783774541159878
5978	0.13341041286156094
7170	0.17712951180641665
7281	0.2706099456103046
7327	0.08715130487251775
8504	0.13926994096460024
8997	0.1595265803436219
9595	0.19627559963480593
9891	0.05223233496412195
10128	0.15647660999075394
10773	0.11453158846346148
10873	0.04004926850280638
10890	0.12847061091783873
11541	0.15040281468891684
11623	0.1596872631214521
11658	0.15101334432435568
11802	0.1789966104857741
11814	0.17995085600256125
11889	0.06111104829409899
12055	0.0686785139459258
12196	0.10078858878074202
12470	0.22556533481022986
12737	0.15883024497476722
12753	0.24881834673843975
12834	0.09749883240545829
