143
t_index	tf-idf
40	0.062107040320866114
231	0.16396430299752235
279	0.06126090594425598
557	0.047773631073377856
598	0.0681420425367189
607	0.04207268040224469
645	0.054951842513703636
738	0.03231922547635138
764	0.03556976796046701
841	0.04973195527094351
1023	0.033376464612462686
1206	0.08838308849374713
1397	0.1318316862245775
1490	0.03842238196353372
1511	0.05130446877188423
1516	0.10131307280340882
1716	0.034183130365862215
1786	0.07065624758275996
1981	0.04950437344184417
2117	0.07065624758275996
2355	0.16445614619607013
2576	0.12335874842776279
2650	0.12978300010520655
2767	0.09342352276702637
2986	0.1634995416308116
3000	0.042700413051978886
3077	0.0436816978410037
3146	0.06999659035724859
3167	0.016169485157807324
3182	0.05855942298888763
3190	0.20262614560681763
3193	0.03194858523057227
3356	0.06439886552275294
3433	0.06755123514916
3515	0.17253664991972775
3593	0.054073887975347505
3611	0.08626832495986388
3658	0.09137341526450919
4083	0.09900874688368834
4219	0.061754461466506795
4264	0.044539018205028154
4276	0.0436816978410037
4298	0.031765879432126776
4359	0.05555995527312282
4421	0.05555995527312282
4426	0.033082383076592704
4430	0.06316974649426277
4457	0.03521668453788624
4472	0.030532831927151245
4524	0.06489150005260327
4644	0.026956787965469218
4670	0.07693678018038341
4714	0.12268989771066942
4722	0.1048606901353873
4764	0.1048606901353873
5074	0.11480034767428694
5229	0.1048606901353873
5296	0.07354420768922708
5332	0.04950437344184417
5515	0.03079055787470588
5544	0.02598714841263574
5583	0.051156348905133216
5855	0.047773631073377856
5895	0.08222807309803506
6144	0.11858755043621524
6348	0.018097598376253268
6400	0.3680696931320083
6460	0.2314071219000386
6554	0.014944311483398328
6560	0.056187687922857006
6569	0.05929377521810762
6612	0.03213302286334506
6668	0.15421267554517548
6695	0.08222807309803506
6755	0.037062856014072165
6909	0.025388392722197704
6985	0.03204058551813967
7206	0.03250722717627788
7311	0.1669677304562534
7418	0.1157035609500193
7501	0.027099338233591265
7667	0.07993624789614823
7743	0.06055695008563074
7751	0.10872432055716204
7811	0.019498060500442296
7821	0.02202729298286265
7878	0.060851248190774455
7939	0.062107040320866114
7944	0.05323384279439693
8037	0.0153702753004934
8065	0.1092026228397913
8089	0.011479861899086069
8504	0.08414536080448938
8700	0.07693678018038341
8805	0.023279410667740603
9109	0.03167516586656207
9113	0.05165529995007596
9178	0.04819209934300327
9204	0.06439886552275294
9267	0.06126090594425598
9275	0.0681420425367189
9276	0.04543586010145039
9278	0.06644897302527011
9514	0.08770033327719855
9844	0.041464567642825516
9845	0.1137508509325411
9894	0.028975358954484415
10066	0.08104843771710374
10087	0.0927520883304742
10090	0.07993624789614823
10131	0.033978307163313536
10137	0.0408748854077029
10178	0.03974656792351881
10228	0.028818438551024415
10342	0.06254431770222327
11081	0.1455621001779715
11089	0.055253523356278804
11157	0.07278105008898575
11186	0.07065624758275996
11202	0.04618433793896502
11203	0.09596348054361788
11312	0.10131307280340882
11404	0.044892810216512494
11418	0.051156348905133216
11544	0.02298768069687093
11623	0.04824064072322481
11658	0.045620297734223186
11682	0.051909656834411844
11746	0.05242856824141063
11876	0.012164959515063993
11889	0.018461310359694155
12467	0.046569657947470824
12488	0.05197429682527148
12525	0.08770033327719855
12566	0.02054203631789397
12581	0.028818438551024415
12649	0.04116749279496266
12698	0.04599450204715601
12737	0.19192696108723575
12766	0.030976168167212586
12779	0.07354420768922708
12786	0.06999659035724859
12829	0.012398792667319409
