128
t_index	tf-idf
40	0.13517649828268835
231	0.05947828192547194
263	0.08372677622536029
536	0.13071442197279484
598	0.07415586581131102
604	0.0426661305640007
665	0.06955946468090081
738	0.035171533730565196
872	0.01755216442060998
1020	0.03664702538516085
1267	0.09741928587155502
1301	0.044709915698813205
1335	0.13351779976558892
1488	0.04112797569418896
1511	0.027916152496590796
1667	0.11025437970534487
1706	0.12025976067278721
1713	0.16006958974447297
1716	0.07439987220974448
1786	0.0768919600796311
2117	0.0768919600796311
2349	0.036214861865227925
2594	0.08372677622536029
2615	0.029963299980233282
2650	0.14123689842735482
2788	0.06666743982958298
2806	0.1069901962856043
2891	0.02175225726226346
2986	0.1334468004409902
3146	0.07617408531574914
3214	0.03882960750641283
3334	0.09231261239976524
3432	0.04528750746727199
3433	0.07351291717459324
3514	0.07116848734605695
3592	0.08274170198571597
3593	0.05884613714704792
3611	0.09388186927392143
3629	0.07415586581131102
3883	0.08180042357861092
4083	0.05387334364167695
4148	0.04480069803963289
4219	0.06720455371281801
4298	0.06913870511814285
4304	0.03799909802225871
4358	0.09399223510580475
4472	0.03322748339997387
4473	0.08820130491872602
4524	0.07061844921367741
4587	0.02314770787348615
4640	0.0648153857237544
4836	0.04944576680232414
4895	0.08550707034616874
4921	0.04753679230795299
5296	0.08003479487223648
5469	0.0432543705423618
5521	0.10166854353093992
5544	0.02828062410174462
5583	0.055671112922121214
5612	0.056771374811992466
5690	0.04595450048264074
5882	0.09190900096528148
5895	0.08948504810807172
5934	0.03398382371028118
6401	0.36925044959906095
6460	0.2518297785123485
6554	0.01626321013797251
6612	0.034968897949925484
6695	0.08948504810807172
6796	0.07352372103288697
6909	0.02762902569082297
6986	0.05314726299608628
7133	0.05945163548722078
7206	0.03537612737515012
7215	0.06835441316770914
7501	0.029490969375369804
7743	0.03295067844548735
7811	0.02121884675341937
7821	0.02397129469289676
7881	0.08372677622536029
7906	0.06712283969277187
7944	0.28965977214100425
8037	0.03345353412475442
8060	0.03069215777210231
8089	0.012493008234413855
8311	0.07480746422223267
8316	0.08372677622536029
8505	0.017288020320003986
8593	0.07920428538808237
8861	0.13351779976558892
9553	0.04252158885953662
9652	0.035791342197842566
9665	0.06622162804782769
9844	0.04512399099848664
9845	0.08252656288399858
9891	0.01717167234880992
9960	0.07173319487804242
9998	0.012951441804983912
10087	0.10093785216736324
10131	0.03697703638895811
10178	0.0432543705423618
10226	0.07480746422223267
10464	0.07415586581131102
10479	0.07290990189600856
11081	0.07920428538808237
11089	0.12025976067278721
11146	0.08089921193366677
11186	0.0768919600796311
11202	0.05026030097264296
11295	0.13351779976558892
11374	0.05734371444983976
11544	0.05003288136400809
11623	0.07874712175369822
11775	0.025721280494729964
11857	0.03788306881422688
11876	0.039715705832255206
12188	0.026858930734053255
12304	0.085846071231896
12584	0.08145433966527385
12585	0.13351779976558892
12612	0.035791342197842566
12647	0.06712283969277187
12732	0.20333708706187983
12786	0.07617408531574914
12788	0.13517649828268835
12790	0.06493788485848201
12792	0.13809838467904245
12829	0.02698607705410519
