48
t_index	tf-idf
618	0.15879006789037664
729	0.11898341480365549
1301	0.05638324896385866
1906	0.11943795270988153
2012	0.1704697948454809
2069	0.16347613153956278
2167	0.09948345952597802
2440	0.11381087076297594
2534	0.18703451253792588
2918	0.09243042952689892
2941	0.18703451253792588
3216	0.12782319033905717
3238	0.10834837409767006
3573	0.2698486355689309
3900	0.13376606943152866
4344	0.12224954299552114
4587	0.058382707977599056
4990	0.06045994296927287
5416	0.17415455795797577
5964	0.26271700676006227
6428	0.12572849513420134
6603	0.06879376433673101
6614	0.0918826515802091
7343	0.22359047958808764
7356	0.16702292914910713
7574	0.08744031716134451
7821	0.06045994296927287
8036	0.05867455505143706
8112	0.28147491124385926
8386	0.08084418914508135
8719	0.08744031716134451
8877	0.03648568195153282
8879	0.08523002043600304
9307	0.10834837409767006
9495	0.05351777119346105
9820	0.18268086985394147
9891	0.021655032491918958
10148	0.1854401290162396
10541	0.11505780401529574
10873	0.03320809652877205
11033	0.27808149682766137
11175	0.07438156133768532
11592	0.042511291838115126
11623	0.1324096605604922
12421	0.2997365293195804
12674	0.13526088234434416
12766	0.042511291838115126
12868	0.11381087076297594
