430
t_index	tf-idf
75	0.01791594822951006
179	0.025786857345380793
189	0.014025620289623831
278	0.015303389228307696
294	0.02466203469024441
304	0.022282355137072586
309	0.02786067372682494
320	0.016350016167607798
389	0.03151989806665854
498	0.027105387232531492
551	0.05198294167062877
558	0.04306000883346236
596	0.016650939095584773
604	0.030918892992158973
639	0.016964147936762295
644	0.02057027482486044
669	0.03151989806665854
680	0.029980241890554697
716	0.06465324872099294
717	0.09472490643242881
721	0.021668223367918082
762	0.026201690866348253
801	0.028129913673149074
831	0.024489610554136107
854	0.019431514743267885
872	0.019079307860630598
890	0.02399443544928473
893	0.036838105266968825
915	0.029639183468330832
918	0.013726374238749872
957	0.02415596880832767
975	0.033448120873459365
977	0.014520795394475212
981	0.048378216033772646
983	0.021829337012754135
984	0.023380303680130228
991	0.019520215744526007
1012	0.021099626160626647
1023	0.026321544733423803
1100	0.016117496823355715
1203	0.029270672813366188
1206	0.017425298368761732
1240	0.01115076563160063
1273	0.014382547489281739
1301	0.02429997308590769
1306	0.03291876953769316
1387	0.04589990875606453
1471	0.053966023132139655
1478	0.10205015424225242
1488	0.014902118643794657
1591	0.02539330692031935
1675	0.019700754689592027
1727	0.07753265614753932
1808	0.09331519363707325
1894	0.01900276906771026
2057	0.05798385152178614
2069	0.023484904172786075
2085	0.02558755909719375
2094	0.04526726425052588
2098	0.021908010106655548
2157	0.013684561867399971
2173	0.02399443544928473
2233	0.015459446496079486
2379	0.03110506454569108
2393	0.05625982734629815
2407	0.02466203469024441
2430	0.024696989425665443
2436	0.022030773544122504
2451	0.04589990875606453
2453	0.02399443544928473
2464	0.013519554407707092
2469	0.048378216033772646
2506	0.011031808967297508
2520	0.032423594432841776
2531	0.028698510880440512
2537	0.07137561986540103
2551	0.04306000883346236
2601	0.030337169090212605
2631	0.01875656983285836
2648	0.027105387232531492
2813	0.013726374238749872
2891	0.007881611312525513
2893	0.03602972132093992
2898	0.019979787299854723
2909	0.0523684941625877
2918	0.026557024070065452
3016	0.017843904966350257
3057	0.07059689818172997
3061	0.02323415542982035
3093	0.019257131074227392
3167	0.031879187313531225
3181	0.014474435427721425
3182	0.023090739083101487
3193	0.012597741029199772
3203	0.03940150937918405
3207	0.02007509972000906
3216	0.036726038815593824
3294	0.013478851123098497
3300	0.019257131074227392
3318	0.013810688836179532
3335	0.02415596880832767
3341	0.03110506454569108
3346	0.026201690866348253
3359	0.017158400113636698
3426	0.027600562337382874
3433	0.02663632710087462
3438	0.0355450637655824
3476	0.018136227985538607
3525	0.04306000883346236
3563	0.02664024172043434
3575	0.034016718080750796
3598	0.028408946283411778
3659	0.022811706472838793
3684	0.030711514120629637
3692	0.03458137751099623
3693	0.048378216033772646
3808	0.013768415720127236
3809	0.013478851123098497
3834	0.02786067372682494
3847	0.023681226608107203
3900	0.09608385311617892
3901	0.019979787299854723
3929	0.022811706472838793
3946	0.034986998545057005
3975	0.041347928521250216
3986	0.034016718080750796
4087	0.02057027482486044
4110	0.15850700016562164
4111	0.04526726425052588
4118	0.03876632807376966
4143	0.022542466526514652
4176	0.030337169090212605
4192	0.029980241890554697
4217	0.03774180163315207
4225	0.02558755909719375
4246	0.048378216033772646
4260	0.013560474777526681
4280	0.04831193761665534
4304	0.013768415720127236
4364	0.03602972132093992
4415	0.02026935189688346
4417	0.018837761608017378
4421	0.021908010106655548
4426	0.013044812207486628
4430	0.01245432468248091
4442	0.03258244476895693
4501	0.04155530739277955
4564	0.01241888558411951
4587	0.03354892948075039
4598	0.026716042097328304
4617	0.01867622824897444
4620	0.02154142796100161
4638	0.02383623291345638
4659	0.05198294167062877
4682	0.016964147936762295
4708	0.01241888558411951
4717	0.019700754689592027
4744	0.020777653696389776
4753	0.03876632807376966
4769	0.06970246628946106
4845	0.4094009455551
4856	0.02026935189688346
4857	0.2716035855031553
4859	0.08357436462896259
4888	0.029312642649595017
4947	0.048378216033772646
4949	0.008366354667089685
4968	0.02057027482486044
4990	0.01737129394430105
5091	0.03995449065131194
5109	0.039959574599709446
5116	0.12793779548596876
5195	0.016712566343812213
5216	0.014474435427721425
5314	0.025561731002433464
5333	0.019700754689592027
5346	0.04526726425052588
5362	0.014567437186465648
5369	0.009583911443484368
5376	0.04306000883346236
5381	0.026201690866348253
5411	0.022811706472838793
5414	0.012707090402473128
5448	0.01867622824897444
5469	0.03134517324547078
5484	0.009414745982793201
5543	0.07753265614753932
5548	0.04035546691835615
5556	0.016650939095584773
5602	0.034630849849905304
5652	0.02501896188990231
5684	0.04526726425052588
5690	0.016650939095584773
5693	0.027600562337382874
5725	0.01583641956254013
5753	0.028408946283411778
5769	0.020177733459178074
5770	0.041347928521250216
5781	0.02734898074443279
5792	0.01851802571314609
5834	0.041347928521250216
5881	0.04306000883346236
5882	0.016650939095584773
5885	0.01900276906771026
5934	0.01231353997741169
6006	0.021210024484773785
6039	0.19383164036884828
6042	0.09352121472052091
6106	0.034630849849905304
6348	0.014272234964341246
6385	0.02786067372682494
6391	0.014902118643794657
6395	0.033448120873459365
6408	0.034016718080750796
6409	0.04306000883346236
6530	0.028698510880440512
6547	0.019700754689592027
6554	0.017678206834717127
6574	0.027600562337382874
6603	0.019765759660667792
6620	0.033301878191169546
6634	0.025991470835314386
6701	0.01908662292043753
6702	0.02415596880832767
6708	0.008773084398834502
6760	0.012348494712832721
6805	0.024488209302894096
6900	0.07753265614753932
6947	0.050324077810587516
6958	0.013083271191040878
6959	0.010573610084153208
6986	0.019257131074227392
7001	0.0176786453238498
7138	0.04306000883346236
7165	0.018363019407796912
7187	0.01420200854421572
7215	0.024767218849433538
7227	0.03876632807376966
7245	0.024489610554136107
7327	0.010381443122987877
7340	0.02663632710087462
7343	0.016060451570579053
7366	0.01420200854421572
7453	0.034016718080750796
7469	0.048378216033772646
7482	0.033448120873459365
7531	0.06312567584126544
7544	0.13167507815077265
7556	0.048378216033772646
7650	0.22282355137072585
7651	0.016712566343812213
7726	0.0547989172092017
7757	0.017224259326204364
7769	0.01263401793439046
7780	0.04589990875606453
7799	0.041347928521250216
7811	0.0384416891989933
7862	0.03924981357312264
7929	0.020171611069950086
7932	0.06646659966692077
8036	0.008429158983557053
8037	0.006060698662732403
8060	0.022241706227158493
8089	0.022633291304128476
8112	0.013478851123098497
8134	0.03195844892074463
8140	0.05070142484294111
8171	0.3008387881887607
8212	0.014025620289623831
8268	0.07989811410043118
8273	0.048378216033772646
8278	0.028129913673149074
8321	0.02899943380841749
8329	0.03994905705021559
8364	0.035298449090864985
8388	0.10654530840349848
8407	0.019792642628031713
8464	0.017425298368761732
8505	0.0313203027351323
8509	0.09259012856573046
8584	0.034016718080750796
8722	0.01875656983285836
8724	0.03591744466556349
8753	0.07150869874036914
8754	0.03751313966571672
8775	0.017425298368761732
8778	0.018837761608017378
8805	0.02753811958696241
8806	0.048378216033772646
8825	0.029312642649595017
8855	0.02899943380841749
8877	0.04193212727709449
8879	0.012244104651447048
8905	0.01709310141180123
8964	0.030337169090212605
9014	0.03195844892074463
9053	0.03774180163315207
9067	0.021322034520124055
9113	0.020368353930551704
9117	0.033448120873459365
9215	0.02501896188990231
9299	0.03151989806665854
9306	0.016291222384478464
9307	0.015565276465727676
9322	0.030711514120629637
9357	0.03602972132093992
9364	0.022282355137072586
9377	0.03774180163315207
9408	0.048378216033772646
9416	0.022030773544122504
9435	0.08438974101944724
9436	0.07367621053393765
9443	0.009202588194164925
9495	0.023065013519395983
9522	0.036726038815593824
9553	0.030814147859798652
9601	0.032423594432841776
9662	0.026417833360936938
9679	0.02501896188990231
9704	0.01900276906771026
9713	0.020468650145070502
9826	0.01115076563160063
9891	0.02488761426597412
9983	0.032423594432841776
9997	0.01821108273687729
9998	0.004692764939883538
10021	0.033448120873459365
10023	0.01875656983285836
10026	0.019979787299854723
10121	0.014382547489281739
10128	0.037278914620341455
10135	0.015947617902448828
10148	0.05328048344086868
10150	0.048378216033772646
10173	0.022675905562134026
10228	0.011363483644474662
10351	0.023090739083101487
10375	0.026876725265096137
10404	0.034630849849905304
10425	0.03602972132093992
10442	0.02399443544928473
10452	0.008928539378266685
10483	0.028698510880440512
10541	0.016529150012192954
10559	0.028698510880440512
10581	0.048378216033772646
10619	0.051573714690761586
10696	0.016650939095584773
10771	0.020368353930551704
10773	0.027285952244963337
10790	0.036838105266968825
10792	0.023090739083101487
10873	0.028623957175672496
10890	0.015303389228307696
10948	0.00828340736025516
10952	0.03291876953769316
10976	0.013982149628554466
11016	0.04181677162175131
11124	0.03151989806665854
11127	0.01859671923534301
11153	0.03890540335504024
11175	0.09617058107553131
11199	0.022030773544122504
11242	0.02539330692031935
11258	0.027600562337382874
11306	0.016409263961279244
11316	0.014853403869639802
11350	0.021322034520124055
11374	0.06233296108916933
11401	0.014246746578576974
11404	0.017701816625027057
11418	0.020171611069950086
11437	0.016529150012192954
11472	0.04306000883346236
11519	0.01567258662273539
11535	0.032007654639627535
11537	0.014902118643794657
11544	0.027193020866914355
11546	0.03195844892074463
11558	0.04306000883346236
11567	0.1231353997741169
11577	0.018136227985538607
11623	0.009510954781376542
11627	0.01821108273687729
11628	0.048378216033772646
11636	0.010518212362229842
11640	0.019979787299854723
11660	0.02483777116823902
11667	0.028408946283411778
11713	0.02432097626802055
11718	0.02432097626802055
11745	0.048378216033772646
11775	0.027959185965256095
11857	0.013726374238749872
11861	0.028129913673149074
11876	0.02878080675475296
11943	0.028129913673149074
12044	0.034016718080750796
12052	0.022155533222306924
12055	0.03272387429397124
12056	0.11725057059838007
12081	0.03774180163315207
12146	0.027600562337382874
12150	0.035298449090864985
12166	0.024489610554136107
12183	0.018919821760875737
12188	0.00973193952993113
12257	0.029312642649595017
12270	0.02399443544928473
12285	0.048378216033772646
12371	0.035687809932700515
12416	0.026201690866348253
12434	0.06842280933699986
12489	0.01312192392344059
12537	0.009807038509474205
12590	0.01658980290634526
12609	0.029312642649595017
12644	0.03774180163315207
12674	0.03886302948653577
12690	0.020368353930551704
12717	0.022030773544122504
12739	0.01878176221541454
12766	0.01832145657614599
12768	0.0182866749853237
12802	0.04306000883346236
12803	0.04526726425052588
12826	0.09675643206754529
12829	0.02444502283440129
12855	0.019431514743267885
12868	0.016350016167607798
