85
t_index	tf-idf
190	0.10712091464189104
551	0.09925515133283229
596	0.12717183188575404
688	0.1347962540683859
717	0.09043288645062722
801	0.10742134819143827
1303	0.36948945167969566
1454	0.10539988325501286
1989	0.09162895538904288
1991	0.16443577665298775
2057	0.03163233263338627
2098	0.25098420235412733
2206	0.16443577665298775
2430	0.09431183938922061
2451	0.1752806687475512
2537	0.13628312910998439
2801	0.09118580543322354
2909	0.08570684337369935
3167	0.024347783788158023
3285	0.07816483263299702
3294	0.05147247789448447
3300	0.07353833382956018
3347	0.12381787827926756
3563	0.1017326506937159
3900	0.25684472454368623
4266	0.12773029737829836
4564	0.04742472543578166
4620	0.04113075604189173
4845	0.09771270993171693
5652	0.0955413744880737
6042	0.17856746889644284
6071	0.08659380811649255
6081	0.18474472583984783
6348	0.027251109608593563
6391	0.05690759290005256
6554	0.02250293446634458
6574	0.10539988325501286
6603	0.03774033179496753
6612	0.048385454793463414
6796	0.1017326506937159
6958	0.049961853648962225
7327	0.03964422462869402
7366	0.05423404147529298
7811	0.14679952908827493
7821	0.033168388588191614
8089	0.03457242982184892
8112	0.05147247789448447
8171	0.20887830779466224
8176	0.08817795716917383
8183	0.09224581228408724
8212	0.05356045732094552
8505	0.02392093473634367
8509	0.07071586891674893
8584	0.1299016328219416
8724	0.045720016236062214
8754	0.1432536226242138
8877	0.06004825099596835
8879	0.04675727925574753
8905	0.06527442706592249
9109	0.04769602015440287
9260	0.04769602015440287
9416	0.08413020471047103
9496	0.10639318584593004
9601	0.12381787827926756
9679	0.0955413744880737
9821	0.09697090777151735
9826	0.04258208153182718
9998	0.017920536210851806
10131	0.05116405799108108
10171	0.06312083284006477
10792	0.08817795716917383
10873	0.018217996839664158
11050	0.12381787827926756
11153	0.049523447161273236
11175	0.08161160626627126
11258	0.10539988325501286
11623	0.07264007967280046
11861	0.10742134819143827
12098	0.12036688005939851
12313	0.0955413744880737
12371	0.06814156455499219
12372	0.1017326506937159
12488	0.07826216662391627
12590	0.06335245159784904
12748	0.043868898408998706
