74
t_index	tf-idf
190	0.05287639325944641
839	0.17065695611771628
908	0.08814341942726332
977	0.054743196512046885
1265	0.08400416870305102
1306	0.12410330293768647
1387	0.08652100854868745
1420	0.05081508111250899
1887	0.12410330293768647
1894	0.07164017487241131
1991	0.16233563391972142
2057	0.06245666089122278
2537	0.06727127334132543
2813	0.05174823981306701
2909	0.028204070577027847
3057	0.1330746617287173
3161	0.11726566036406912
3167	0.024036818484653857
3182	0.08705176492711747
3193	0.047493308323299524
3257	0.1330746617287173
3318	0.05206610467174287
3869	0.07678841079679109
3900	0.07244695775790493
3946	0.06595024875315979
4020	0.09959486404240084
4266	0.12609895010511293
4626	0.18238520103703915
4745	0.12609895010511293
4845	0.2893942248757746
4990	0.06548953636680387
5885	0.07164017487241131
6042	0.08814341942726332
6348	0.026903063575164306
6560	0.08352605184970757
6603	0.11177495818089087
6816	0.14614851722243066
7584	0.057116959012115956
7726	0.03443185918236142
7811	0.0579698532733599
7818	0.09959486404240084
7821	0.03274476818340193
7870	0.14614851722243066
8089	0.01706543863358507
8112	0.05081508111250899
8171	0.10310527671688739
8505	0.023615421068442274
8584	0.25648510732379753
8651	0.04249375891451411
8877	0.01976044201899852
8965	0.0680938523099456
9404	0.3647704020740783
9539	0.05287639325944641
9679	0.0943211380684724
9820	0.04946947053811845
9986	0.05051060028995596
10217	0.04426888091428416
10722	0.12195881886428585
10773	0.0514338300756127
10792	0.08705176492711747
10873	0.03597064003845695
11153	0.048890943032311486
11175	0.16113855643958044
11258	0.10405373582036874
11567	0.04642187431405201
11623	0.03585616713614639
12056	0.11050825476576313
12183	0.14265492936049368
12188	0.03668927656215565
12252	0.10932746179429717
12327	0.06781705200576028
12371	0.4036276400479526
12411	0.08449032150895404
12434	0.05159060775509358
