34
t_index	tf-idf
848	0.17675362289377636
902	0.052243096299487625
1253	0.14767100463939314
2002	0.27677392516639104
2430	0.07446074391412749
2480	0.2172572378225085
2638	0.24089061669481787
2918	0.08006869721325081
3242	0.18030916032505112
3857	0.1730504421048644
4209	0.10268003656486037
5369	0.057790458860330296
5842	0.17456009898357877
6587	0.12528810895594555
7543	0.12105174712094614
8041	0.13065819509125767
8104	0.1927076891815264
8751	0.13065819509125767
9051	0.17872264607002872
9516	0.18077920959680224
9845	0.18030916032505112
9891	0.037517736282594555
10051	0.41023787801077033
10120	0.1177058272690666
10772	0.17675362289377636
10873	0.028766814560965106
11459	0.18518874092198773
11636	0.06342424201101213
11673	0.39197458527377305
11775	0.056197451177130195
11777	0.11934854639231017
12193	0.05853309216403312
12690	0.12282005388065699
12766	0.03682579180636184
