102
t_index	tf-idf
634	0.0654772655451773
742	0.06953465482674598
808	0.08231367214978316
977	0.0498140493441176
1123	0.04737800626427494
1301	0.027787276235632194
1350	0.09845115217620114
1490	0.05197407524402344
1507	0.1881990563145065
1545	0.12637428898769382
2076	0.05129037627990453
2087	0.05321502230737277
2272	0.13704650779030753
2277	0.05321502230737277
2342	0.16596300513976267
2436	0.07557726767733036
2819	0.10670691088454778
3269	0.1210924496224347
3285	0.07021835379086488
3294	0.09247925292074669
3471	0.07238293703303546
3547	0.11292888340828702
3809	0.09247925292074669
3871	0.046660770327875196
3900	0.03296187068460009
4049	0.25894889609215954
4094	0.14771872659292123
4130	0.03279422088096657
4417	0.06462353891657568
4564	0.04260338104630652
4598	0.09165023011220057
4886	0.13704650779030753
4888	0.10055795069662461
4990	0.05959277506532605
5314	0.04384516463749471
5469	0.053765305698883416
6071	0.15558082707018525
6428	0.061962595082518244
6549	0.18125443115975381
6554	0.020215216491404467
6665	0.05886243602413227
6910	0.08520899803291077
6922	0.1147448399618974
7169	0.07056698047942508
7178	0.10813001044085235
7187	0.04872044093922787
7343	0.16528766612813012
7367	0.17977146378802183
7543	0.1377365331407528
7726	0.06266314141675715
7821	0.029796387532663025
7830	0.14771872659292123
8035	0.056292500683455614
8037	0.02079141906785958
8103	0.036273104893266975
8112	0.2774377587622401
8316	0.10407262115928367
8505	0.021489058464582378
8651	0.038667566716145615
8665	0.05568739517929664
8724	0.04107197786070165
8729	0.08520899803291077
8877	0.08990593320389594
8879	0.04200378951099229
8964	0.10407262115928367
9070	0.14328290669433894
9269	0.07688270530240594
9294	0.10167815933640502
9416	0.07557726767733036
9538	0.08071797571151382
9735	0.07644032631460414
9844	0.1121784984946784
9845	0.20516150511961811
9891	0.03201665640784115
9986	0.09192512295810716
9998	0.016098679027227766
10042	0.13298911850873885
10121	0.04933978551875933
10375	0.0461007294088444
10541	0.11340754717017473
10695	0.06462353891657568
10727	0.06001200432137305
10856	0.12637428898769382
10873	0.016365898887735486
10876	0.06171071823042174
10920	0.10941761846131014
11153	0.08897748044932145
11175	0.03665735887360318
11316	0.05095507327180303
11400	0.07127840027831711
11623	0.032627632159146255
11876	0.032911156928089914
12188	0.03338572735088651
12405	0.1377365331407528
12411	0.07688270530240594
12420	0.06325945492352437
12434	0.046945323695880684
12566	0.027787276235632194
12643	0.07092028686044746
12792	0.08582834261244222
12867	0.14043670758172977
12868	0.1682677477420176
