42
t_index	tf-idf
40	0.11288025066150094
231	0.09933566053208712
1020	0.06120480207771623
1716	0.062128227398350465
2650	0.11794103782591113
2986	0.0742905681343742
2988	0.36827531932779745
3433	0.06138756827516488
3458	0.20865093481434552
4219	0.1683591518882108
4457	0.06400672383623522
4640	0.0541246228461908
5544	0.047231937178793586
5797	0.0925323938263496
5895	0.1494504560958763
6401	0.30834563579571495
6460	0.31543880279089165
6612	0.05840213374501288
6695	0.2989009121917526
7377	0.0796981755392179
7944	0.29025934035473266
7968	0.10709346655508345
8036	0.038852621883317943
8089	0.020864779291259877
8103	0.04873706562453302
8700	0.13983347116498634
9329	0.07509132341149452
9587	0.12176803077877763
9697	0.1494504560958763
9845	0.06891448752501753
9960	0.11980279296257987
10077	0.19847700639676988
10228	0.05237783913879045
10284	0.12279318025242003
10477	0.06587511798289337
11089	0.30127171738494796
11202	0.1678811167382042
11669	0.11532019601453955
12309	0.10452031885814962
12525	0.0796981755392179
12638	0.0753623222892556
12698	0.08359552948121364
