131
t_index	tf-idf
2	0.12486948959967813
16	0.07588021647825963
231	0.18748761060349933
557	0.054627524260180284
598	0.0779181108527293
607	0.04810868082927005
645	0.06283556519805272
738	0.036955936446779074
764	0.0406728213563024
841	0.056866801455742466
1023	0.038164853484465085
1206	0.15159458897313166
1397	0.07537252743498012
1490	0.04393468856539329
1511	0.029332458612859692
1516	0.11584805714141645
1706	0.0631805269934267
1786	0.08079301891522764
2117	0.08079301891522764
2355	0.18805001659310486
2508	0.08003872328643868
2615	0.03148346666619714
2650	0.07420122594320597
2767	0.10682662468315479
2868	0.08238295157333024
2986	0.04673904294215711
3000	0.04882647179013698
3167	0.018489256999871802
3179	0.140291730251241
3190	0.11584805714141645
3193	0.03653212191639516
3356	0.07363791509313751
3433	0.07724254267480714
3495	0.05906608076023197
3515	0.09864489905303049
3825	0.07308851458432077
4219	0.0706141288853354
4276	0.04994853761210191
4298	0.03632320404239628
4426	0.03782858123815972
4430	0.03611622961864166
4524	0.07420122594320597
4564	0.0360134599666108
4670	0.08797459459065746
4722	0.11990463704782608
4765	0.05584365153506926
5069	0.09020141052008186
5074	0.13127029779297933
5229	0.11990463704782608
5296	0.08409530319284829
5515	0.035207956973199214
5544	0.059430842850680975
5672	0.07860276764498957
5855	0.10925504852036057
6144	0.06780041774990479
6460	0.2646061829831737
6554	0.017088312522385612
6559	0.038506286119690925
6569	0.06780041774990479
6668	0.17633695587492929
6695	0.09402500829655243
6755	0.04238011682533684
6798	0.03405187407990307
6805	0.03550661367359272
7133	0.031233935937423504
7312	0.140291730251241
7418	0.06615154574579342
7667	0.09140438403159191
7743	0.06924481530081487
7751	0.062161283593719974
7811	0.022295369832332573
7821	0.025187461257848
7878	0.06958133518672788
7944	0.1217421817590943
7968	0.06737660321952088
8037	0.0175753876772253
8042	0.140291730251241
8065	0.12486948959967813
8089	0.026253664220440964
8292	0.058778985291643104
8504	0.0962173616585401
8645	0.035911162820395776
8700	0.08797459459065746
8955	0.06780041774990479
8971	0.09699602704891913
9109	0.03621947616171662
9178	0.05510602851111248
9204	0.07363791509313751
9267	0.07004976491174314
9275	0.0779181108527293
9276	0.05195436256795802
9278	0.07598214338002907
9514	0.10028235191852082
9845	0.08671348928016048
9894	0.09939701601092553
9960	0.07537252743498012
9998	0.013608523981517354
10066	0.09267613531072025
10087	0.05302943110680652
10090	0.09140438403159191
10131	0.07770607999349326
10137	0.04673904294215711
10178	0.0454488502279843
10228	0.03295290551954461
10442	0.06958133518672788
10984	0.05325082188972258
11081	0.2496679752044029
11089	0.0631805269934267
11157	0.08322265840146764
11202	0.15843066464799857
11203	0.054865490059108124
11298	0.140291730251241
11306	0.047585136906869864
11312	0.11584805714141645
11404	0.051333403471958625
11446	0.08079301891522764
11503	0.140291730251241
11544	0.026285631984406026
11623	0.02758076696522156
11658	0.10433052147135935
11679	0.140291730251241
11746	0.11990057356683452
12467	0.05325082188972258
12488	0.029715421425340487
12566	0.02348912071568678
12649	0.04707362954960358
12737	0.10973098011821625
12766	0.03542019603749131
12786	0.08003872328643868
12792	0.0725523539390946
12829	0.01417759822757903
