349
t_index	tf-idf
16	0.014765717215091519
278	0.017271331800597773
289	0.03715196566399962
320	0.018452549952368922
356	0.020384795594189858
389	0.03557320602048626
393	0.01756689648266543
433	0.015878588225208004
470	0.0314434229532697
551	0.14666924760428274
612	0.01832034578911798
639	0.01914565612617879
678	0.024192232913171803
687	0.022131700413976118
717	0.02672651894896576
721	0.024454653131642533
759	0.051088417664367766
764	0.015829247895178665
801	0.03174728586739709
838	0.04066297094933391
841	0.022131700413976118
848	0.03308210812654694
865	0.019218118511312908
872	0.007177605162503478
881	0.04859731977042846
902	0.009778083935987654
962	0.04157530919975987
975	0.0377493890466707
983	0.024636485219688743
1022	0.04215580353599945
1023	0.01485318467082836
1075	0.0153042868976417
1301	0.03656644434780706
1306	0.07430393132799924
1387	0.0518024172238099
1420	0.015212166832120606
1444	0.04157530919975987
1446	0.02276558365889811
1531	0.04157530919975987
1602	0.0377493890466707
1621	0.04066297094933391
1638	0.025293295579869163
1675	0.02223417740278919
1679	0.10919884589940414
1781	0.039837660612273104
1807	0.032062200735151966
1808	0.03510502689521209
1989	0.13540002473636667
2057	0.028045841641505708
2069	0.013252475194290209
2087	0.0350139419058031
2157	0.0154443309930639
2219	0.02223417740278919
2305	0.03345064053088473
2393	0.03174728586739709
2407	0.055666908507451776
2430	0.027872904000736307
2437	0.026221956558015555
2440	0.018452549952368922
2451	0.07770362583571486
2453	0.027080004947273334
2520	0.03659311341188124
2537	0.18124691127236348
2554	0.04859731977042846
2615	0.01225288981290712
2631	0.042337149789687875
2640	0.019589815251330578
2661	0.028444946208933772
2674	0.030865928703657022
2702	0.01787290728332043
2716	0.019291192400595555
2801	0.013474518244633842
2813	0.01549152023514487
2853	0.059630080451152326
2891	0.008895148785092122
2893	0.04066297094933391
2898	0.022549092270544066
2909	0.016886523353675607
2913	0.055277714398783435
2918	0.01498606509668198
3016	0.040277091393858544
3167	0.007195739628799754
3207	0.022656661411513082
3216	0.020724415769692146
3285	0.023100820536664877
3293	0.02223417740278919
3294	0.045636500496361816
3300	0.02173350591484386
3318	0.015586677286051466
3319	0.034238383761336415
3320	0.029815040225576163
3325	0.03345064053088473
3352	0.04859731977042846
3366	0.03174728586739709
3412	0.051088417664367766
3433	0.06012326242836256
3438	0.020057994376604747
3471	0.047625874092605096
3497	0.043751492225944315
3684	0.034660867770060305
3692	0.019514188530516577
3709	0.03659311341188124
3808	0.015538968049705715
3809	0.015212166832120606
3831	0.05459942294970207
3840	0.023331746341582943
3900	0.0867518212125061
3901	0.09019636908217626
3939	0.05765435553393872
3981	0.011870804104046822
4110	0.059630080451152326
4176	0.06847676752267283
4260	0.0153042868976417
4280	0.02726231072276358
4298	0.014136442517655662
4306	0.051088417664367766
4358	0.019218118511312908
4417	0.04252041508697994
4430	0.014055891197331138
4442	0.01838619557027161
4457	0.007836059406067429
4497	0.03659311341188124
4501	0.04689912092995212
4504	0.05866769904171309
4564	0.05606357920250264
4587	0.05679474173718435
4598	0.015075798588726116
4620	0.02431155244257456
4638	0.02690145832291295
4682	0.01914565612617879
4686	0.03715196566399962
4713	0.06767111486599899
4717	0.02223417740278919
4745	0.0377493890466707
4755	0.043751492225944315
4769	0.026221956558015555
4781	0.04666507412860753
4808	0.03557320602048626
4828	0.021541071228979324
4845	0.404291953343639
4856	0.022875893488129174
4859	0.013474518244633842
4895	0.02331093286047207
4949	0.009442227813790291
4990	0.00980257958030504
5041	0.02089935514363934
5053	0.030324552147665204
5086	0.020301931760968263
5091	0.01503081560709064
5109	0.022549092270544066
5116	0.1732679800044167
5148	0.04157530919975987
5153	0.04666507412860753
5347	0.030324552147665204
5362	0.016440739850386556
5484	0.010625437232321368
5544	0.011564793303391822
5548	0.034158740037094314
5556	0.018792170127871214
5674	0.042595216591154846
5792	0.02089935514363934
5890	0.03715196566399962
5915	0.02672651894896576
5933	0.04508631448509416
5940	0.04666507412860753
5972	0.03606815241434427
5976	0.032062200735151966
6042	0.2374820889611712
6043	0.09524185760219127
6173	0.03858238480119111
6211	0.0377493890466707
6238	0.13232843250618775
6348	0.02416136405417259
6388	0.012859619165836196
6395	0.0377493890466707
6416	0.04157530919975987
6430	0.05459942294970207
6544	0.019439216594722482
6547	0.02223417740278919
6559	0.02997213019336396
6574	0.031149862484726006
6603	0.044615083403719384
6612	0.0571993143267786
6614	0.029794503928731463
6660	0.021077901767999726
6665	0.019364888202794882
6691	0.05459942294970207
6760	0.013936452000368154
6804	0.032062200735151966
6900	0.13125447667783294
6958	0.014765717215091519
7001	0.01995203445577272
7187	0.016028318834650657
7206	0.014466356877281004
7215	0.013976082296048667
7324	0.028877996667402785
7327	0.02343289399115485
7374	0.028658764590786694
7455	0.03272862212823937
7472	0.019820741056248647
7501	0.012059739697249832
7531	0.01781083386702894
7544	0.03715196566399962
7547	0.02744853735161112
7561	0.05459942294970207
7591	0.01268677501418216
7650	0.0251477593054524
7671	0.022549092270544066
7688	0.04859731977042846
7726	0.030922897774922235
7755	0.048384465826343606
7769	0.014258692140949391
7780	0.1036048344476198
7811	0.01735404253858058
7862	0.029531434430183037
7907	0.04859731977042846
7932	0.05000925739950555
8037	0.04104045292941923
8089	0.02043505934646688
8109	0.023100820536664877
8112	0.045636500496361816
8131	0.018254992992180728
8171	0.4012570731475414
8212	0.015829247895178665
8314	0.03908421130582056
8321	0.03272862212823937
8386	0.026215095773499165
8388	0.06012326242836256
8464	0.01966610829544849
8505	0.04241753242213987
8509	0.04179871028727868
8521	0.02559191843060419
8584	0.03839110513201069
8605	0.02672651894896576
8645	0.013976082296048667
8719	0.014177000926659997
8724	0.027024170702485934
8754	0.06350572468453182
8774	0.051088417664367766
8805	0.031079389895617517
8877	0.005915549755866749
8879	0.06909318938487519
8927	0.02744853735161112
8934	0.04666507412860753
8938	0.061914761460225225
8993	0.030865928703657022
9067	0.024063946055797054
9068	0.015350717059775512
9111	0.029333849520856544
9186	0.07461887820623868
9272	0.023215513663631466
9357	0.04066297094933391
9381	0.019589815251330578
9426	0.01698552352996813
9459	0.051088417664367766
9495	0.01735404253858058
9503	0.05722138528671159
9522	0.04144883153938429
9538	0.02655504394973637
9541	0.021446434172337513
9549	0.025441319773996093
9553	0.01738834985830505
9589	0.0377493890466707
9652	0.014636150640801463
9679	0.056472561164125606
9694	0.051088417664367766
9704	0.021446434172337513
9713	0.023100820536664877
9820	0.029618681007567375
9826	0.012584700694786797
9891	0.049154073994680095
9998	0.005296232039175787
10001	0.03272862212823937
10016	0.07678221026402138
10073	0.03659311341188124
10121	0.01623207422351558
10128	0.04207280452509752
10133	0.021352820239049122
10171	0.01865471955155967
10205	0.028658764590786694
10273	0.028658764590786694
10357	0.02089935514363934
10375	0.01516647171557033
10452	0.010076706786722678
10577	0.032062200735151966
10649	0.03715196566399962
10661	0.02655504394973637
10699	0.024063946055797054
10773	0.030794795040976795
10831	0.0236901093912679
10867	0.016600606627853367
10873	0.01076828699951566
10941	0.03510502689521209
10948	0.009348613880501903
11016	0.11011981914899174
11040	0.04859731977042846
11049	0.03174728586739709
11063	0.04859731977042846
11109	0.06412440147030393
11153	0.029272301281602926
11175	0.144716876366998
11180	0.027080004947273334
11199	0.024863825524383414
11226	0.03606815241434427
11242	0.028658764590786694
11258	0.06229972496945201
11308	0.03659311341188124
11374	0.02344956046497606
11401	0.016078809965996286
11535	0.018061842876523442
11543	0.02726231072276358
11544	0.020459942088483948
11567	0.09727901577350412
11608	0.031149862484726006
11627	0.02055294077046276
11660	0.01401589480062566
11668	0.03908421130582056
11702	0.019439216594722482
11775	0.01051820113127438
11780	0.04066297094933391
11833	0.0327762002945941
11876	0.005413646780400087
11889	0.032862588080778916
12055	0.009233001956304712
12166	0.027638857199391718
12270	0.027080004947273334
12305	0.05459942294970207
12329	0.017749202258155676
12371	0.06041563709078781
12434	0.0772216549653195
12516	0.014177000926659997
12534	0.025004628699752774
12537	0.01106817669938462
12548	0.03659311341188124
12564	0.0943884164134215
12566	0.009141611086951764
12590	0.018723172117454896
12591	0.019002525520479163
12624	0.016180684135045694
12674	0.021930314488661798
12690	0.04597525341848348
12698	0.020468460056554613
12719	0.015928211309388186
12739	0.010598503448579757
12762	0.025004628699752774
12770	0.04666507412860753
12848	0.04508631448509416
12855	0.021930314488661798
12860	0.07318622682376248
