310
t_index	tf-idf
16	0.017396564102014993
278	0.020348610664788956
320	0.021740289578614284
356	0.02401680853662472
470	0.03704578077888752
551	0.13824135627543366
687	0.026074964008169985
716	0.028656044026371407
717	0.03148845351339877
721	0.02881180335502749
723	0.0444752975284607
738	0.01694529476021152
764	0.01864958685607977
801	0.0374037837520475
841	0.026074964008169985
902	0.011520271010840834
975	0.0444752975284607
977	0.019308011291947758
983	0.029026032947089983
1012	0.028055751017623847
1032	0.02820254546182186
1075	0.018031092169253752
1105	0.021205228651407386
1240	0.014826950100180026
1273	0.019124185816686304
1301	0.043081584444081236
1306	0.08754285928340169
1358	0.02762763066978484
1387	0.06103219090179149
1420	0.01792255882802996
1446	0.026821787907262945
1488	0.01981504919198892
1511	0.013449724321082199
1531	0.04898289199358972
1621	0.04790800002423563
1917	0.04249451051900684
1981	0.025955640567731156
1989	0.09571476314065462
1999	0.025379100859252577
2025	0.10718267340835384
2057	0.011014281139755016
2063	0.03402326570691636
2069	0.031227407496629927
2071	0.03777480783464174
2087	0.041252468536101324
2109	0.019621944918582792
2121	0.024416939736985555
2393	0.0374037837520475
2407	0.06558522881781237
2430	0.03283909302167372
2440	0.021740289578614284
2451	0.1525804772544787
2453	0.03190492104688487
2520	0.04311300520583286
2537	0.09490673457566058
2601	0.04033872714592593
2615	0.014436019595939688
2629	0.03402326570691636
2631	0.024940235868127814
2640	0.023080184443603477
2702	0.021057370442247585
2716	0.022728355169788817
2784	0.04033872714592593
2801	0.01587530879617284
2891	0.010480020969022515
2909	0.019895239879180505
2913	0.03256334548275286
2918	0.017656171948419758
3016	0.023726683643915145
3167	0.03391129435578822
3181	0.01924636737112528
3199	0.03190492104688487
3212	0.04803361707324944
3216	0.024416939736985555
3285	0.08165026447841478
3293	0.026195699593099513
3294	0.08961279414014979
3300	0.02560582214202724
3318	0.01836379680000087
3320	0.03512726479403706
3325	0.03941062962076984
3433	0.05312668732685715
3471	0.056111502035247694
3497	0.05154681130487391
3522	0.027216754826138254
3688	0.03669991586528763
3692	0.022991083109932985
3709	0.04311300520583286
3808	0.018307587082839364
3809	0.01792255882802996
3900	0.11498470045808891
3901	0.026566723675693755
3939	0.0679267845371852
4023	0.028351482966180425
4098	0.031088322313037934
4110	0.03512726479403706
4192	0.03986412818531939
4200	0.01797668117170964
4280	0.03211970872453605
4358	0.022642261512395064
4415	0.026951751930503157
4417	0.050096389896245694
4442	0.043324225321544146
4457	0.018464461668752694
4497	0.08622601041166572
4501	0.05525526133956968
4504	0.034560339068858414
4552	0.03256334548275286
4553	0.032339115844356635
4564	0.06605257537967056
4587	0.03345700553842654
4617	0.024833407270471664
4620	0.028643206037731645
4659	0.034560339068858414
4682	0.022556888312461224
4686	0.043771429641700846
4695	0.027911038834450886
4708	0.08256571922458819
4717	0.05239139918619903
4745	0.0444752975284607
4769	0.03089399190684302
4845	0.5443722513106618
4856	0.026951751930503157
4859	0.01587530879617284
4895	0.013732151709179831
4990	0.011549131108889579
5091	0.01770889577561905
5116	0.20413959424149816
5148	0.04898289199358972
5198	0.03941062962076984
5216	0.01924636737112528
5469	0.02083952505803768
5484	0.012518599484967162
5515	0.032287597943832014
5556	0.022140420778975118
5753	0.03777480783464174
5769	0.013414964362900947
5792	0.024623048521848934
5899	0.027216754826138254
6042	0.12435328925215174
6043	0.14961513500819
6192	0.06432754653507247
6238	0.03897643482329808
6348	0.018977505457977807
6388	0.015150851522289791
6395	0.0444752975284607
6544	0.022902753226061102
6559	0.035312343896839515
6574	0.03669991586528763
6603	0.05256427080672212
6612	0.06739066743470347
6614	0.03510306949087145
6634	0.034560339068858414
6665	0.02281518154796838
6734	0.06432754653507247
6760	0.01641954651083686
6900	0.05154681130487391
6947	0.022304973344030726
7001	0.047013882403315485
7022	0.04033872714592593
7028	0.05725603275865927
7247	0.052883087453131014
7327	0.013803997343122645
7366	0.01888412679131795
7455	0.038559967289811974
7472	0.023352254909910435
7501	0.014208455413354009
7531	0.04196847448242128
7544	0.08754285928340169
7547	0.06467823168871327
7569	0.03986412818531939
7591	0.014947211271016756
7650	0.029628402088874434
7671	0.026566723675693755
7726	0.03643251225288736
7755	0.02850262703221231
7769	0.016799201029489987
7780	0.030516095450895744
7811	0.11245332006536228
7862	0.017396564102014993
7907	0.05725603275865927
7926	0.028055751017623847
7932	0.029459769524621548
8037	0.03223515931135646
8089	0.006019006978644218
8103	0.014059517908995444
8112	0.03584511765605992
8131	0.021507533372352897
8171	0.2909231428122353
8176	0.06140658811645705
8321	0.038559967289811974
8386	0.030885908718204708
8388	0.0708355831024762
8390	0.029459769524621548
8505	0.04164598029576547
8521	0.03015169822001669
8584	0.04523134986586434
8645	0.01646623784110852
8713	0.05018451898224607
8724	0.03183913866703956
8754	0.07482070760438346
8805	0.0244112579923998
8877	0.02090861670195352
8879	0.0651229645339889
8905	0.022728355169788817
8914	0.06702611500595743
8938	0.0729462782548013
8993	0.03636539285152941
9000	0.021662112660772073
9068	0.018085794916168223
9106	0.05497951380064884
9116	0.0601909761525377
9156	0.02762763066978484
9186	0.04395696053993659
9357	0.04790800002423563
9416	0.029293879075116207
9443	0.012236497515534552
9459	0.0601909761525377
9495	0.010223029096851115
9496	0.03704578077888752
9503	0.022472223611979508
9522	0.04883387947397111
9553	0.020486478139314156
9554	0.03669991586528763
9580	0.04697052418012684
9652	0.017243912308520553
9679	0.09980164010853816
9704	0.025267602067943425
9713	0.027216754826138254
9735	0.029628402088874434
9820	0.03489591973484684
9821	0.03376497247140921
9823	0.03604149142941965
9826	0.014826950100180026
9891	0.057911985355486875
9976	0.03669991586528763
9998	0.006239875708475439
10001	0.038559967289811974
10121	0.019124185816686304
10128	0.024784513688381273
10137	0.0214311132557991
10348	0.03211970872453605
10403	0.03950054826169948
10552	0.03777480783464174
10570	0.034560339068858414
10625	0.0601909761525377
10636	0.024623048521848934
10661	0.03128642636005885
10699	0.028351482966180425
10773	0.018140792558021566
10825	0.03986412818531939
10831	0.027911038834450886
10835	0.03148845351339877
10867	0.058675141842474215
10873	0.019030351759463222
10916	0.04311300520583286
11016	0.055602925096842094
11153	0.034487824617041106
11174	0.03033226997563429
11175	0.07104227706677005
11180	0.03190492104688487
11226	0.04249451051900684
11235	0.03986412818531939
11242	0.03376497247140921
11258	0.03669991586528763
11316	0.01975027413084974
11374	0.02762763066978484
11535	0.02127996918976722
11536	0.023726683643915145
11544	0.0361580161208193
11567	0.09823840738841598
11592	0.008120558156930123
11623	0.01264652640074332
11636	0.013985856665834379
11663	0.018140792558021566
11668	0.046047948599711286
11672	0.04898289199358972
11702	0.022902753226061102
11775	0.012392256844190637
11780	0.04790800002423563
11817	0.034560339068858414
11833	0.019308011291947758
11876	0.006378210544668992
11889	0.0387178023104136
12009	0.04898289199358972
12055	0.010878070333266179
12098	0.041911378217176505
12156	0.046935641961732597
12166	0.06512669096550572
12202	0.03376497247140921
12287	0.04311300520583286
12329	0.04182324913117614
12371	0.09490673457566058
12434	0.09098044145765109
12516	0.016702954675502903
12525	0.022991083109932985
12537	0.013040223013784694
12564	0.01853430836561403
12566	0.010770396111020309
12581	0.015109796988590503
12584	0.019621944918582792
12590	0.04411825842112947
12612	0.017243912308520553
12690	0.02708339295512082
12699	0.02083952505803768
12739	0.01248686683774486
12762	0.029459769524621548
12766	0.016241116313860247
12770	0.05497951380064884
12848	0.053119462376124485
