64
t_index	tf-idf
91	0.07240951651684864
316	0.11940055139963075
647	0.08003187836325332
729	0.0957190896475014
902	0.048516922822287596
991	0.10931060641217827
1169	0.16239296412985998
1170	0.1140600672095976
1203	0.16391186640540947
1605	0.2166457113928386
1737	0.061776659839262366
2261	0.12774251578350931
2349	0.07348102501213363
2440	0.09155791132233333
2565	0.12698204878382327
2577	0.11387396444803699
2621	0.1844481055745201
3242	0.08372441753349696
3305	0.10458438892818818
4148	0.1818038807085529
4428	0.14010285192443744
4859	0.06685790038438381
5252	0.1083228556964193
5381	0.1467259765521873
5913	0.09834660557241683
6174	0.15178655575340197
6348	0.039961306760831546
6488	0.21376508877763623
6732	0.10981312984632427
6909	0.0560601096699908
7170	0.11815509423020283
7327	0.05813469779531364
7826	0.12550034113057235
8010	0.12336939546955202
8037	0.033939104709462
8089	0.02534868292376899
8156	0.10981312984632427
8504	0.09290068509922364
8670	0.17896305436577267
8761	0.07928028023836935
9376	0.09393604276038087
9495	0.0861073343214215
9894	0.06398048976513296
9987	0.10688254438881811
10121	0.08054034895829551
10313	0.2170862702327222
10375	0.07525303960651769
10831	0.11754564764549658
11018	0.15752376726658027
11171	0.19048908732485267
11398	0.253490646343543
11454	0.1431422866114858
11623	0.05326007910556119
11663	0.07639884787818221
11889	0.08152883837434223
11958	0.1843407218240946
12183	0.10594848012740916
12189	0.2170862702327222
12196	0.06723151372839915
12330	0.14113820958559467
12470	0.15046444332041842
12659	0.08716347358604534
12768	0.1024029425734548
12834	0.06503706588878183
