217
t_index	tf-idf
240	0.0322712084714715
498	0.04603137568867934
551	0.08827936295156699
716	0.036598849714984664
717	0.04021633889289118
801	0.047771264556027905
858	0.027371331944911398
890	0.04074824178413469
893	0.06255983907021238
915	0.050334362598553055
983	0.018535695587903113
1012	0.03583216909459305
1023	0.06705033784998533
1105	0.02708283724964037
1156	0.04644505524121478
1166	0.0535282620066716
1301	0.013755705716927651
1368	0.04924791595643196
1488	0.10122932625385986
1591	0.04312385729078526
1807	0.04824512810212695
1896	0.06409452981576089
1981	0.03314995564357526
2057	0.014067190146047804
2087	0.026343358750696415
2233	0.02625380642952028
2393	0.09554252911205581
2430	0.0629120175749269
2431	0.03510810441224272
2440	0.05553240986897686
2451	0.15589786088654095
2506	0.018734627870947654
2520	0.055062952752220125
2537	0.03030318239738527
2601	0.05151970771502404
2687	0.05151970771502404
2721	0.04312385729078526
2909	0.025409749290990977
2913	0.04158916654523674
3061	0.03945710600716418
3093	0.03270317548166289
3167	0.02165536814198666
3181	0.024581024035521527
3202	0.0404795763598357
3207	0.03409228022724448
3216	0.0311847618293504
3238	0.02643353081604927
3285	0.06952124436260157
3341	0.052823776308382336
3383	0.08215768394284245
3426	0.09374460089956278
3433	0.022617400172674072
3438	0.030181973975045396
3598	0.04824512810212695
3692	0.029363690073577423
3730	0.0535282620066716
3818	0.047771264556027905
3900	0.11422121852474088
3946	0.029708110428946357
4023	0.036209871234189894
4079	0.052823776308382336
4110	0.08972749231626767
4118	0.06583441868310946
4266	0.11360568323913738
4298	0.021271605333844493
4415	0.06884433298275727
4442	0.027666359147517465
4501	0.03528538349306106
4504	0.044139681475783496
4564	0.06327063875382305
4587	0.04273052890648194
4598	0.022685087657053144
4617	0.031716664720593916
4620	0.03658245332696835
4638	0.0404795763598357
4659	0.08827936295156699
4708	0.08436085167176408
4769	0.03945710600716418
4845	0.43453743554919416
4856	0.034422166491378636
4859	0.04055116891050337
4888	0.04977981884767547
4990	0.04425086520008673
5091	0.022617400172674072
5116	0.304176204884436
5216	0.024581024035521527
5362	0.02473896307766608
5411	0.038739687492487136
5414	0.021579653048609978
5548	0.0171332883282095
6039	0.06583441868310946
6042	0.039705300395923286
6173	0.02902813990522847
6348	0.012118819847963846
6554	0.010007262557931525
6574	0.04687230044978139
6603	0.10070084233517528
6612	0.021517458126507634
6634	0.044139681475783496
6827	0.025815050786069993
6900	0.06583441868310946
6947	0.056974812473324414
7170	0.03583216909459305
7187	0.04823675716006897
7215	0.021030305633370945
7247	0.06754108028241372
7327	0.017630152430044475
7343	0.027274455577151316
7366	0.024118378580034485
7531	0.08040177609315684
7569	0.05091356068307009
7650	0.07568144677248123
7726	0.0310205190792253
7754	0.023382035136190304
7811	0.03916986293047791
7862	0.02221849724061042
8018	0.036209871234189894
8037	0.010292503652015022
8089	0.0076873392448070545
8112	0.06867085733655956
8131	0.027468933985108572
8140	0.02870101448683851
8144	0.04102256373617218
8171	0.418005497170933
8176	0.03921355103858617
8221	0.08215768394284245
8268	0.06784297297475701
8270	0.07021858848140759
8388	0.15832180120871853
8390	0.03762534969856537
8505	0.02127572071951392
8719	0.021332635007203355
8724	0.02033211301003665
8754	0.0637062075668134
8805	0.06235501046797415
8877	0.026704011192849684
8879	0.041586786888314596
8905	0.02902813990522847
8914	0.08560423440949526
8922	0.03805971696876925
9026	0.024581024035521527
9028	0.047771264556027905
9036	0.02807041668501308
9067	0.036209871234189894
9113	0.06918059084667422
9186	0.02807041668501308
9215	0.042488130651483255
9299	0.0535282620066716
9416	0.03741347817767401
9435	0.047771264556027905
9436	0.06255983907021238
9443	0.015628177190009036
9474	0.06255983907021238
9495	0.013056620976825969
9497	0.03564734597528878
9503	0.02870101448683851
9522	0.0623695236587008
9538	0.03995831439318602
9553	0.026164865391750277
9580	0.01999656284168769
9601	0.055062952752220125
9679	0.08497626130296651
9704	0.0322712084714715
9800	0.037204996746938605
9826	0.01893664449805701
9891	0.026415669522723242
9976	0.04687230044978139
9983	0.055062952752220125
10023	0.0318531037834067
10026	0.033930417134041525
10128	0.031654218946107156
10148	0.04524144829773066
10217	0.019941468419471566
10348	0.04102256373617218
10351	0.03921355103858617
10403	0.07567380697204863
10541	0.02807041668501308
10559	0.04873687745946406
10619	0.08758439848968312
10636	0.03144799929629493
10873	0.01620342252933745
10976	0.023745006000683824
11016	0.023671598418122115
11153	0.04404706766203503
11175	0.05444015132132503
11199	0.03741347817767401
11235	0.05091356068307009
11242	0.04312385729078526
11244	0.06784297297475701
11258	0.04687230044978139
11374	0.03528538349306106
11401	0.024194354372211485
11418	0.034256179387556984
11537	0.025307331563464965
11544	0.015393399460860935
11567	0.12546786656732212
11577	0.030799616209721964
11627	0.03092673732964524
11640	0.033930417134041525
11876	0.04073052947574457
12044	0.05776845452300484
12055	0.02778644958458733
12056	0.09955963769535094
12063	0.04345374355491942
12146	0.04687230044978139
12166	0.04158916654523674
12183	0.03213034427312935
12371	0.03030318239738527
12372	0.09048289659546133
12434	0.023239631407930728
12488	0.017401953752508494
12564	0.04734319683624423
12609	0.04977981884767547
12674	0.03299932030758662
12766	0.02074278552292635
12829	0.008302689204588647
12868	0.02776620493448843
