358
t_index	tf-idf
2	0.05565832388526178
16	0.016911119276496342
44	0.03505588213530403
91	0.016713752490441866
117	0.02607333562241025
182	0.023935951263831086
184	0.023064599123425122
190	0.018129176884072944
191	0.026588638730636084
316	0.027560345094299256
320	0.04226726933129657
360	0.04396918541690489
433	0.018185686174757115
553	0.03473059323196046
554	0.023157720499461243
557	0.024349234132938647
569	0.030031906243096644
597	0.12935561527884024
644	0.026588638730636084
645	0.028007820409283683
647	0.0369463316606269
657	0.03165467711160321
706	0.031223419876574048
720	0.04255000373825729
731	0.07639415422822395
743	0.030609779613654763
762	0.033867670631953624
773	0.044762997258607704
808	0.1550731288566845
872	0.008220483655113797
875	0.02546471807607465
901	0.021210216927914104
902	0.03359640605227217
982	0.02816158091072019
991	0.025231357810932786
1011	0.03921308956334545
1022	0.024140440027701507
1032	0.027415563637099922
1051	0.053986969776636445
1052	0.03165467711160321
1087	0.0625325096288972
1105	0.020613504419978654
1154	0.03473059323196046
1157	0.017011295417975306
1203	0.06305760386962686
1223	0.03443453083793466
1240	0.014413209423449386
1293	0.0625325096288972
1316	0.28143956833735484
1420	0.01742243631003728
1428	0.031877548371343746
1497	0.01932548730298001
1561	0.04385489301470219
1601	0.04657114462127598
1605	0.07501008788312502
1691	0.03709499967326949
1710	0.022094128644078143
1737	0.12833504029811596
1740	0.029137845929339518
2180	0.038310890263754005
2244	0.033595945314392604
2261	0.029485858959093336
2277	0.020050666665353708
2349	0.05088324258501291
2360	0.053445330364911385
2422	0.03473059323196046
2437	0.030031906243096644
2464	0.017475048389303246
2531	0.03709499967326949
2565	0.14655162996484017
2577	0.15770810372255467
2588	0.03473059323196046
2621	0.1915865565037631
2626	0.05116698039690806
2631	0.048488575224001816
2634	0.04956098273593562
2635	0.025825388865916253
2640	0.022436140249332635
2661	0.0325778877616017
2664	0.023251724555724246
2665	0.03233890381971006
2689	0.046315440998922486
2697	0.035035766654355587
2702	0.020469772140636153
2709	0.054831127274199844
2716	0.044188257288156285
2730	0.032822773134005175
2737	0.027415563637099922
2833	0.08057007490282588
2865	0.03709499967326949
2898	0.025825388865916253
2928	0.027415563637099922
2991	0.02546471807607465
3000	0.021763519573776226
3012	0.08793837083380979
3218	0.06162027401493297
3241	0.021763519573776226
3242	0.01932548730298001
3243	0.05565832388526178
3369	0.04956098273593562
3378	0.023251724555724246
3381	0.03535062972450003
3474	0.05291456226470265
3475	0.0325778877616017
3476	0.04688489754751825
3619	0.03210554355456818
3809	0.01742243631003728
3824	0.021210216927914104
3847	0.030609779613654763
3939	0.022010437399037006
3963	0.04657114462127598
3964	0.04878413814162638
3979	0.041909952397990995
3992	0.031223419876574048
4002	0.051637183002243105
4098	0.06044162785926819
4119	0.03041338995491598
4148	0.08392888697875864
4162	0.061219559227309525
4192	0.07750346822995828
4219	0.015737487471822534
4222	0.02632764067608149
4276	0.02226366018570412
4298	0.016190413379789725
4304	0.035593440981472886
4342	0.22436140249332628
4359	0.056635525873382726
4428	0.03233890381971006
4430	0.03219631652332827
4456	0.044762997258607704
4572	0.022972344005299534
4587	0.05420566651139227
4640	0.015178008995756167
4685	0.2596649977128865
4700	0.03601203167297492
4708	0.032104701083933956
4730	0.0325778877616017
4734	0.02672175957075721
4737	0.0509294361521493
4765	0.024891300941800223
4836	0.023157720499461243
4853	0.09125183971722908
4856	0.05239934609323082
4859	0.01543231404942741
4949	0.010814147289212407
4950	0.03969695887764058
4970	0.01652023701044584
5042	0.07070125944900006
5162	0.03473059323196046
5248	0.023735593870019365
5252	0.025003362627708345
5271	0.04255000373825729
5314	0.03304047402089168
5381	0.033867670631953624
5414	0.016424877105704075
5474	0.020613504419978654
5484	0.02433854499354207
5544	0.01324511340104742
5548	0.026081249274354002
5560	0.08793837083380979
5561	0.05793662877542708
5583	0.02607333562241025
5656	0.02403766860353364
5716	0.05851136874587851
5740	0.05760326450197299
5769	0.052162498548708004
5842	0.01870930445481863
5891	0.03672071549257034
5913	0.04540123737547705
5946	0.06553543303408949
5970	0.12172044556324912
6006	0.027415563637099922
6019	0.018951203122280852
6144	0.030220813929634095
6174	0.07007153330871117
6308	0.038310890263754005
6312	0.032822773134005175
6323	0.02672175957075721
6335	0.047616042119224426
6348	0.027671917554086205
6474	0.047616042119224426
6477	0.04396918541690489
6488	0.07401271870311552
6554	0.007616807244689535
6563	0.04020565261962212
6580	0.020833085796231565
6603	0.012774370963165816
6663	0.04255000373825729
6702	0.031223419876574048
6708	0.011339876283620477
6732	0.07604205472184652
6744	0.04787190252766217
6755	0.01889017306086523
6760	0.01596136500762121
6779	0.061219559227309525
6805	0.04747929883230936
6836	0.02785640748832506
6909	0.025879879957304577
6910	0.03210554355456818
6958	0.016911119276496342
6959	0.054668768599316485
7041	0.11702273749175703
7168	0.04255000373825729
7170	0.054545730877485855
7215	0.032013506866438106
7222	0.03333146687598672
7281	0.020833085796231565
7313	0.07939391775528117
7324	0.03307385879025081
7327	0.05367520717150046
7743	0.03086462809885482
7746	0.053445330364911385
7764	0.03535062972450003
7769	0.016330425404326804
7803	0.0257037020179663
7821	0.022453713569762213
7829	0.05565832388526178
7832	0.015094669398749197
8011	0.04396918541690489
8012	0.031223419876574048
8021	0.02252351838005603
8022	0.0625325096288972
8037	0.04700347328482551
8089	0.0058510487671600865
8105	0.018649740589987952
8110	0.03535062972450003
8131	0.020907373437089066
8156	0.025347351573948847
8297	0.03672071549257034
8299	0.053445330364911385
8390	0.08591311595223486
8397	0.03233890381971006
8454	0.031223419876574048
8504	0.08577430877222386
8505	0.008096772857425698
8523	0.05851136874587851
8539	0.02252351838005603
8541	0.028637705317411628
8574	0.04657114462127598
8596	0.03535062972450003
8645	0.016006753433219053
8651	0.029138782898841135
8670	0.04130871658157006
8681	0.03709499967326949
8686	0.03921308956334545
8709	0.017370101868365507
8761	0.03659936000176579
8777	0.015178008995756167
8787	0.053445330364911385
8818	0.03601203167297492
8865	0.021210216927914104
8877	0.0067750564398771996
8922	0.05793662877542708
8933	0.04747118774003873
8936	0.035035766654355587
8938	0.02363691291969068
8997	0.17193763143538246
9008	0.023835266605306372
9067	0.027560345094299256
9109	0.03228835709389395
9260	0.016144178546946976
9376	0.021682561134947615
9390	0.01938926471687882
9441	0.04323423044636414
9443	0.0237900849614077
9446	0.032822773134005175
9495	0.00993775916957748
9510	0.05239934609323082
9533	0.04396918541690489
9570	0.048488575224001816
9580	0.030439885800885483
9587	0.034147051182378325
9595	0.030220813929634095
9891	0.06835939501131763
9894	0.014768142663994427
9911	0.03307385879025081
9987	0.09868362493748738
10026	0.025825388865916253
10099	0.04023859828936564
10121	0.05577159699731775
10128	0.036139366204987415
10171	0.021365178731960338
10181	0.029310325992968032
10211	0.033330036935290346
10228	0.014688163571799948
10313	0.1503252485699986
10329	0.05149044857969472
10355	0.03969695887764058
10442	0.031014625771336905
10475	0.025825388865916253
10476	0.02558349019845403
10558	0.016424877105704075
10649	0.04255000373825729
10665	0.022178532163596727
10687	0.03041338995491598
10722	0.020907373437089066
10727	0.02261167321545794
10728	0.07750346822995828
10729	0.08845757687728
10743	0.04657114462127598
10773	0.0352691606135428
10831	0.027132191396670634
10873	0.006166438893541601
10876	0.023251724555724246
10904	0.03601203167297492
10976	0.018072987761059457
11018	0.03636004470272874
11134	0.021133634665648285
11171	0.04396918541690489
11184	0.046315440998922486
11209	0.10094204951493425
11279	0.02558349019845403
11305	0.022965972647323973
11344	0.03333146687598672
11350	0.027560345094299256
11372	0.021927446507351095
11378	0.041909952397990995
11381	0.031877548371343746
11398	0.11702273749175703
11453	0.023251724555724246
11454	0.04956071103133751
11455	0.03210554355456818
11536	0.023064599123425122
11541	0.023157720499461243
11567	0.03183236672744507
11663	0.0176345803067714
11701	0.03875173411497914
11716	0.030810137007466484
11720	0.029137845929339518
11795	0.02546471807607465
11802	0.027560345094299256
11814	0.027707271539866966
11876	0.012400457775338592
11889	0.10350283913409489
12045	0.03748396535729017
12183	0.048910606195691896
12184	0.053445330364911385
12193	0.05018848858842015
12196	0.04655565735283185
12252	0.03748396535729017
12330	0.0651557755232034
12387	0.01932548730298001
12488	0.02649022680209484
12516	0.0324737295400331
12537	0.025352680619580834
12544	0.07202406334594984
12612	0.03352545435211056
12643	0.02672175957075721
12659	0.04023859828936564
12666	0.01945345493244609
12690	0.05265528135216298
12739	0.03641527601275666
12766	0.01578791384071805
12768	0.02363691291969068
12795	0.056952887961729266
12834	0.045036072919368
12835	0.1268018079938897
12839	0.01870930445481863
