196
t_index	tf-idf
15	0.020048926207670598
44	0.022392748879861146
76	0.0410163048639914
91	0.021352585618246496
240	0.03137974464289672
279	0.07977870278864958
304	0.036795406593231175
316	0.035209605301441606
319	0.027097025230801045
320	0.05399837575446435
355	0.024689196665273035
360	0.05617265163618539
469	0.027195623972208757
557	0.09332179117639137
647	0.1416019012812623
866	0.041932598557560534
875	0.06506469128041015
1075	0.022392748879861146
1097	0.07110606231651376
1123	0.022805933570924454
1203	0.04833538918125082
1301	0.053502865647143426
1353	0.1495019160420908
1437	0.1365577231282871
1561	0.028013318924370176
1600	0.036795406593231175
1694	0.2792254597602736
1710	0.02822626300126326
1737	0.018217100208371178
1944	0.023526006553826754
1947	0.09115498852418435
1983	0.06401580061111743
2057	0.013678596356758155
2133	0.05617265163618539
2360	0.06827886156414355
2453	0.03962260734560139
2529	0.043267503050133035
2537	0.029466083562928715
2577	0.28542906217997993
2621	0.027195623972208757
2629	0.04225337200299503
2702	0.02615107304412254
2729	0.028774828088984124
2804	0.09382479750932936
2878	0.041314433309066076
2986	0.026615222907644544
2994	0.041619746259197746
3115	0.04921647745275401
3167	0.010528578795618871
3177	0.062323974647652755
3212	0.029826388629602393
3215	0.08088060459552564
3365	0.039762221698590235
3381	0.04516205132767051
3651	0.029115742135980078
3698	0.052773780639163596
3754	0.06596887035218439
3971	0.05435958193095317
4100	0.035977711641069755
4200	0.04465035211320559
4219	0.04021072453362487
4359	0.10853172403421014
4421	0.03617724134473672
4472	0.019881110849295117
4505	0.03431065572328258
4540	0.04044030229776282
4572	0.029348223416942675
4708	0.04101522856910439
5054	0.05009652097792708
5135	0.12389275892046102
5248	0.030323310136329315
5274	0.07988814998537475
5345	0.07117567718576387
5414	0.020983534060905015
5474	0.026334697625288353
5481	0.23966444995612426
5484	0.031093607859476714
5544	0.01692124004355004
5560	0.11234530327237079
5561	0.11102505201037277
5583	0.03330988247846625
5793	0.06596887035218439
5846	0.07110606231651376
5855	0.031107263725463796
5896	0.03431065572328258
5915	0.03910539780519032
5989	0.044369926261742944
6155	0.029826388629602393
6348	0.011784048079220679
6560	0.03658598241477121
6612	0.020923057218973858
6625	0.0187140217150981
6701	0.18910928755840248
6708	0.014487212215497376
6769	0.03885450100597324
6947	0.027700466626007392
6995	0.09290325054679086
7038	0.07988814998537475
7063	0.3747932088515423
7133	0.017785947570351554
7248	0.044369926261742944
7286	0.07110606231651376
7296	0.023305655359313455
7313	0.10142937245284307
7327	0.017143134932774782
7340	0.04398522866177365
7416	0.024770675237578296
7417	0.03766953760453443
7481	0.042088601921482796
7591	0.01856288822131626
7629	0.07110606231651376
7738	0.029231449555033994
7743	0.19715489218624624
7746	0.06827886156414355
7803	0.03283765859033675
7821	0.028685649241252803
7829	0.07110606231651376
7924	0.035209605301441606
7926	0.10452701055649265
7938	0.05435958193095317
7939	0.04044030229776282
7975	0.025528568054421576
8021	0.028774828088984124
8037	0.030024546798905746
8039	0.057186782683323396
8047	0.0747509580210454
8049	0.03936136356799911
8098	0.07770900201194648
8105	0.02382589923678335
8161	0.0747509580210454
8187	0.06401580061111743
8286	0.05009652097792708
8401	0.06401580061111743
8537	0.035209605301441606
8651	0.018613066007014716
8761	0.07013604232122408
8938	0.030197240694892505
9376	0.027700466626007392
9443	0.03039292500557944
9480	0.08032366462351544
9541	0.03137974464289672
9580	0.019444175332402256
9650	0.048404695014462394
9668	0.03578127554609318
9891	0.051371919643293594
9894	0.018866979802157114
10026	0.03299311912147432
10091	0.07988814998537475
10211	0.02129032566825124
10260	0.07110606231651376
10329	0.0877085471937833
10331	0.06401580061111743
10335	0.06083167838785504
10382	0.06596887035218439
10403	0.024527794809605253
10419	0.026615222907644544
10452	0.029487837769931514
10552	0.04691239875466468
10558	0.04196706812181003
10572	0.09901423645214459
10724	0.06083167838785504
10773	0.022528985400347104
10775	0.04600702266136482
10873	0.02363372579126028
10880	0.02780389474591021
10890	0.025270866811255496
10981	0.07110606231651376
11090	0.06596887035218439
11153	0.021415153026031506
11305	0.08802025114445042
11337	0.09382479750932936
11454	0.021105360714238
11592	0.010084892133296115
11636	0.017368985375261544
11644	0.06401580061111743
11652	0.03962260734560139
11669	0.041314433309066076
11698	0.05136456582020747
11744	0.11300861281360332
11795	0.06506469128041015
11889	0.012020875055416592
11933	0.05435958193095317
11984	0.057186782683323396
12055	0.040528309929943364
12193	0.01602952419343708
12196	0.03965132546620228
12377	0.036379963658809515
12525	0.08565763167157948
12566	0.013375716411785856
12643	0.03413827382157832
12680	0.05204959071899404
12739	0.031014790537278798
12768	0.030197240694892505
12795	0.10913989097642855
12834	0.03835709957893781
12839	0.023901994806840285
