369
t_index	tf-idf
3	0.012181291004261482
15	0.02738966549499002
16	0.01475755713835524
42	0.10913849861324987
56	0.018851298665753604
82	0.045506005125280045
102	0.022536630815365107
184	0.020127416398172553
189	0.01582050007239291
240	0.02143458208645394
277	0.03372893046726515
303	0.054569249306624934
331	0.08128099820125874
341	0.051060184331546646
355	0.0674578609345303
393	0.035114376743114406
395	0.02955476076552167
417	0.04506139813456442
566	0.07963128972064369
633	0.021066253346635488
638	0.024178863398225954
639	0.01913507553460439
738	0.014374744011728623
790	0.07986857919001528
797	0.034641712903647134
850	0.06686430896083681
851	0.054569249306624934
853	0.0485704631096427
858	0.01818007720124372
863	0.019207497874367558
871	0.016379043482265765
918	0.01548295905304725
932	0.02886203762759704
984	0.07911694921707928
1006	0.021156876364185163
1022	0.021066253346635488
1029	0.10212036866309329
1032	0.047848606616715784
1040	0.0267117488946338
1148	0.025577775398120207
1157	0.029689952512737875
1170	0.0459498458077051
1218	0.03604821983083684
1301	0.009136559097476678
1358	0.07030980413416824
1410	0.10212036866309329
1446	0.022753002562640023
1475	0.019428473770869405
1497	0.016864465233632574
1523	0.051060184331546646
1537	0.054569249306624934
1694	0.02724724457025196
1706	0.024575318321713762
1735	0.03836988879965755
1888	0.025133861731586625
1921	0.035085626570180724
1924	0.042571676912660464
1996	0.18641666427886414
2069	0.013245151390579508
2076	0.10118679140179544
2121	0.02071296269765157
2129	0.022018247194946803
2146	0.16925204378758166
2198	0.08174173371075588
2245	0.025577775398120207
2264	0.022119469624841282
2271	0.02071296269765157
2298	0.03271053509161604
2300	0.054569249306624934
2317	0.02842922648868971
2332	0.030574104518695997
2350	0.0485704631096427
2430	0.013928750205995563
2506	0.024887132399395055
2605	0.036572890715678236
2615	0.0122461184167292
2619	0.03237110260267532
2634	0.02162479675650834
2635	0.09014652326146043
2645	0.02297492290385255
2707	0.026372316405693087
2730	0.0286429267066649
2796	0.027623582953490572
2809	0.027065039543617716
2955	0.022018247194946803
2975	0.054569249306624934
3048	0.03836988879965755
3077	0.019428473770869405
3124	0.051060184331546646
3144	0.036572890715678236
3157	0.030307793688261326
3162	0.027623582953490572
3167	0.02876705199696087
3191	0.10913849861324987
3193	0.01420989294939678
3196	0.04506139813456442
3238	0.017557188371557203
3294	0.12163008024765065
3311	0.04155233315948614
3369	0.02162479675650834
3422	0.02931763856004958
3433	0.015022509027262782
3474	0.02308805417621626
3597	0.03004943363385461
3598	0.03204448198742562
3601	0.0485704631096427
3621	0.026207465343361245
3635	0.027065039543617716
3650	0.06928342580729427
3671	0.02724724457025196
3796	0.046639285297611605
3800	0.07209643966167369
3809	0.030407520061912663
3840	0.02331885236306735
3900	0.010837984871905206
3901	0.022536630815365107
3968	0.02654036865877633
4005	0.034641712903647134
4051	0.10212036866309329
4130	0.010782860997021285
4133	0.04506139813456442
4134	0.022018247194946803
4136	0.05966432537203213
4138	0.021341019887657554
4315	0.054569249306624934
4358	0.019207497874367558
4426	0.01471417650066934
4514	0.02654036865877633
4564	0.01400814910324878
4617	0.021066253346635488
4620	0.012149058493640884
4640	0.06622575695289756
4708	0.01400814910324878
4783	0.02331885236306735
4805	0.03836988879965755
4836	0.02020867914637901
4859	0.013467071731792039
4878	0.07712212552135858
4895	0.011649025192124648
4921	0.019428473770869405
4979	0.38686181437161526
4985	0.03623146356286012
4987	0.06858975429184443
4992	0.06825900768792006
5091	0.015022509027262782
5248	0.02071296269765157
5268	0.054569249306624934
5329	0.0466377047261347
5362	0.016431654094725245
5369	0.010810379045953639
5424	0.030307793688261326
5493	0.051060184331546646
5533	0.033432154480418405
5544	0.02311680434914994
5584	0.024990810225107764
5612	0.023202683919555527
5672	0.030574104518695997
5699	0.03004943363385461
5786	0.061697742119436134
5787	0.04155233315948614
5797	0.067932421529048
5855	0.06374537511980918
5934	0.013889322260361815
5946	0.03812650843407303
5980	0.03836988879965755
6046	0.03004943363385461
6102	0.10231110159248083
6168	0.01805186123989015
6187	0.027818072466357376
6254	0.051060184331546646
6348	0.008049337199496688
6476	0.03306382574059995
6481	0.0971409262192854
6547	0.022221889981112894
6554	0.006646837875572729
6556	0.016591432523949113
6560	0.04998162045021553
6562	0.10913849861324987
6580	0.01818007720124372
6601	0.015626010559526105
6604	0.029798563341142316
6613	0.1399178558928348
6630	0.024050647436872383
6645	0.04155233315948614
6693	0.03172974115317341
6695	0.036572890715678236
6702	0.02724724457025196
6708	0.019791578482921103
6789	0.043727313547137873
6805	0.013811001191006833
6858	0.034219462375077364
6945	0.033432154480418405
6947	0.03784275063325839
6950	0.0355535469625039
7057	0.03004943363385461
7093	0.0485704631096427
7133	0.012149058493640884
7179	0.021341019887657554
7195	0.04810129487374477
7245	0.055247165906981144
7267	0.12192149730188812
7272	0.1403425062807229
7278	0.02955476076552167
7321	0.017863030059423496
7340	0.04506752708178835
7353	0.02886203762759704
7369	0.0485704631096427
7370	0.051060184331546646
7421	0.07215194231061715
7445	0.03713143412555109
7472	0.019809787387989067
7501	0.03615922512872374
7560	0.1311819406414136
7575	0.02908684037319849
7585	0.10212036866309329
7607	0.0485704631096427
7671	0.022536630815365107
7678	0.03836988879965755
7700	0.016484586486631054
7726	0.010301936215928552
7809	0.04064049910062937
7811	0.04336113014591601
7812	0.054569249306624934
7832	0.026344849503394347
7975	0.017437815181073846
8037	0.013672590823443884
8046	0.04064049910062937
8089	0.010211883091697694
8136	0.042571676912660464
8137	0.03906261193758218
8283	0.04064049910062937
8293	0.06928342580729427
8345	0.054569249306624934
8391	0.030574104518695997
8414	0.017739393398191444
8419	0.03772852735015564
8428	0.034641712903647134
8500	0.03172974115317341
8505	0.0070656818230720505
8509	0.06266341618105907
8510	0.03836988879965755
8579	0.0485704631096427
8588	0.0485704631096427
8640	0.0485704631096427
8651	0.025428077618104762
8653	0.018712825006034613
8709	0.030316180334405855
8724	0.01350461807744061
8731	0.17108797015563396
8750	0.051060184331546646
8754	0.021156876364185163
8766	0.042571676912660464
8877	0.029561403030853684
8965	0.020373530208710855
8966	0.031132647928568853
8985	0.03172974115317341
8992	0.033432154480418405
9036	0.03728882053907439
9068	0.030684467381350645
9105	0.0971409262192854
9109	0.014088283185933475
9126	0.051060184331546646
9139	0.040914296870052096
9186	0.018644410269537195
9187	0.039815644860321846
9218	0.10913849861324987
9272	0.023202683919555527
9307	0.017557188371557203
9476	0.02842922648868971
9503	0.07625301686814606
9522	0.02071296269765157
9539	0.01582050007239291
9541	0.02143458208645394
9641	0.0355535469625039
9683	0.054569249306624934
9699	0.10666064088751169
9728	0.02688659159066859
9891	0.010527194925234844
9976	0.031132647928568853
9986	0.015112660041371056
9998	0.021173220588632254
10026	0.022536630815365107
10099	0.017557188371557203
10116	0.01586981313514675
10137	0.01818007720124372
10147	0.054569249306624934
10166	0.05026772346317325
10167	0.07403672887947409
10168	0.043727313547137873
10178	0.017678231171208997
10185	0.024178863398225954
10209	0.030407520061912663
10211	0.0436283887944356
10375	0.015158090167202928
10403	0.01675421636565779
10442	0.05413007908723543
10458	0.042571676912660464
10661	0.02654036865877633
10671	0.021156876364185163
10690	0.025577775398120207
10696	0.018781784885620476
10739	0.1029238198247647
10745	0.043727313547137873
10747	0.046405367839111054
10823	0.04506139813456442
10861	0.0286429267066649
10873	0.021524672098574428
10895	0.046639285297611605
11006	0.035085626570180724
11077	0.03004943363385461
11104	0.046639285297611605
11124	0.0355535469625039
11134	0.03688470479335952
11175	0.04821230017163166
11184	0.02020867914637901
11201	0.03204448198742562
11202	0.0205415824617941
11274	0.054569249306624934
11306	0.05552754665960557
11316	0.01675421636565779
11481	0.019280531380339645
11516	0.02716040600831149
11592	0.013777387338497763
11627	0.0205415824617941
11637	0.036572890715678236
11681	0.1457113893289281
11702	0.019428473770869405
11718	0.02743336828343617
11751	0.047111949137078876
11807	0.02444113859366199
11866	0.054569249306624934
11876	0.010821310001382414
11889	0.008211106752414548
11961	0.04155233315948614
12052	0.09996324090043106
12110	0.03906261193758218
12188	0.010977350509888087
12214	0.036572890715678236
12310	0.04155233315948614
12323	0.06430374625936182
12377	0.04970016972547167
12387	0.03372893046726515
12434	0.04630738766841511
12435	0.04861801498255818
12451	0.067932421529048
12517	0.05146190991238235
12537	0.011062060019112202
12553	0.02842922648868971
12564	0.015722708985607306
12566	0.054819354584860064
12567	0.02430900749127909
12581	0.012817685785565252
12584	0.03329070862540087
12638	0.03688470479335952
12639	0.09012279626912884
12647	0.05486673656687234
12656	0.10913849861324987
12664	0.030574104518695997
12666	0.01697613670687032
12698	0.020457148435026048
12717	0.024850084862735836
12718	0.020127416398172553
12739	0.010592646326966883
12754	0.04064049910062937
12766	0.013777387338497763
12829	0.0055146578552022684
12850	0.06430374625936182
12855	0.021918194992773355
12857	0.034219462375077364
