38
t_index	tf-idf
91	0.12560333000395862
647	0.1388252665180738
661	0.24854901988717765
841	0.19048455852686186
872	0.06177667893047213
1105	0.15490984443387487
1123	0.13415242779353947
1170	0.19785140063277815
1203	0.09477518627399815
1301	0.07868061285623688
1737	0.10715931504013951
2157	0.13292727246112096
2577	0.1975285822009011
3115	0.1447542131349221
3761	0.24854901988717765
4859	0.11597335998504504
5345	0.20934003566713918
5913	0.17059444322635606
5970	0.1016361513008373
6348	0.06931786651692717
6701	0.1854010928440286
6763	0.18705735221391476
7327	0.10084187801704404
7743	0.11597335998504504
8023	0.19785140063277815
8105	0.14015222034382
8936	0.26329269645133857
9595	0.22710847651733468
9894	0.11098213268576368
10329	0.12898303973939565
10727	0.1699260207692444
10873	0.04634059644820519
11650	0.24302585614787542
11699	0.17837224952331232
11889	0.14142193020704877
12055	0.07946720173447278
12196	0.11662143888958132
12834	0.22562979128350036
