218
t_index	tf-idf
146	0.06226650569599897
277	0.029130185220177678
320	0.03185568790759403
457	0.08819684504362943
470	0.05428257183594547
561	0.07353454831916074
596	0.03244199355889153
604	0.0301205391942625
633	0.10916394680434775
690	0.06516892024555719
790	0.06897895880023797
846	0.09425809342936615
854	0.03785955089510604
901	0.03197112383163613
983	0.021265683776070857
984	0.0455532061610171
1009	0.060603807259603446
1023	0.02564189862805516
1040	0.0461395118123146
1041	0.060603807259603446
1081	0.047385973301787905
1133	0.09425809342936615
1156	0.05328561062291106
1240	0.021725685543647233
1273	0.05604470838902471
1301	0.047345051579901216
1511	0.03941531862915331
1528	0.12282410309537461
1589	0.03968484919840942
1756	0.05535080316195058
1782	0.060603807259603446
1944	0.027757765377924598
1945	0.0755306928006599
1996	0.17888869628605947
2069	0.022878502693783147
2087	0.12089312410967874
2129	0.0760647444347457
2157	0.026662428191582495
2576	0.1421579199053637
2615	0.02115286152069177
2634	0.03735276073916153
2878	0.04874589930471775
2909	0.014576083500316684
2914	0.04910613066048173
2917	0.042684650918981035
3195	0.20994614443138132
3212	0.035191433605914396
3300	0.037519789045320176
3343	0.038927782221111165
3349	0.04985373033038308
3390	0.03607974706174822
3395	0.06317277576405804
3438	0.06925451610349036
3471	0.041109629437031406
3474	0.03988026214939804
3486	0.08389632087426345
3487	0.07177382410279001
3489	0.0559149787161198
3741	0.04874589930471775
3751	0.09425809342936615
3886	0.04316691460858686
3900	0.0374411524300766
3964	0.1470690966383215
3981	0.04098649040125264
4138	0.036862589682071636
4145	0.060603807259603446
4172	0.05711152737832132
4260	0.02642066209374851
4415	0.039491957775280376
4457	0.02705567127680413
4564	0.02419643743910209
4587	0.03268266576060005
4598	0.1821834679910925
4644	0.020709899396907296
4859	0.046523656515140004
4878	0.03330348412902295
4895	0.10060747755119122
4949	0.04890196690943937
4979	0.25058657696387004
4985	0.03129151235342481
4992	0.1179045709038677
5109	0.038927782221111165
5239	0.0301205391942625
5320	0.0559149787161198
5369	0.018672892353618166
5414	0.02475796365735298
5515	0.023655242485738456
5925	0.06953263676729304
5945	0.06413755423510366
5976	0.05535080316195058
5978	0.12385180944379391
6019	0.02856600966600846
6105	0.17639369008725886
6144	0.0911064123220342
6248	0.06627675127122251
6298	0.03162745633117356
6307	0.0577477458568906
6388	0.022200292957602952
6542	0.15567014497705345
6554	0.02296231938120219
6601	0.026990988184058828
6612	0.024686608496191982
6614	0.02571797450664551
6660	0.03638798226811592
6706	0.08056057517594309
6708	0.03418622168092258
6828	0.031514634075794475
6985	0.024615592315697005
7001	0.01722216670284809
7165	0.035777739257211894
7180	0.06516892024555719
7215	0.02412770684501628
7296	0.027497778340003335
7327	0.08090707893280981
7343	0.09387453706027442
7454	0.05377578168000095
7651	0.03256206551270566
7726	0.08897326595864276
7784	0.04985373033038308
7811	0.01497963599803621
7862	0.05098179715539617
7888	0.06141205154768731
8036	0.016423020940839424
8089	0.017639103392066417
8105	0.028111601491717205
8117	0.049475257510634967
8131	0.031514634075794475
8183	0.047064479666276075
8351	0.056501284367417304
8464	0.03395072279082634
8505	0.012204633669762517
8645	0.07238312053504883
8709	0.026182743895974966
8722	0.21926709870646602
8724	0.023326682493262123
8818	0.05428257183594547
8872	0.06877402238221839
8877	0.061274102704881594
8879	0.023855901577465272
8882	0.04007826342657789
8892	0.04366525668412566
8929	0.042449230653852636
8984	0.09425809342936615
9109	0.04866970792789957
9124	0.042449230653852636
9298	0.09425809342936615
9307	0.030326733882379196
9319	0.0974917986094355
9370	0.05064069507340739
9381	0.03381901376366132
9441	0.13033784049111438
9495	0.01497963599803621
9538	0.04584348475515955
9553	0.06003699735202298
9670	0.04392079928084276
9735	0.08682801824979651
9820	0.025566207945436837
9844	0.03185568790759403
9845	0.029130185220177678
9891	0.012122496771473442
9998	0.009143187004597415
10042	0.0755306928006599
10056	0.05024203470450074
10128	0.03631633930834191
10135	0.06214334390402
10191	0.04048231174936521
10206	0.05281100320895535
10279	0.13033784049111438
10424	0.04874589930471775
10442	0.046749754823218616
10448	0.047064479666276075
10452	0.017395992822821893
10535	0.05328561062291106
10618	0.05190473314089626
10662	0.07019880262084038
10729	0.04444537513535178
10747	0.04007826342657789
10840	0.11070160632390116
10873	0.018589907131612175
10920	0.06214334390402
10948	0.03227808914373246
11107	0.09425809342936615
11115	0.05235100144137897
11184	0.034906684465461794
11305	0.051926481321502356
11316	0.028939751079519863
11364	0.04874589930471775
11465	0.03592798050053954
11499	0.06226650569599897
11514	0.028022354194512353
11516	0.07037172362567586
11592	0.011898919991254392
11655	0.07019880262084038
11686	0.05024203470450074
11699	0.035777739257211894
11713	0.047385973301787905
11773	0.06141205154768731
11775	0.018158169654170955
11802	0.12462888175738071
11867	0.04221746046269673
11876	0.00934588675947395
12055	0.031878914245398224
12183	0.036862589682071636
12188	0.018961304088204015
12193	0.07565138956553043
12323	0.14809680298674077
12386	0.06747329993342403
12392	0.06141205154768731
12451	0.03911348495553227
12488	0.019964961327276497
12489	0.15339724767262103
12537	0.03821524760012218
12584	0.028751712400429563
12666	0.029323076643306717
12748	0.1119111440416257
12766	0.05949459995627197
12829	0.02857659626720597
12868	0.03185568790759403
