306
t_index	tf-idf
3	0.038689895719248094
15	0.014499055716063905
16	0.015624188124615664
44	0.016194069960750127
91	0.015441840892333308
356	0.04313991343677304
536	0.028280384480609738
544	0.05777380422738345
596	0.019884736858400063
612	0.019385480904688692
618	0.02724199385389263
631	0.020182735351248465
678	0.025598756408770375
680	0.035802738663727365
686	0.046295180607424144
687	0.02341842565101935
690	0.03994411835624697
700	0.046295180607424144
758	0.053040874781931584
795	0.1155476084547669
850	0.17697721449292877
855	0.04215380091490454
872	0.0075949072916382445
902	0.06207945906942113
984	0.027921018969563692
1006	0.044798609057610614
1017	0.03714601440219215
1095	0.03327152676346978
1157	0.0314334817829899
1161	0.04937815660517377
1166	0.1129242396349813
1171	0.020258774343780747
1203	0.03495536337145375
1207	0.025329247390724254
1208	0.025876433598531184
1265	0.02660983659495792
1301	0.009673099471160457
1446	0.024089162529115634
1488	0.017796276003621263
1490	0.03618565529732129
1492	0.04399247546283761
1497	0.03570964692340438
1511	0.012079455562864104
1565	0.030794952151014982
1632	0.036228985099562634
1706	0.026018492971497588
1737	0.013174309096176843
1820	0.04937815660517377
1921	0.03714601440219215
2057	0.07913709837220374
2060	0.09541521743904387
2069	0.02804593404250826
2076	0.285677175387235
2087	0.018524816890082937
2261	0.02724199385389263
2430	0.029493419746773705
2468	0.027079818894330657
2493	0.2679786169136478
2506	0.026348618192353686
2577	0.08499549560337509
2615	0.012965266279878505
2631	0.022399304528805307
2635	0.023860084447114602
2706	0.05405867097069911
2709	0.025329247390724254
2731	0.02966232123007897
2737	0.025329247390724254
2778	0.021395424850661527
2784	0.036228985099562634
2796	0.05849153117890151
2809	0.028654421965990426
2894	0.11780670565020081
2929	0.036676032102819424
2990	0.03055694796405653
3000	0.0201073222011408
3093	0.0229970803364639
3115	0.017796276003621263
3123	0.03714601440219215
3167	0.015228192172231385
3218	0.028465494736287657
3305	0.02230335971481326
3313	0.07988823671249394
3365	0.01437769439197631
3432	0.019596125722217465
3433	0.015904699195482846
3474	0.02444388989983782
3552	0.03236955522267476
3824	0.019596125722217465
3863	0.046295180607424144
3871	0.01624319954770264
3900	0.011474440718259567
3939	0.02033544965326972
4023	0.025463011022051858
4078	0.028654421965990426
4087	0.024565251223925413
4136	0.021056028790340516
4163	0.030098720183312125
4172	0.0700109684343352
4217	0.0450716797250291
4219	0.014539869351538282
4226	0.03154847073403729
4240	0.035802738663727365
4280	0.057694653803722455
4292	0.03266045730674132
4298	0.029916655464988003
4327	0.04399247546283761
4353	0.018912028563231632
4419	0.06019744036662425
4426	0.0311565199565108
4428	0.02987792284838546
4457	0.024874931139327542
4587	0.010016126279367566
4620	0.012862506555929938
4744	0.02481290538124836
4783	0.024688241607669557
4836	0.042790849701323054
4878	0.020412772019431695
4987	0.024205885712879356
5091	0.06361879678193139
5198	0.035395442898585754
5204	0.0860541887079932
5271	0.03931196109731226
5278	0.038165135524406195
5333	0.04705372119441659
5414	0.01517494883853608
5425	0.05321967318991584
5450	0.02033544965326972
5469	0.018716377442411718
5555	0.03931196109731226
5646	0.10811734194139822
5656	0.022208409165486515
5797	0.02397390760046508
5842	0.017285531945190013
5856	0.04399247546283761
5902	0.038720617473851936
5915	0.028280384480609738
5946	0.020182735351248465
5970	0.02499056796101155
6010	0.0350054842171676
6018	0.04937648321533911
6028	0.05405867097069911
6127	0.04215380091490454
6136	0.16249257388767213
6168	0.019111948770874687
6319	0.05405867097069911
6348	0.01704406190053484
6353	0.08227760904446178
6388	0.0136072705532098
6394	0.05777380422738345
6489	0.06417521081408607
6598	0.4259267922123713
6603	0.035406735386142016
6612	0.015131212974998613
6663	0.03931196109731226
6726	0.017680291593977195
6798	0.01402296702125413
6842	0.026920464512292616
6901	0.0350054842171676
6909	0.011955214391320025
6959	0.012627122888369912
7001	0.010556017539303608
7097	0.02987792284838546
7136	0.03266045730674132
7169	0.024565251223925413
7206	0.03061484627342771
7213	0.05352766854121773
7247	0.023747657932134954
7281	0.0192476941575932
7282	0.06854416244148173
7296	0.01685426900443111
7324	0.03055694796405653
7425	0.05405867097069911
7426	0.032087605407043036
7483	0.08227760904446178
7574	0.045003732557182145
7591	0.01342437733492968
7646	0.0901433594500582
7650	0.07982950978487376
7726	0.02181382568624744
7769	0.030175369767135467
7784	0.03055694796405653
7808	0.018588226458128923
7811	0.06427049054812188
7821	0.031117488958680297
7903	0.0742920288043843
7924	0.025463011022051858
7944	0.025067439693588888
8021	0.02080948532409283
8089	0.010811571389182439
8104	0.038165135524406195
8105	0.017230500872773825
8109	0.02444388989983782
8140	0.06054820605374538
8306	0.030794952151014982
8326	0.05515043540759786
8386	0.027739227434976255
8388	0.11133289436837994
8414	0.01878113139399972
8420	0.05777380422738345
8454	0.028847326901861228
8505	0.02244183254668236
8589	0.026162789591701128
8724	0.05719068309608694
8731	0.05175286719706237
8734	0.04937815660517377
8773	0.034272081220740866
8778	0.022496264650684054
8805	0.010962109672783172
8811	0.030324969851642253
8877	0.006259476657979156
8890	0.02966232123007897
9067	0.025463011022051858
9068	0.01624319954770264
9109	0.014915611356692123
9113	0.024324115043768055
9130	0.08713314194222577
9139	0.04331697077578205
9179	0.038720617473851936
9186	0.019739294979021965
9276	0.021395424850661527
9364	0.02660983659495792
9426	0.01797305279259089
9446	0.030324969851642253
9495	0.018362997299463397
9503	0.16146188280998772
9539	0.016749551910195854
9550	0.04937815660517377
9580	0.028123419536509042
9636	0.036676032102819424
9722	0.028654421965990426
9826	0.0266327369382865
9891	0.044581599080211996
9894	0.06822145697774788
9986	0.12800115430272882
9998	0.03362491284085713
10038	0.027407091041517687
10102	0.024205885712879356
10131	0.016000144287841103
10166	0.02660983659495792
10167	0.058788377166652396
10171	0.019739294979021965
10178	0.018716377442411718
10211	0.030793631028380706
10375	0.032096484555256266
10403	0.017738100277938464
10420	0.03154847073403729
10502	0.04215380091490454
10567	0.051422741976206277
10654	0.05405867097069911
10660	0.04161897064818566
10773	0.032585187970919756
10776	0.035395442898585754
10792	0.02757521770379893
10867	0.017565757027449277
10873	0.04557739780857451
10876	0.04296455045235157
10974	0.025598756408770375
11021	0.03266045730674132
11050	0.038720617473851936
11175	0.038282659559092554
11195	0.04937815660517377
11269	0.04399247546283761
11291	0.07744123494770387
11305	0.010609134476547459
11379	0.04937815660517377
11400	0.24812905381248357
11401	0.017013623386469147
11446	0.03327152676346978
11453	0.08592910090470314
11454	0.030526103765725496
11516	0.01437769439197631
11536	0.04261877996734234
11544	0.010824736094853953
11592	0.0072932291443724056
11636	0.025121932624108927
11660	0.014830771435604835
11692	0.05405867097069911
11693	0.028847326901861228
11716	0.056930989472575314
11857	0.0491765668333694
11876	0.011456786623373865
11884	0.05405867097069911
11889	0.01738660069661438
12170	0.030098720183312125
12183	0.02259426179887981
12193	0.02318457976005904
12196	0.028675190441386066
12215	0.030324969851642253
12313	0.02987792284838546
12337	0.02724199385389263
12339	0.026309395055564143
12371	0.06392816995101351
12435	0.1286827157793293
12489	0.01567034764800436
12520	0.02192932222943257
12557	0.03714601440219215
12584	0.01762284534928791
12659	0.018588226458128923
12716	0.04937815660517377
12742	0.037432754884823435
12766	0.014586458288744811
12829	0.0058385036876213445
12834	0.013869613717488127
12839	0.017285531945190013
12850	0.09077327358492567
12851	0.10284548395241255
