230
t_index	tf-idf
80	0.08165508858637618
191	0.03710556935303574
222	0.07572824015311423
375	0.05287543817551696
551	0.1875382476663059
601	0.04805484346492775
607	0.029925418475723463
801	0.05074197946215446
847	0.03747964851169561
872	0.011472032452299392
881	0.07767354387416207
958	0.06136085699654852
982	0.039300676659683086
983	0.039376721281264356
1023	0.023739981888932195
1072	0.07458521786473134
1075	0.024460982733662717
1116	0.024095787764657716
1123	0.024912329892876516
1147	0.08726676067778183
1200	0.06367289994651679
1203	0.017599910377696266
1240	0.04022848610488718
1273	0.051887747527018684
1301	0.04383336364210034
1387	0.04139814032984656
1446	0.03638644208165432
1465	0.03621235065025235
1716	0.09725498553727137
1723	0.08726676067778183
1761	0.07206187178275644
1894	0.03427803330510093
2057	0.014941975685902381
2098	0.03951863527934321
2173	0.04328222137189721
2294	0.023952365897686508
2393	0.05074197946215446
2430	0.04454951923334046
2440	0.029492880576258547
2514	0.04417544007468059
2537	0.09656286931923093
2657	0.053464466912340414
2702	0.028566432358571633
2716	0.030833290526946895
2862	0.18100558879732262
2891	0.028434396493054202
2893	0.1299840021222232
2909	0.026989885837118064
2918	0.023952365897686508
2991	0.03553709056712909
3167	0.034503050810513664
3181	0.026109625281246024
3300	0.03473686271569257
3515	0.12272171399309705
3629	0.04846801105149142
3659	0.04114876265853472
3673	0.08726676067778183
3692	0.031189707295670187
3709	0.058487110266922576
3731	0.10462091649612222
3737	0.10692893382468083
3773	0.12272171399309705
3847	0.042717241444441355
3900	0.05199608813004953
3949	0.07206187178275644
3981	0.018973215554951885
4083	0.03521142645208407
4130	0.017243875662672985
4182	0.037670549280491586
4366	0.04580556745387209
4406	0.12815172433332409
4415	0.1096882538937102
4417	0.033980385568668996
4430	0.022465660385466213
4504	0.04688456191657647
4564	0.08960693510463853
4587	0.1059048187392866
4604	0.0649920010611116
4640	0.02118155318662895
4673	0.03825957801731505
4708	0.022401733776159633
4730	0.0454638195644327
4845	0.3230917767106621
4856	0.0365627512979034
4942	0.07458521786473134
4990	0.04700265973767359
4993	0.07767354387416207
4994	0.058487110266922576
5028	0.06808032707054232
5085	0.07767354387416207
5102	0.08165508858637618
5116	0.13846790430456946
5216	0.026109625281246024
5230	0.05287543817551696
5300	0.06992841306939396
5484	0.01698273421138494
5522	0.06992841306939396
5548	0.018198742958741226
5792	0.033403631853766595
5891	0.05124531079632546
5930	0.053464466912340414
5970	0.018874003041864484
5978	0.028666361213695302
6042	0.12652327016792708
6043	0.10148395892430892
6173	0.030833290526946895
6238	0.05287543817551696
6348	0.03861733074553941
6349	0.054079683142897045
6544	0.03106987896003887
6559	0.023952365897686508
6569	0.042174423389309025
6574	0.049787112166086216
6603	0.03565434940217532
6612	0.04571109550815722
6620	0.030035698631390873
6625	0.02044248182777113
6660	0.06737800913655494
6947	0.030258930669407335
6985	0.022789799001881005
7092	0.07206187178275644
7206	0.023121711462995475
7215	0.08935240433334417
7324	0.0923119362030463
7327	0.03745301033305335
7366	0.051236419296928654
7547	0.04387125010872068
7559	0.0624686549791367
7650	0.040193895362466474
7651	0.030146864580927753
7696	0.08165508858637618
7767	0.0649920010611116
7780	0.04139814032984656
7811	0.05547425211440336
7818	0.047653653452723724
7932	0.039965128396838245
7975	0.027886431708075855
8001	0.08165508858637618
8021	0.0314325220554663
8037	0.02186511132909901
8089	0.01633077180199507
8112	0.09725498553727137
8171	0.2959997891290035
8364	0.19101869983955036
8388	0.048047782101440846
8389	0.0624686549791367
8505	0.011299388804392517
8614	0.05231045824806111
8660	0.049787112166086216
8677	0.03825957801731505
8719	0.09063692472612699
8724	0.021596490492050445
8805	0.04967447517771109
8877	0.009454877669646712
8879	0.022086456217931365
9000	0.058773651512173716
9186	0.02981601010905882
9204	0.04580556745387209
9398	0.07458521786473134
9420	0.03692225427163642
9465	0.056856982887731077
9495	0.01386856302860084
9503	0.030485822411632005
9522	0.033124024640821606
9679	0.045130307370748836
9704	0.03427803330510093
9783	0.0313105821802308
9799	0.05124531079632546
9821	0.04580556745387209
9823	0.048893893463302834
9891	0.03367003254843374
9986	0.04833611984011268
9997	0.032849954569902376
9998	0.02539504937346279
10124	0.08165508858637618
10128	0.08405668881604032
10131	0.02416805992005634
10137	0.02907345192362621
10217	0.02118155318662895
10245	0.056856982887731077
10367	0.0365627512979034
10452	0.01610569328520543
10477	0.025780083848257522
10535	0.04933329818816724
10636	0.06680726370753319
10682	0.04165209399270571
10699	0.038461626661308
10717	0.05610868787887591
10773	0.024609802299906253
10783	0.04805484346492775
10919	0.08165508858637618
10948	0.014941975685902381
11016	0.05028729182414564
11153	0.023393094399393355
11175	0.11565115832441107
11180	0.04328222137189721
11190	0.07767354387416207
11199	0.0397400813845475
11242	0.04580556745387209
11306	0.029599754360678448
11334	0.0624686549791367
11365	0.06992841306939396
11535	0.02886840985768826
11536	0.03218762310641031
11537	0.02688109913710115
11544	0.0163506569598896
11660	0.022401733776159633
11663	0.024609802299906253
11710	0.04328222137189721
11823	0.05124531079632546
11857	0.049520479003625766
11875	0.054079683142897045
11876	0.008652681520360214
12009	0.06645019969135083
12021	0.06033519626577421
12098	0.11371396577546215
12166	0.04417544007468059
12329	0.05673742695452675
12371	0.09656286931923093
12434	0.04936963300296236
12490	0.07206187178275644
12537	0.017690368780168022
12564	0.02514364591207282
12566	0.014611121214033448
12624	0.025861736511695477
12638	0.029492880576258547
12690	0.03674133553450917
12739	0.01693968569671306
12848	0.07206187178275644
12855	0.10515427101675898
