193
t_index	tf-idf
40	0.04889524768434445
44	0.05414890298061437
231	0.043028268427303444
596	0.033244783107342954
598	0.10729289402092514
723	0.0667815501217708
841	0.039152667044456774
871	0.08697539952508233
977	0.028991799841694116
983	0.0217919112609852
1002	0.09037930973338061
1071	0.07739972870492992
1151	0.09037930973338061
1206	0.03479084642161897
1223	0.0531891356300661
1240	0.022263295948375342
1397	0.10378763691352158
1488	0.02975313880549909
1654	0.0352030361388027
1716	0.1076459362565072
1879	0.033001622548111995
1981	0.038973497825560185
2063	0.10217475993988698
2165	0.07193589886172075
2199	0.06458895151774172
2241	0.046388642316966294
2355	0.06473601028101184
2407	0.049239504724412034
2464	0.026992751064192164
2594	0.060570313824662214
2648	0.05411783169785271
2650	0.15326213990983045
2689	0.03577046373380716
2891	0.01573619704673415
2928	0.042347321051982655
2986	0.032179727704837416
3009	0.04790659540074412
3077	0.10316837306241733
3137	0.09037930973338061
3167	0.012729812556430884
3195	0.043028268427303444
3268	0.05274508153616147
3276	0.05189381845676079
3378	0.03591566665589377
3433	0.05318131981394525
3495	0.040666865982011864
3515	0.0679167948502112
3592	0.059857683307571144
3593	0.2554257422814419
3651	0.0352030361388027
3871	0.02715658999050563
3883	0.059176735932250354
3959	0.04790659540074412
4011	0.03184055236778052
4206	0.059857683307571144
4216	0.049239504724412034
4219	0.024308835789134304
4264	0.03506440357649309
4276	0.03438945768747245
4298	0.025008445656410274
4359	0.04374089894439451
4407	0.06380731421322522
4505	0.041484062049036166
4553	0.048558557349091244
4587	0.01674570541740248
4598	0.05334047646885176
4640	0.02344464000015571
4644	0.0636671213538642
4708	0.024795187545214054
4787	0.07739972870492992
4970	0.025517906171714948
5086	0.03591566665589377
5223	0.05108737996994349
5314	0.025517906171714948
5364	0.1134409599456904
5369	0.019134960222339965
5474	0.09552165710334155
5484	0.018797209359301684
5544	0.020459001937317298
5583	0.08054810976084684
5690	0.033244783107342954
5769	0.020143139332784693
5855	0.037610929647351285
5867	0.062103471667589255
5882	0.033244783107342954
6348	0.014247765640208715
6460	0.13663557886635766
6612	0.02529748807273464
6660	0.037288416817585004
6661	0.09659054603048921
6708	0.03503217282189265
6799	0.043028268427303444
6817	0.07739972870492992
7001	0.017648335810046663
7134	0.101399083390805
7206	0.025592089336470166
7213	0.04474577017454455
7215	0.024724756186269552
7418	0.045545192955452556
7636	0.07976113115022147
7743	0.02383745110174417
7747	0.22064968455933873
7754	0.027489620358333675
7769	0.02522471456967041
7811	0.015350312824569714
7862	0.02612168062016609
7881	0.12114062764932443
7932	0.04423509643359593
7939	0.0977904953686889
7944	0.0419096114574792
7968	0.046388642316966294
8037	0.024201231097521606
8089	0.009037794878615371
8105	0.028807233830920258
8153	0.12586343253990756
8167	0.0262764172245676
8186	0.06914295256706236
8250	0.05729861626705207
8505	0.012506642001493982
8532	0.059857683307571144
8651	0.022504541778076266
8700	0.060570313824662214
8761	0.056533028786411574
8777	0.02344464000015571
8786	0.0667815501217708
8805	0.018327270864368146
8892	0.0894915403490891
8902	0.06572466256461217
8967	0.04822910823051041
9036	0.033001622548111995
9068	0.02715658999050563
9109	0.024937029239950864
9329	0.09757974939727383
9330	0.04759073279621152
9396	0.0679167948502112
9443	0.03674724251706999
9487	0.17194473489466014
9514	0.0345220887634819
9554	0.055106483981453035
9578	0.05729861626705207
9598	0.062103471667589255
9671	0.0667815501217708
9799	0.0567204799728452
9845	0.23880818242900198
9891	0.04347865407976007
9894	0.045623083808304266
9960	0.10378763691352158
9986	0.1872516248147062
9991	0.0419096114574792
9998	0.018738877333536068
10087	0.07302129209069813
10217	0.02344464000015571
10228	0.022688002576657786
10231	0.24766223233463958
10329	0.07953447851658295
10371	0.0667815501217708
10424	0.04995213524150309
10475	0.07978213018515501
10498	0.062103471667589255
10558	0.02537060894467121
10671	0.0374488244988208
10722	0.03229447575887086
10773	0.027239171287992345
10867	0.029367740023531954
10948	0.016538411407346507
10985	0.04822910823051041
11046	0.0371296714220201
11089	0.2174982655734679
11153	0.05178493492437989
11211	0.07193589886172075
11493	0.055106483981453035
11507	0.06473601028101184
11508	0.08597236744733007
11592	0.02438672664198602
11666	0.18075861946676122
11673	0.04326214768144274
11713	0.048558557349091244
11746	0.04127563987360167
11787	0.07739972870492992
11795	0.039333956658343966
11828	0.06914295256706236
11876	0.009577154304666467
11958	0.06572466256461217
12188	0.01943050881569363
12287	0.06473601028101184
12405	0.04008136311224337
12467	0.07332614621958633
12534	0.04423509643359593
12555	0.04759073279621152
12564	0.02783005200355425
12667	0.17369829082833424
12739	0.05624868432111851
12766	0.02438672664198602
