32
t_index	tf-idf
356	0.13939348864263337
551	0.20058810995365975
1240	0.0860555763369881
2537	0.1377096045880478
2814	0.20387854525497776
2909	0.05773595792113442
3057	0.27241433285152683
3869	0.15719193591173866
3900	0.07415231948879535
4640	0.09062189227978322
4708	0.09584224004994263
5033	0.22873918256309128
6042	0.18043653454839934
6349	0.23137128694576092
6620	0.12850293941806662
7097	0.38616562412309097
7215	0.09556999773684484
7327	0.08011836143579172
8089	0.03493429943608514
8177	0.278057896289
8212	0.1082421492284631
8879	0.09449337537187782
9048	0.18395514970353918
9443	0.14204119376279054
9821	0.19597180447746815
10476	0.1527489075512758
11430	0.2400520596444844
11710	0.18517607128403588
12098	0.24325352032531772
12436	0.18769613665732535
12566	0.06251134848698615
12855	0.14996191791474017
