210
t_index	tf-idf
44	0.057613321272272894
91	0.027468565423071394
117	0.04285076769872278
182	0.0393380387576034
316	0.04529462445600507
616	0.0570787184338019
647	0.12144044001402986
657	0.05202353987732685
706	0.10262956234420433
764	0.029794774189181847
790	0.03760415712032169
808	0.05097163414135978
872	0.054040501848741374
902	0.03680980989177065
982	0.04628273800905048
991	0.04146700168851236
1022	0.039674110085204425
1049	0.28080123776589266
1051	0.13308901865254116
1105	0.03387769413737354
1123	0.029338193019202284
1136	0.17567168767465943
1203	0.04145333415235165
1301	0.017206896996288072
1420	0.02863326663986643
1463	0.0644455705998693
1511	0.021487419648803255
1515	0.05758026206520585
1605	0.04109229824533722
1654	0.07491061569798994
1710	0.03631105692588675
1737	0.11717494495483598
1740	0.04788720113302798
1806	0.055660530273669094
1947	0.058632167801172905
2069	0.024944615718721357
2109	0.03134822355655287
2121	0.03900875721636599
2157	0.02907026015945325
2317	0.05354080969170648
2506	0.0234349889909672
2577	0.08639622505137376
2615	0.0230631352517822
2626	0.04204572101140178
2672	0.08783584383732972
2702	0.03364147432253636
2707	0.049667027499620174
2737	0.045056680347917925
2819	0.06607681907404953
2833	0.08827638097730882
2834	0.05975667446755999
2891	0.016742990645292666
2964	0.04998352058831438
3012	0.1445241512238618
3115	0.03165672895484945
3167	0.0135442592588077
3183	0.06788967256831581
3242	0.031760875519618745
3318	0.029338193019202284
3343	0.042443274425976965
3344	0.07825557838597982
3365	0.025575618981737363
3369	0.04072601582117148
3370	0.05758026206520585
3381	0.0580977303504708
3433	0.02829191632212044
3476	0.038526981788634736
3558	0.10277035828982732
3619	0.05276452574466773
3721	0.062269158197515155
3878	0.060349426405978394
3879	0.1151605241304117
4098	0.049667027499620174
4169	0.05975667446755999
4200	0.028719733059791426
4219	0.051728204598187784
4342	0.07374628607578546
4416	0.06887778612136122
4464	0.16972841261965177
4587	0.017817086829793122
4685	0.060964551555775535
4828	0.04054591584581895
4853	0.14996974082760664
4856	0.04305839957577411
4930	0.0644455705998693
4949	0.01777273610329789
4990	0.01845101213909425
5041	0.0393380387576034
5042	0.0580977303504708
5091	0.02829191632212044
5223	0.054355923631929474
5248	0.03900875721636599
5271	0.06992969185732828
5345	0.04578119437764652
5617	0.07825557838597982
5656	0.03950520824284486
5913	0.03730780564836866
5928	0.09147283423367196
5930	0.06296283232791935
5970	0.15558978331926154
6174	0.05758026206520585
6205	0.060349426405978394
6348	0.015159330181356928
6488	0.04054591584581895
6518	0.08235172257987072
6603	0.02099430661911322
6612	0.026916008035060952
6620	0.0707435336400475
6671	0.037905996893338505
6701	0.04054591584581895
6836	0.04578119437764652
6910	0.05276452574466773
6995	0.05975667446755999
7215	0.026306633064166324
7327	0.04410681983685079
7341	0.06887778612136122
7366	0.030169477632356997
7418	0.048459150411404625
7460	0.06160380532867673
7726	0.019401653668367224
7743	0.025362558667689935
7832	0.02480764951834071
7975	0.03284066643249904
8021	0.03701674645081235
8035	0.0348583737646663
8037	0.025749613115988817
8060	0.02362414641691688
8089	0.028848084703820286
8156	0.04165763405966283
8167	0.02795756855841149
8309	0.0580977303504708
8386	0.024671824716229418
8519	0.05918472518918336
8541	0.04706523460412715
8593	0.060964551555775535
8761	0.0601499821913701
8773	0.060964551555775535
8775	0.03701674645081235
8865	0.0348583737646663
8877	0.011134607932610828
8931	0.1141574368676038
8936	0.05758026206520585
8980	0.0722620756119309
8997	0.04036778421560862
9006	0.05131478117210216
9079	0.08783584383732972
9109	0.026532487236014757
9127	0.10277035828982732
9261	0.030456268877879136
9288	0.08235172257987072
9381	0.03687314303789273
9446	0.053943271668863604
9495	0.016332417753845165
9553	0.032729410833757334
9570	0.07968956113079309
9595	0.09933405499924035
9735	0.04733464374501755
9891	0.07930353508615276
9894	0.024271012339997754
9938	0.04391643357221472
9986	0.11384679150977457
9987	0.20272957922909476
10121	0.030552998431403196
10128	0.019797998594624958
10171	0.03511304897628951
10178	0.033293442267950994
10181	0.0481706670940481
10329	0.056415368373379
10452	0.018966991057891302
10460	0.04935656321881056
10486	0.2207000467610116
10558	0.026993807141870163
10695	0.12005177134784038
10705	0.0570787184338019
10722	0.034360659307937566
10727	0.03716162635524926
10771	0.04326871064769136
10873	0.03040308816433982
10876	0.07642706418243264
10948	0.017596530258158636
11134	0.03473251304712257
11153	0.02754905389246902
11209	0.19907438207850928
11316	0.03155324364256742
11453	0.03821353209121632
11454	0.027150528367916496
11544	0.01925547437524783
11660	0.02638157058435884
11693	0.05131478117210216
11814	0.045536093790001966
11857	0.029159082624125716
11876	0.05094947796323944
11889	0.10824793735241121
12055	0.03475783691026315
12193	0.020620829808633303
12196	0.025504288968853178
12313	0.053148046543713925
12451	0.08529149522541647
12489	0.02787504239764509
12520	0.03900875721636599
12581	0.024139569031400344
12612	0.02754905389246902
12659	0.03306548216135836
12690	0.12980613194307408
12738	0.06296283232791935
12766	0.012973488283842387
12768	0.03884657794862439
12829	0.01038576434211901
12834	0.049343649432458836
12835	0.27786010437698055
