219
t_index	tf-idf
3	0.0481959609168155
15	0.03612291579656534
44	0.02017293529494313
91	0.019235884364514465
316	0.03171924506978495
331	0.05359880452760379
355	0.022241734120485832
356	0.0806090147040305
596	0.049540790051384245
612	0.02414847242845468
631	0.025141611423348278
639	0.02523633311344621
660	0.02562328197141604
686	0.05766985601055249
687	0.029172307302145737
872	0.02838290319913126
902	0.03866615724113167
1017	0.13881824893000602
1049	0.06554716947516606
1081	0.0361805533075968
1095	0.16578521846335278
1123	0.02054516061137926
1171	0.02523633311344621
1272	0.05359880452760379
1413	0.0673408274921408
1488	0.044337603231568525
1490	0.02253821567670211
1511	0.01504736462534777
1654	0.026229472108339806
1737	0.04923366743447964
1782	0.046272749643335345
1786	0.041446304615838196
1820	0.06151031584981485
1921	0.046272749643335345
2057	0.09858099716509236
2069	0.017468394730201443
2076	0.11120867060242919
2087	0.04615268840755367
2294	0.05926043928928616
2493	0.2702357812311674
2577	0.060502169262284224
2609	0.038978356077983244
2615	0.016150818069800534
2626	0.02944407962123296
2635	0.02972248118293458
2701	0.04314035543775349
2731	0.03695032121773566
2801	0.01776107482155311
2809	0.0356947822032965
2894	0.07337584239638019
2928	0.031552615860072464
3167	0.018969742386808458
3181	0.02153256829902188
3187	0.027432046303141427
3195	0.06411996750133152
3241	0.025047669344476386
3305	0.027783270881085422
3432	0.024410872448000248
3433	0.019812466448128625
3519	0.06151031584981485
3650	0.04568729320539271
3788	0.0673408274921408
3824	0.024410872448000248
3986	0.1012084110692868
4078	0.0356947822032965
4143	0.033534793293627116
4298	0.037267145096880554
4426	0.019405821471120258
4433	0.04975834468834141
4453	0.059429316169929726
4457	0.01032889153367135
4587	0.012477077586387183
4646	0.05614574229524298
4708	0.018474675808470377
4744	0.061818818363593556
4771	0.07196876493966514
4949	0.012446019340963564
4973	0.04409206462980787
4990	0.012921007356931864
5091	0.05943739934438588
5204	0.10719760905520757
5271	0.04897086708007945
5342	0.04105935575786837
5362	0.021670920273583444
5410	0.059429316169929726
5414	0.01890341722407137
5425	0.06629568887131458
5426	0.07196876493966514
5533	0.04409206462980787
5544	0.015243822111350011
5555	0.04897086708007945
5561	0.06667935834464743
5605	0.054801378722405404
5646	0.0673408274921408
5723	0.0673408274921408
5857	0.02195275923875947
5896	0.061818818363593556
5902	0.04823423097303191
5905	0.06405725361745407
5939	0.04975834468834141
5978	0.023641104537861387
6010	0.04360629352550757
6028	0.0673408274921408
6136	0.0506042055346434
6236	0.05359880452760379
6348	0.02123176932765136
6353	0.02562328197141604
6388	0.016950562093160877
6489	0.03997149507287684
6554	0.008766195590692897
6598	0.48234230973031916
6601	0.020608395665921878
6614	0.019636413114806604
6663	0.04897086708007945
6732	0.029172307302145737
6744	0.02754792443701768
6798	0.017468394730201443
6901	0.04360629352550757
6909	0.014892597533406016
7222	0.038361238321124265
7281	0.023976831627816247
7282	0.04269269421243232
7377	0.025722104217746507
7483	0.02562328197141604
7632	0.03456376873287505
7646	0.11229148459048596
7650	0.06629568887131458
7769	0.03758942522100912
7803	0.029582431595794517
7811	0.13724859429697
7821	0.02584201471386373
7826	0.033339679172323715
7976	0.04459943252040117
8021	0.025922353181222664
8089	0.013467962692470244
8104	0.047542267714207095
8109	0.03044972699891319
8131	0.07218698817603483
8139	0.04975834468834141
8140	0.050283222846696556
8167	0.019578326993767554
8207	0.04459943252040117
8282	0.0506042055346434
8326	0.06870083726091783
8388	0.03962493289625725
8414	0.023395634901865754
8505	0.01863717755785224
8509	0.05509584887403536
8589	0.09777287541324498
8651	0.016767935826659513
8709	0.0399825558181258
8724	0.01781059289553543
8731	0.0967027353677461
8778	0.08407071704817025
8792	0.035002818944471686
8818	0.041446304615838196
8881	0.07196876493966514
9029	0.07859979119698225
9139	0.02697995163509585
9179	0.09646846194606382
9186	0.024589218235115055
9306	0.02423527055131286
9307	0.02315533343356109
9381	0.025821789551388856
9476	0.0374939429180056
9485	0.041446304615838196
9495	0.011437382858080835
9497	0.031226482297179965
9503	0.15084966854008966
9553	0.022919986989493345
9580	0.035033313055803116
9636	0.04568729320539271
9722	0.0356947822032965
9735	0.03314784443565729
9826	0.0331763713683752
9891	0.041651437027719
9894	0.0679867156644101
9986	0.07972544918249111
9998	0.006981086211194939
10038	0.06828196686110177
10167	0.07323261734400073
10217	0.017468394730201443
10579	0.07196876493966514
10723	0.04568729320539271
10771	0.030300523591288514
10773	0.020295666565110816
10776	0.04409206462980787
10873	0.021290893035213573
10879	0.059429316169929726
10882	0.04975834468834141
10976	0.020800230402588306
11153	0.03858449881639702
11175	0.047688667276088365
11199	0.03277358473758303
11453	0.08028134048626714
11454	0.03802633418067411
11458	0.07196876493966514
11544	0.013484361951972768
11567	0.01831796078612873
11592	0.009085167593891448
11795	0.029307384596394922
11867	0.032234245122582036
11876	0.007135853303136693
11884	0.0673408274921408
11889	0.010829234766241815
11910	0.05614574229524298
12175	0.0673408274921408
12196	0.07144130694090911
12293	0.06405725361745407
12371	0.026545083870651357
12435	0.09617995125199727
12488	0.015243822111350011
12566	0.02409953893075928
12706	0.07196876493966514
12716	0.1230206316996297
12739	0.013970133056273063
12766	0.009085167593891448
12795	0.06554716947516606
12850	0.33922850382462866
