57
t_index	tf-idf
249	0.19967450960548222
604	0.08379522712979258
631	0.09160606993261988
729	0.09265016800683638
980	0.18771046748707854
1022	0.10123123026736695
1157	0.07133566586305623
1906	0.09300410820469349
2264	0.10629232859491644
2440	0.08862240434597199
2464	0.07328038119441734
2778	0.09711026533311674
2796	0.13274165276385647
2909	0.04055060965855876
2918	0.3598692657603964
3216	0.09953353649856445
3300	0.10437991247890369
3900	0.1562417185651052
4737	0.10678449673223038
5556	0.09025350447007978
5690	0.09025350447007978
5699	0.14439877302997162
5964	0.20457283777524538
6391	0.0807743289378806
6428	0.19580487274891334
6554	0.031940543221437315
6559	0.07197385315207928
6827	0.08239483481349762
7097	0.1356109091388009
7206	0.06947784083505175
7343	0.17410574013823818
7481	0.06907602396788615
7501	0.057919535810260075
7584	0.08212032739950294
7821	0.04707903099798059
8112	0.14611951231179332
8386	0.06295186366123799
8877	0.028410720672555945
8879	0.06636702876323212
9000	0.08830372292277928
9426	0.08157668930236973
9820	0.07112509466774312
9826	0.06044077574239276
9891	0.016862370288166856
10185	0.11618848629578168
10452	0.048395586823169225
10541	0.08959336803457836
10835	0.128359948905135
10873	0.025858525977382234
10876	0.09750446470374571
11175	0.11583907162052015
11623	0.05155246769855222
11659	0.5244513251767728
12420	0.09995150707431365
12674	0.10532512867139031
12766	0.03310275081185527
12867	0.11094673980607346
