225
t_index	tf-idf
3	0.03439465187038013
44	0.021594374512134466
91	0.020591296455680624
185	0.03450555663396543
356	0.028762980814354445
357	0.03308736919350779
588	0.07703987746753355
596	0.07954735082093808
616	0.0427879940025393
762	0.04172487576591297
850	0.14159672988213878
855	0.056211006020887896
858	0.02566630360011346
877	0.06584449795729776
880	0.02999818854484317
902	0.027593785706845373
984	0.03723195847927784
1006	0.02986889472373046
1017	0.09906650379777932
1041	0.04953325189888966
1100	0.02566630360011346
1157	0.020957868512592192
1207	0.03377589794236434
1208	0.03450555663396543
1386	0.061733429000038344
1488	0.02373087493600701
1492	0.05866283109575975
1511	0.016107642362877053
1587	0.037469211605354914
1654	0.028077671180805307
1681	0.04206907182487915
1737	0.035135202608237284
1782	0.04953325189888966
1820	0.06584449795729776
1887	0.05242148593894915
1890	0.05737552029237437
2057	0.1582909186073909
2069	0.01869926475322239
2076	0.19047157168743392
2129	0.031084962456000474
2198	0.03846716620976656
2199	0.02575782576647106
2261	0.03632649600526817
2277	0.0988094616517601
2298	0.04618014078213856
2407	0.03927305069104112
2468	0.03611023988054106
2493	0.2552446944601492
2577	0.11333930064229149
2634	0.03052949625567716
2635	0.031816807059062556
2731	0.07910788024184773
2794	0.04831041698168975
2801	0.0570377036103621
2809	0.03820993245441478
2891	0.01255106987284957
2917	0.03488740496334115
3000	0.08043778625755874
3123	0.04953325189888966
3159	0.03632649600526817
3214	0.044809429299439915
3241	0.026812595419186243
3254	0.061733429000038344
3285	0.03259529656904287
3305	0.02974095478949139
3356	0.040437564962527574
3378	0.02864605980653056
3432	0.026130928102575272
3650	0.09781308525490194
3656	0.055147887784261565
3729	0.03431901633761591
3939	0.05423359498256982
3981	0.05024917357419719
4011	0.05079155991390916
4023	0.033954268293856726
4100	0.03469498914291659
4200	0.021529210879919776
4219	0.01938854067542138
4298	0.01994654413088383
4369	0.031666889201757455
4552	0.03899847392060056
4744	0.06617473838701558
4765	0.0306660133416048
4949	0.013322999301019364
4970	0.02035288592401574
4973	0.04719890996071292
5025	0.07703987746753355
5091	0.04241701212388628
5267	0.07703987746753355
5279	0.06857089980261016
5329	0.032921133267561985
5333	0.03137246165184296
5425	0.03548353060910237
5508	0.03568888253669467
5652	0.039841439316766356
5769	0.06426405273739103
5896	0.03308736919350779
5936	0.05866283109575975
5970	0.016662138830108975
5978	0.05061384055488189
6018	0.06584226653512397
6127	0.056211006020887896
6133	0.19085059634755486
6136	0.10833982761824923
6233	0.07968287863353271
6298	0.02585003867269251
6348	0.02272781683543517
6353	0.02742876725825244
6379	0.0365466488457287
6554	0.009383885283144558
6598	0.4646965002548704
6603	0.03147597880102766
6609	0.03548353060910237
6702	0.03846716620976656
6708	0.013970695955938374
6726	0.023576212717954764
6732	0.03122786644854432
6799	0.03431901633761591
6827	0.024206967065437224
6841	0.037469211605354914
6959	0.0336758852250351
7001	0.014076177060669147
7144	0.07208584311410834
7282	0.045700936144201225
7483	0.08228630177475732
7574	0.04000754422819245
7584	0.04825263780823896
7632	0.03699922473630336
7650	0.03548353060910237
7726	0.014544086895788183
7903	0.09906650379777932
8021	0.027748911828982325
8037	0.019302716000052456
8089	0.0072084757633055505
8104	0.05089222362370351
8140	0.05382631381863769
8282	0.054169913809124615
8326	0.1103125242374633
8386	0.018494772078914912
8388	0.12725103637165885
8431	0.03632649600526817
8464	0.027748911828982325
8505	0.029925604738416194
8589	0.0697748099266823
8636	0.05737552029237437
8651	0.017949449633494367
8724	0.019065575120630347
8727	0.06857089980261016
8775	0.027748911828982325
8777	0.01869926475322239
8805	0.04385307133245333
9008	0.0293649819841907
9109	0.09944791472882336
9130	0.03872993229578954
9139	0.028881031511243785
9178	0.030260954630866147
9179	0.10326588894552675
9260	0.019889582945764674
9261	0.0456619449715846
9306	0.05188590564895566
9364	0.17741765304551185
9381	0.05528252443123533
9390	0.02388752005698543
9484	0.04479547367019156
9495	0.012243291581764858
9503	0.08073947072795655
9528	0.05163294447276338
9539	0.044670190722388654
9580	0.01875092720684789
9595	0.03723195847927784
9636	0.04890654262745097
9711	0.07208584311410834
9722	0.03820993245441478
9826	0.017757033813069808
9891	0.05449437788767726
9894	0.03638862115111467
9986	0.06400733889082666
9998	0.044837953805512275
10044	0.07703987746753355
10078	0.2057126994078305
10166	0.03548353060910237
10167	0.052261856205150545
10661	0.037469211605354914
10665	0.027323889772427428
10671	0.02986889472373046
10687	0.037469211605354914
10722	0.02575782576647106
10773	0.06517726127197855
10873	0.04558221311654619
10948	0.013190909883949239
10976	0.022265870518346075
11086	0.08087512992505515
11132	0.02986889472373046
11153	0.061954899395316426
11175	0.10209787778405967
11305	0.028294014252307386
11364	0.039841439316766356
11400	0.13234947677403117
11437	0.02632184061299134
11453	0.08593817941959167
11454	0.02035288592401574
11514	0.022903483986919573
11516	0.019172284550694276
11535	0.025485290628933333
11567	0.019608693515881917
11592	0.009725332910633943
11602	0.07703987746753355
11636	0.016749724524732397
11661	0.0477420283559645
11716	0.037958002867619745
11775	0.044523598376418706
11882	0.061733429000038344
11889	0.011592291741533194
11998	0.07208584311410834
12055	0.0130277812647669
12193	0.030916038985790366
12196	0.05735644002084323
12371	0.028415521795807225
12435	0.10295704901284772
12488	0.01631794277114279
12612	0.02065163313177214
12659	0.02478692043606618
12766	0.009725332910633943
12829	0.007785494043594544
12838	0.033954268293856726
