31
t_index	tf-idf
40	0.17068384951934754
1225	0.18726936711506317
1397	0.18115127992886967
1716	0.09394278409217394
2241	0.16193377515441187
2955	0.13604894040102092
2986	0.11233320335351706
3593	0.14860697451411833
4219	0.08485744251893051
4527	0.17833615919936355
5362	0.10152984062857266
6348	0.04973619322310872
6460	0.3179789132442488
6554	0.04107026512975923
7213	0.15619882636456403
7327	0.07235495525258406
8937	0.20211570883744573
9329	0.1135440085423865
9330	0.16613004043959267
9845	0.2084082901923393
10087	0.254903202687072
10094	0.24601759834331027
10097	0.3001129010110439
10284	0.18567298156571524
11081	0.2000183833760137
11089	0.15184887280465612
11153	0.18077118858387814
11876	0.033431992710503414
11978	0.3371789080626408
12739	0.0654510913637734
12779	0.20211570883744573
