85
t_index	tf-idf
17	0.05858371138210366
356	0.055927833808541313
551	0.24144151753498488
565	0.2995985354538997
585	0.08546292868893048
839	0.1401664549184145
1075	0.08397784615642681
1203	0.030211430631343336
1387	0.07106269395705217
1716	0.04173618197560631
2057	0.025648906854771537
2075	0.07332701979531389
2430	0.038236123965817964
2451	0.14212538791410434
2463	0.12003682719221045
2537	0.05525222127832365
3285	0.06337953431251354
3343	0.06186580970181037
3433	0.04123862578832022
3514	0.0798469365761796
3692	0.05353923162979101
3699	0.10039706093595166
3809	0.04173618197560631
3900	0.059503189729606845
4110	0.16360140645278498
4182	0.06466403305521497
4288	0.0656751405234076
4415	0.06276242326367204
4497	0.10039706093595166
4617	0.05782944360008423
4640	0.036359561556228374
5033	0.09177535559560897
5116	0.07922982552733811
5656	0.0575832503131849
5874	0.08468392645430503
5934	0.038127889429720056
6042	0.07239523607220737
6136	0.10533004059953949
6348	0.022096415719347524
6554	0.01824638343228351
6560	0.06860283253282401
6603	0.06120309027451383
6947	0.05194149090985806
7097	0.07746920985634302
7099	0.12003682719221045
7215	0.03834485385620915
7327	0.032145306405819744
7584	0.1407363961465425
7703	0.26666373092656753
7811	0.023806321788203934
7821	0.026894409567617215
8112	0.04173618197560631
8171	0.3387357058172201
8212	0.04342920886820591
8388	0.04123862578832022
8444	0.2995985354538997
8505	0.038792322655584514
8719	0.11668828584512789
8845	0.14979926772694985
9186	0.05118118795961562
9259	0.3710971579642453
9386	0.08319860285066875
9495	0.023806321788203934
9503	0.052330965855124374
9704	0.05884055106827687
9783	0.05374672150397823
9997	0.05638915781009171
9998	0.01453077044259993
10056	0.0798469365761796
10125	0.09509574149746582
10452	0.027646506431776848
11016	0.04316076036695581
11039	0.08979442205897994
11109	0.08796602477401175
11153	0.040155820883915595
11175	0.09926149827388481
11567	0.11438366828916016
11660	0.0384540836558996
11686	0.0798469365761796
12411	0.06939482052321531
12566	0.025080972887414232
12643	0.0640131035813289
12690	0.06306897512446469
12724	0.09631433883984566
12855	0.06016812768240404
