35
t_index	tf-idf
230	0.35432791672599206
551	0.23053119131560645
1737	0.09784656203995555
2069	0.1041496068304313
2087	0.13758517671642653
2430	0.10952489819221735
2537	0.1582664057636211
2918	0.11777368113295099
3216	0.16287068812124886
3761	0.22694869862924436
3869	0.18065699038348415
3900	0.08522151464768594
3946	0.155158484609319
4216	0.21873976557279692
4219	0.10798867843255602
4644	0.09427749309275343
4990	0.07703729259969873
6042	0.20737146023217293
6348	0.0632937502827943
6947	0.14878303326299216
7284	0.2723955863134662
7327	0.09207814616885485
8023	0.18065699038348415
8167	0.11672938986620879
8505	0.055559046639910264
8879	0.10859901118238906
9820	0.11638482383665096
10224	0.13853035365281216
10508	0.3438377093163708
10853	0.1450163682167185
10873	0.042313335463551795
11180	0.2128184981957032
11623	0.08435735515669891
11650	0.22190552918315343
12768	0.16219355173390984
