522
t_index	tf-idf
17	0.019257808208326996
91	0.013161572302521489
146	0.032529359299990984
153	0.032529359299990984
156	0.03208297410966893
176	0.06727300345996881
179	0.026247517515188553
181	0.024262046844732384
250	0.019601143264307352
470	0.028358380854066525
551	0.026455786250263322
555	0.04382923909349247
579	0.03592902571888753
585	0.056187245593870776
631	0.017202387489952606
716	0.30710504420719575
717	0.19283417187361476
738	0.012971547970946198
786	0.09215185048465636
787	0.04382923909349247
801	0.028632430541947432
863	0.01733255074844595
865	0.05199765224533786
871	0.014780196995165454
880	0.03834856424192789
893	0.03749618653683392
901	0.016702401439087387
902	0.008818716355781905
918	0.027943168368762695
939	0.029211185252441173
964	0.04607592524232818
975	0.03404564296911242
1008	0.03404564296911242
1105	0.01623250846792471
1208	0.02205530766137836
1301	0.024734071339066233
1312	0.04607592524232818
1320	0.025846936648099665
1379	0.03592902571888753
1387	0.023359935700659723
1420	0.04115891783938386
1428	0.025102600864557543
1475	0.017531955999736535
1478	0.17312198839803083
1488	0.015168332258466692
1491	0.02758960181199749
1531	0.03749618653683392
1580	0.04607592524232818
1666	0.03749618653683392
1668	0.04382923909349247
1725	0.08417314785918929
1727	0.03945885539627742
1839	0.04607592524232818
1875	0.04607592524232818
1894	0.019342237297913862
1944	0.014501252531365014
1985	0.03749618653683392
1989	0.024423075533668213
2057	0.01686276670799402
2063	0.0260446589741119
2073	0.04607592524232818
2087	0.015789290835838715
2098	0.022299377985288884
2109	0.030041023587539357
2129	0.019868927717416662
2211	0.04607592524232818
2237	0.019868927717416662
2239	0.05671676170813305
2277	0.015789290835838715
2281	0.026455786250263322
2305	0.030168662152243845
2365	0.03945885539627742
2393	0.0858972916258423
2396	0.022299377985288884
2431	0.04208514764619666
2440	0.01664209523421337
2453	0.024423075533668213
2464	0.013761069693798953
2506	0.011228882807048377
2537	0.21795205295655878
2553	0.03350683522410038
2560	0.02891644783133965
2600	0.042086573929594646
2601	0.0617582333815663
2615	0.02210141792728704
2626	0.02014622127438843
2640	0.017667778809694286
2679	0.032529359299990984
2689	0.018236001334203392
2701	0.029517483911366837
2721	0.025846936648099665
2726	0.04607592524232818
2787	0.0260446589741119
2816	0.032529359299990984
2853	0.026889765378049612
2872	0.04106391932733344
2891	0.024067228689712228
2909	0.0685337304320652
2913	0.049854193037212224
2996	0.046719871401319446
3000	0.017138110462710618
3048	0.034624397679606164
3087	0.036673361502429655
3133	0.01838476039811119
3146	0.028093622796935388
3182	0.02350323540417466
3193	0.025645577814076802
3203	0.020052691836453165
3212	0.01838476039811119
3230	0.03749618653683392
3235	0.029836287960833204
3238	0.01584333682817395
3285	0.020834305088023565
3293	0.08021076734581266
3294	0.013719639279794619
3318	0.014057404990041386
3335	0.02458749454812894
3342	0.036673361502429655
3359	0.017464920268617637
3426	0.056187245593870776
3471	0.02147655295088462
3476	0.018460216199828978
3481	0.0352495003879982
3495	0.04146443433468499
3496	0.03749618653683392
3514	0.026247517515188553
3528	0.04066271281516319
3551	0.04607592524232818
3563	0.02711614687282599
3581	0.03841602666632747
3597	0.05423229374565198
3640	0.025282140144581654
3659	0.023219218114782444
3672	0.023649213761368387
3692	0.01759957213401604
3808	0.04204313010268843
3824	0.016702401439087387
3825	0.02565409685724112
3839	0.020052691836453165
3840	0.02104257382309833
3862	0.05130819371448224
3869	0.020732217167342495
3871	0.013844595781162003
3900	0.03912012361669919
3902	0.025282140144581654
3917	0.08204786104017979
3929	0.023219218114782444
3967	0.03126014907526466
3972	0.04382923909349247
3981	0.032118333712605855
3993	0.029211185252441173
4005	0.03126014907526466
4057	0.03087911669078315
4087	0.041875490411745146
4110	0.2151181230243969
4119	0.023949620594496717
4128	0.022176389384832493
4130	0.03892115186824432
4136	0.017946723273494728
4144	0.020631446546946906
4155	0.024423075533668213
4175	0.04607592524232818
4178	0.04607592524232818
4200	0.013761069693798953
4202	0.04607592524232818
4207	0.04917498909625788
4208	0.03749618653683392
4219	0.012392793260452454
4220	0.030168662152243845
4231	0.04607592524232818
4260	0.01380272107105606
4264	0.03575209508953812
4266	0.03404564296911242
4288	0.021588923446749578
4299	0.06416594821933785
4304	0.014014376700896142
4305	0.04382923909349247
4322	0.03749618653683392
4344	0.01787604754476906
4364	0.036673361502429655
4406	0.024104271484201845
4442	0.03316450230078364
4457	0.007067231750264732
4472	0.012254566382529296
4479	0.04607592524232818
4497	0.03300281423916249
4598	0.027193301358676456
4620	0.05481561790718211
4642	0.07185805143777506
4659	0.10582314500105329
4682	0.0172671979426054
4695	0.12819465849958553
4723	0.03841602666632747
4737	0.020052691836453165
4744	0.021148828723722077
4764	0.042086573929594646
4772	0.04607592524232818
4828	0.019427589128061137
4845	0.1041786358964476
4856	0.020631446546946906
4859	0.048609913847392924
4895	0.010511901218631475
4920	0.029186262822779765
4955	0.02711614687282599
4970	0.013009184741255314
4990	0.026522425898451277
5024	0.024262046844732384
5061	0.03126014907526466
5091	0.013556081160966576
5094	0.03208297410966893
5116	0.0520893179482238
5129	0.04607592524232818
5153	0.042086573929594646
5195	0.017011122059491277
5216	0.029466017694446872
5228	0.04607592524232818
5299	0.07499237307366784
5314	0.013009184741255314
5369	0.019510239662603394
5381	0.026669761682503935
5448	0.01900986310650322
5469	0.015952563989432598
5517	0.04066271281516319
5540	0.04607592524232818
5543	0.03945885539627742
5564	0.042086573929594646
5578	0.020631446546946906
5654	0.02758960181199749
5657	0.03592902571888753
5721	0.04607592524232818
5725	0.03223864732940055
5741	0.04382923909349247
5769	0.010269095712073127
5780	0.025282140144581654
5792	0.018848834417567396
5799	0.04607592524232818
5816	0.028358380854066525
5823	0.03300281423916249
5838	0.024262046844732384
5850	0.03841602666632747
5888	0.034624397679606164
5915	0.024104271484201845
5918	0.026455786250263322
5925	0.03632534215942646
5934	0.025067021692659473
5951	0.03945885539627742
5966	0.03841602666632747
6039	0.03945885539627742
6040	0.04607592524232818
6042	0.28557567390331423
6056	0.03841602666632747
6176	0.032529359299990984
6247	0.04066271281516319
6298	0.016522862159063276
6348	0.007263598122679681
6376	0.04607592524232818
6395	0.03404564296911242
6408	0.034624397679606164
6544	0.03506391199947307
6547	0.020052691836453165
6554	0.017994012892559082
6557	0.04607592524232818
6558	0.04607592524232818
6563	0.03166072994235355
6574	0.028093622796935388
6601	0.02820134332855225
6603	0.030178287098678883
6612	0.012896814245390355
6625	0.011535181465974039
6663	0.03350683522410038
6683	0.08765847818698494
6696	0.016347357813111845
6702	0.02458749454812894
6708	0.035719232217629605
6726	0.04520842516762236
6732	0.019960269281763178
6749	0.034624397679606164
6755	0.014875437379481524
6760	0.012569090018227808
6798	0.035856662874517366
6804	0.02891644783133965
6805	0.012462835117604064
6826	0.022299377985288884
6841	0.023949620594496717
6842	0.022945168426901526
6888	0.04607592524232818
6909	0.010189809602404728
6952	0.024262046844732384
6959	0.010762498592419593
6972	0.08765847818698494
6985	0.012859713868139173
7001	0.04498614803731348
7056	0.019868927717416662
7126	0.042086573929594646
7133	0.021926247162872843
7138	0.04382923909349247
7165	0.01869105905703685
7278	0.026669761682503935
7281	0.016405422130580213
7327	0.021133797465426225
7340	0.013556081160966576
7366	0.014455715290251669
7448	0.028632430541947432
7449	0.03208297410966893
7456	0.03841602666632747
7482	0.03404564296911242
7501	0.010876509591331013
7547	0.024755449725078857
7555	0.03126014907526466
7575	0.026247517515188553
7591	0.034326071769926775
7650	0.06804123110931119
7700	0.04462631213844457
7726	0.009296308839274792
7735	0.04820854296840369
7754	0.014014376700896142
7769	0.012859713868139173
7778	0.04435277876966499
7779	0.020052691836453165
7808	0.0316866736563479
7811	0.015651366850171895
7832	0.011886593557485656
7860	0.11524807999898243
7929	0.02053195966366672
7932	0.045102645779751226
7942	0.03592902571888753
7946	0.02014622127438843
8014	0.03126014907526466
8036	0.008579738705494267
8041	0.04411061532275672
8049	0.024262046844732384
8089	0.018430092569241056
8095	0.036673361502429655
8103	0.010762498592419593
8104	0.032529359299990984
8140	0.03440477497990521
8167	0.013395878318245652
8171	0.11135018765528504
8212	0.028552352020455113
8269	0.036673361502429655
8270	0.08417314785918929
8372	0.036673361502429655
8388	0.027112162321933152
8424	0.04607592524232818
8438	0.034624397679606164
8505	0.012751925271245237
8509	0.018848834417567396
8539	0.01773658643298731
8630	0.04607592524232818
8645	0.025209664048863392
8665	0.03304572431812655
8724	0.012186359706851047
8729	0.05056428028916331
8747	0.04607592524232818
8753	0.07278614053419716
8754	0.01909163992412574
8776	0.03126014907526466
8805	0.0747468388270409
8844	0.023219218114782444
8862	0.04607592524232818
8877	0.03201090667273014
8880	0.034276220925421236
8882	0.020937745205872573
8892	0.022811667488441167
8905	0.017398455061276172
8910	0.06252029815052931
8938	0.018613350806697782
8940	0.03166072994235355
8943	0.026669761682503935
9008	0.03753909661579798
9053	0.03841602666632747
9054	0.04607592524232818
9113	0.04146443433468499
9139	0.018460216199828978
9199	0.03945885539627742
9225	0.023359935700659723
9269	0.022811667488441167
9275	0.027349287013393262
9278	0.026669761682503935
9280	0.018613350806697782
9389	0.02205530766137836
9390	0.09161074137356073
9443	0.009366984568000464
9484	0.028632430541947432
9502	0.021818634557745208
9517	0.03945885539627742
9533	0.034624397679606164
9534	0.022945168426901526
9538	0.023949620594496717
9553	0.01568230813923812
9557	0.042086573929594646
9580	0.011985242634111177
9602	0.02783754691382126
9629	0.026889765378049612
9652	0.013200138379532789
9679	0.07639771279085447
9692	0.02242433448665627
9704	0.019342237297913862
9735	0.022680410369770393
9759	0.03592902571888753
9781	0.032529359299990984
9820	0.040069007642202004
9821	0.025846936648099665
9826	0.022699929061005018
9840	0.02308099123685928
9855	0.04382923909349247
9856	0.04607592524232818
9857	0.04607592524232818
9891	0.009499578834987822
9990	0.042086573929594646
9997	0.018536408167331722
10015	0.042086573929594646
10121	0.014639479409288175
10131	0.013637432049941068
10134	0.04382923909349247
10135	0.08116254233962356
10137	0.016405422130580213
10155	0.02546590426361816
10206	0.02758960181199749
10209	0.013719639279794619
10217	0.047808883832689816
10228	0.011566482568894164
10261	0.04607592524232818
10375	0.013678427496960749
10379	0.03087911669078315
10430	0.03126014907526466
10482	0.04607592524232818
10483	0.058422370504882346
10499	0.042086573929594646
10529	0.04382923909349247
10618	0.02711614687282599
10660	0.01773658643298731
10671	0.01909163992412574
10687	0.047899241188993434
10690	0.02308099123685928
10691	0.04382923909349247
10696	0.01694839389313903
10697	0.026669761682503935
10698	0.03592902571888753
10699	0.021702934445660998
10700	0.03126014907526466
10701	0.03945885539627742
10727	0.01780600568761745
10773	0.013886696232035518
10792	0.02350323540417466
10811	0.04382923909349247
10853	0.01664209523421337
10873	0.024279416424540682
10916	0.03300281423916249
10948	0.00843138335399701
10985	0.02458749454812894
11016	0.014187930837142359
11021	0.02783754691382126
11046	0.037857867464578525
11071	0.02565409685724112
11175	0.03262952877399304
11176	0.03126014907526466
11184	0.018236001334203392
11194	0.023649213761368387
11283	0.04607592524232818
11306	0.03340480287817477
11400	0.021148828723722077
11418	0.02053195966366672
11449	0.036673361502429655
11472	0.04382923909349247
11514	0.014639479409288175
11519	0.015952563989432598
11535	0.016289722018496006
11536	0.01816267107971323
11537	0.015168332258466692
11544	0.009226266982123183
11577	0.036920432399657956
11608	0.028093622796935388
11623	0.019361719721543737
11640	0.020336709125845388
11660	0.02528147672455246
11775	0.009486217643150557
11807	0.02205530766137836
11861	0.028632430541947432
11876	0.009764983757406882
11889	0.007409576479873409
11897	0.05517920362399498
11939	0.042086573929594646
12009	0.03749618653683392
12014	0.04607592524232818
12055	0.033308458343400946
12056	0.029836287960833204
12081	0.03841602666632747
12096	0.04607592524232818
12170	0.02565409685724112
12188	0.00990579231301251
12202	0.025846936648099665
12225	0.03945885539627742
12241	0.03945885539627742
12292	0.04607592524232818
12371	0.01816267107971323
12385	0.026247517515188553
12387	0.015218234119781916
12415	0.04607592524232818
12434	0.013929024870748867
12467	0.0373821181140737
12489	0.013356335880734002
12518	0.04066271281516319
12522	0.04066271281516319
12537	0.009982232871647808
12566	0.01648938089271082
12581	0.023132965137788328
12590	0.05065849667437168
12591	0.017138110462710618
12638	0.01664209523421337
12674	0.019778642148572254
12699	0.015952563989432598
12739	0.019117282347067645
12748	0.0584647841325229
12750	0.04607592524232818
12755	0.023649213761368387
12758	0.028358380854066525
12762	0.022551322889875613
12766	0.018648753740916815
12782	0.04382923909349247
12790	0.023949620594496717
12829	0.02488171227736155
