99
t_index	tf-idf
82	0.05191654114200181
309	0.07170621170350448
335	0.08005643959776129
415	0.16011287919552258
549	0.09481181255447996
596	0.04285523658031902
687	0.050470980770816
977	0.07474558862925051
1032	0.16376745094401846
1148	0.11672390271319977
1301	0.020847294548251547
1497	0.03848040278329558
1982	0.08608686422853477
2069	0.030222052900840377
2076	0.03848040278329558
2146	0.6620398971564248
2373	0.06439237598737335
2379	0.08005643959776129
2389	0.06799271152956173
2784	0.07808007410722823
2801	0.030728418445040036
2955	0.10048003407235467
3167	0.032819533035754106
3212	0.04648719290460215
3216	0.04726169115943722
3433	0.0685550582454194
3899	0.11082539279709308
4285	0.09273124009812002
4298	0.09671377776636407
4313	0.09273124009812002
4415	0.05216810090315043
4564	0.031963018825315326
4953	0.06636874147790645
4987	0.10433620180630086
4992	0.05191654114200181
5362	0.0374928382964575
5653	0.08755028726416672
5786	0.07038924551372848
6102	0.058361951356599884
6168	0.04118973723007934
6601	0.0356545654959423
6760	0.03178185081882793
6836	0.05546694701359832
6959	0.02721375407496311
7177	0.054589150314672825
7195	0.2195097413997368
7421	0.1097548706998684
7481	0.032799494784747286
7501	0.027502039110224488
7584	0.15597338095278693
7808	0.04006102007506051
7832	0.030056109283981045
8021	0.04484823827587877
8035	0.08446645382974156
8036	0.021694488241161426
8212	0.036098340895195175
8390	0.05702264673209026
8598	0.05670154739387363
8621	0.07170621170350448
8653	0.08539577549242386
8731	0.1115368728906776
8758	0.11650630079564137
9026	0.03725347567850004
9139	0.046677988342468536
9186	0.04254178278941297
9420	0.05268104335805159
9503	0.04349747771242642
9728	0.18404500697992945
9737	0.09273124009812002
9826	0.02869920407796392
9891	0.0240203703639197
10102	0.05216810090315043
10167	0.16893290765948313
10375	0.06917378131815703
10414	0.08225283158964392
10532	0.07239916610867993
10558	0.03270478393557312
10665	0.04416131078184388
10821	0.05871146798882506
10853	0.04208073832548394
10882	0.08608686422853477
10948	0.042638722065714674
10974	0.05516999142970207
11175	0.027502039110224488
11306	0.04223322691487078
11577	0.046677988342468536
11636	0.027071174580472854
11876	0.012345732928004814
11889	0.01873564864063533
12188	0.02504751044649174
12262	0.040901452194817965
12434	0.07044108839253935
12435	0.11093389402719664
12488	0.026373321955205652
12537	0.02524079591326234
12566	0.041694589096503094
12647	0.0625959404359794
12664	0.139524596875057
12766	0.015718239705270375
