144
t_index	tf-idf
16	0.028390742760722204
277	0.032444034588950135
371	0.05241853406225227
569	0.05041819591130766
596	0.036132594187217947
654	0.18688072978299175
760	0.08668958899382512
858	0.06995004530243092
871	0.03151017514701743
1022	0.04052747850401949
1044	0.09253777413260522
1122	0.07652190208937637
1123	0.02996924151238637
1177	0.29526557341590043
1203	0.02117248635409073
1301	0.03515401588795834
1402	0.19646023323255304
1497	0.032444034588950135
1511	0.02194960229866572
1747	0.05010698195358079
1788	0.07993881309615437
1840	0.03796095262256235
1906	0.03723378631373079
2002	0.0498014786671396
2012	0.05314253777976079
2086	0.105553201616402
2167	0.031013139372360443
2223	0.0636085337489223
2294	0.02881441605291495
2430	0.026796275316393583
2455	0.055525089833852945
2491	0.07993881309615437
2506	0.02393906279267871
2590	0.05685775785125155
2707	0.05073533810907229
2737	0.04602582491053024
2763	0.06045775627278496
2891	0.017103123220983056
2918	0.08644324815874486
3167	0.02767117774212667
3242	0.032444034588950135
3318	0.02996924151238637
3378	0.039035484275852246
3432	0.03560815832790245
3524	0.0781846171975537
3621	0.15125458773392297
3624	0.05314253777976079
3659	0.04950148024501377
3671	0.05241853406225227
3809	0.029249152552001494
3856	0.11661290092682203
3999	0.13499619065866333
4090	0.05732678779597441
4162	0.05138834188116012
4344	0.038110276152363176
4358	0.036951585287174724
4467	0.061042007867465164
5086	0.039035484275852246
5329	0.08972210410006787
5362	0.03161138799348096
5414	0.027574429176466145
5764	0.05206800612647089
5835	0.09823011661627652
5868	0.0593473807693321
6174	0.1176375640482833
6213	0.047278254401690235
6587	0.0901751576730315
6612	0.054989913306801676
6623	0.07143384129988294
6798	0.025481160766061262
6870	0.07381639335397511
7112	0.05389946184802461
7169	0.04463756598348936
7179	0.04105607724920994
7481	0.027654282864169478
7531	0.03424573255107159
7543	0.13068910299059844
7743	0.05181618687876062
7877	0.08668958899382512
8036	0.018291303520122166
8060	0.024132288891451633
8293	0.06664408957510229
8311	0.1176375640482833
8386	0.025202502178235626
8449	0.07258253548991658
8651	0.048918801654441686
8670	0.06934994231120543
8671	0.05881878202414165
8751	0.5642414164509784
8917	0.1355709088044384
8937	0.12585773900722305
8991	0.0478068531468807
9381	0.07533252837351619
9416	0.0478068531468807
9420	0.04441704008442885
9421	0.039035484275852246
9426	0.03265886933705106
9453	0.07258253548991658
9484	0.061042007867465164
9485	0.06045775627278496
9495	0.01668371913109329
9556	0.08668958899382512
9570	0.04070182001293808
9580	0.025551560287313757
9630	0.05138834188116012
9840	0.049206791809209505
9844	0.035479590415130116
9845	0.06488806917790027
9891	0.05400620718136604
10205	0.055103561952650884
10228	0.024658797964600417
10420	0.05732678779597441
10452	0.019374960666635927
10635	0.06664408957510229
10660	0.03781295643058423
10722	0.07019947661060193
10736	0.05314253777976079
10739	0.04950148024501377
10773	0.029605304356091756
10794	0.06045775627278496
10873	0.02070469464662461
10876	0.039035484275852246
11127	0.08070988735073271
11175	0.023187831821399794
11272	0.09823011661627652
11305	0.038555757961340774
11306	0.03560815832790245
11316	0.032231936663732016
11381	0.05351669873863036
11516	0.02612573656430668
11567	0.026720423422236777
11673	0.04702011803758153
11775	0.02022384272118795
11777	0.17180040593889034
11833	0.06302035029403485
11876	0.020818149352428622
11889	0.06318645217581374
11910	0.08189983726904447
12188	0.021118341714599656
12193	0.02106437258478269
12516	0.02725879011254176
12537	0.0212813067543567
12581	0.024658797964600417
12829	0.010609156455408658
