221
t_index	tf-idf
16	0.02182985188252076
40	0.04086168995896785
44	0.0452521623266169
222	0.03502380355513852
231	0.03595866361692797
267	0.045632639580054604
277	0.024946457918248042
355	0.024946457918248042
375	0.048909071590910874
434	0.045226196099162015
718	0.14369397395633055
764	0.02340219116551136
847	0.034668172510946275
863	0.0284123469555482
872	0.010611476251795206
983	0.018211469697592467
1071	0.06468284479642213
1206	0.029074661592223407
1223	0.04445008609695909
1317	0.04236953593513789
1397	0.04336759135072479
1511	0.016877211388883054
1654	0.058838255922309964
1692	0.05778266855057862
1716	0.1349393370819731
1906	0.028629333409996894
1982	0.1674277435102631
2116	0.09126527916010921
2199	0.05397689625648027
2236	0.16144116787566604
2241	0.03876692336667005
2245	0.03783546580173214
2271	0.030639278811446007
2430	0.020603854083359633
2521	0.046935650877086614
2594	0.05061852636883547
2650	0.25616191102550123
2664	0.030014672285475847
2668	0.045226196099162015
2715	0.06468284479642213
2716	0.02852038046020516
2759	0.05124313289480564
2801	0.01992092447551707
2806	0.06468284479642213
2891	0.026301435632680437
2928	0.10616879054933373
2989	0.05889657900418237
3077	0.02873922158967753
3115	0.024864656398206744
3133	0.06027435877233388
3167	0.010638286511496758
3305	0.031161877671575376
3381	0.045632639580054604
3495	0.06797048580620743
3593	0.35576489137291356
3611	0.05675797026517019
3624	0.0817233799179357
3651	0.029419127961154982
3795	0.15105972493982822
3809	0.022489889513662178
3817	0.02918845695775112
3871	0.022694724192800213
3883	0.049453915277364556
3946	0.02918845695775112
4057	0.05061852636883547
4059	0.09596427899790029
4083	0.03257009750815621
4186	0.049453915277364556
4193	0.04788437330550244
4209	0.0284123469555482
4210	0.061465544042327486
4216	0.04114938508484686
4219	0.020314859998083367
4288	0.03538959684977791
4304	0.022973037204423785
4430	0.041560869471475165
4457	0.023169889235350002
4505	0.034668172510946275
4516	0.03951287577111376
4540	0.0817233799179357
4553	0.08116063663539362
4587	0.013994362546796093
4598	0.04457656142381525
4600	0.10004596408902923
4640	0.019592652788477688
4644	0.017735508026850342
4717	0.09861399734849992
4828	0.06369326832818308
4955	0.04445008609695909
5157	0.08072058393783302
5210	0.05409979305882977
5216	0.024151053422070922
5296	0.09677294546156302
5364	0.04740122561474084
5474	0.02660910498651809
5515	0.06077350762682465
5529	0.060116729854473396
5544	0.017097559243988727
5556	0.027782618647421875
5583	0.033656971216064334
5654	0.045226196099162015
5655	0.09781814318182175
5664	0.04740122561474084
5740	0.037178814467219
5762	0.10123705273767095
5797	0.03349593897547014
5855	0.03143140119138196
6213	0.03635259913949426
6348	0.011906837776069832
6401	0.11161849567350873
6460	0.15224821566967547
6554	0.009832215789547216
6612	0.04228215065161619
6701	0.03184663416409154
6708	0.014638168863346351
6779	0.03951287577111376
6805	0.020429675963470395
6850	0.03852762865507308
6902	0.1379806536282823
6933	0.037178814467219
6949	0.08072058393783302
6959	0.017642402930442412
7133	0.017971277017045633
7169	0.034322154303194866
7213	0.03739397741987291
7307	0.061465544042327486
7365	0.055809247836754367
7472	0.029303272923138148
7501	0.017829295217955853
7543	0.03349593897547014
7551	0.03615411618181055
7574	0.020959485127551872
7636	0.06665626551024637
7730	0.05189978422931878
7738	0.11814416420275724
7743	0.01992092447551707
7747	0.24586217616930994
7881	0.2024741054753419
7932	0.036967208090314736
7939	0.04086168995896785
7944	0.10507141066541555
7968	0.03876692336667005
8036	0.014064318427586646
8037	0.08089973963247896
8105	0.024074164936717303
8131	0.026988448128240135
8167	0.06587749513782788
8408	0.06297339001849751
8561	0.061465544042327486
8605	0.03951287577111376
8700	0.05061852636883547
8777	0.019592652788477688
8805	0.015316074574127118
8874	0.03675904262038686
8882	0.034322154303194866
9329	0.05436483987000166
9384	0.07552986246991411
9420	0.034152590309983286
9426	0.025111645943435963
9443	0.04606442860070502
9570	0.031295930145959154
9578	0.04788437330550244
9665	0.04003547463124312
9670	0.037612818549345284
9671	0.055809247836754367
9845	0.09978583167299217
9883	0.03806205391741887
9891	0.07267010055086454
9894	0.019063573596988202
9960	0.04336759135072479
9998	0.007830026761754677
10087	0.030511895727329544
10093	0.060116729854473396
10094	0.11779315800836473
10097	0.07184698697816527
10099	0.1038846248146259
10120	0.03257009750815621
10125	0.10248626578961129
10177	0.05778266855057862
10217	0.019592652788477688
10228	0.01896033195415203
10325	0.050022982044514615
10329	0.044311234814658366
10355	0.05124313289480564
10396	0.046935650877086614
10475	0.03333690718715419
10727	0.02918845695775112
10773	0.04552747453473033
10821	0.03806205391741887
10867	0.024542579176285904
10876	0.030014672285475847
10904	0.046486415509013036
10929	0.054926008386554495
10948	0.04146338169939738
10976	0.023329658992286263
11000	0.07184698697816527
11081	0.04788437330550244
11089	0.14541039655797705
11135	0.04336759135072479
11153	0.02163829876766179
11157	0.04788437330550244
11202	0.030385767669372454
11203	0.03156832115246796
11372	0.02830521750755124
11493	0.046052411426886736
11519	0.02615020659547077
11553	0.03502380355513852
11673	0.03615411618181055
11828	0.05778266855057862
11833	0.09691362597294435
11876	0.008003614429215303
11991	0.050022982044514615
12405	0.03349593897547014
12551	0.034152590309983286
12555	0.07954301739068693
12638	0.027280519222142807
12643	0.0689879887821141
12699	0.02615020659547077
12739	0.06267592886647264
12766	0.010189976637320452
12778	0.054926008386554495
