246
t_index	tf-idf
23	0.0660968356124664
44	0.04487237188454945
91	0.02139400499016761
184	0.02952324135618016
227	0.04700339860482196
316	0.035277904277652226
597	0.082789148647628
607	0.02744829431557265
612	0.026857748250574118
633	0.030900343577113368
639	0.028067658670198514
647	0.023646096361899117
706	0.11990018418033851
714	0.04609626627882001
716	0.03565687125941238
750	0.05364574659419299
817	0.07249483464882181
871	0.024025063343659264
872	0.010522416700837856
901	0.02714958756615734
902	0.043004207412132504
982	0.036047500576516456
991	0.03229674456556043
1005	0.03708013882112378
1011	0.05019369733265227
1041	0.051464201906127466
1051	0.034552309586548535
1116	0.02210122056827511
1119	0.042335334354590415
1157	0.021774867090409895
1203	0.1291443981955623
1225	0.044455994268250636
1240	0.01844925455883994
1265	0.07373356335807355
1329	0.0433514325953868
1427	0.05364574659419299
1497	0.0247370883369139
1605	0.19202943149986332
1694	0.07993345612022566
1737	0.10951462452338326
1844	0.06413997734089362
1859	0.05364574659419299
2083	0.24801575633826867
2167	0.04729219272379823
2237	0.03229674456556043
2294	0.04393934134938378
2464	0.04473696408487263
2493	0.07071863303990285
2506	0.018252437420563872
2575	0.051464201906127466
2576	0.04023973753126109
2577	0.1177575957270216
2621	0.0272483775676782
2689	0.029642438956165407
2702	0.02620180043798088
2707	0.038683368345155254
2762	0.053715496501148235
2801	0.01975373297959824
2833	0.06875442186566545
2834	0.046541731323217095
2906	0.058402274276491986
2970	0.04109586757439869
3025	0.052876150295328744
3167	0.010549001948520967
3193	0.02084331594732715
3215	0.04051874768847193
3218	0.0394377160522412
3242	0.0742112650107417
3285	0.03386595588845095
3305	0.030900343577113368
3318	0.0685505163653136
3440	0.04960315126765373
3474	0.03386595588845095
3692	0.02860792961550797
3825	0.083400959029327
3879	0.04484662358535472
3929	0.03774260831437883
3939	0.08452166702002904
4020	0.04370904641630224
4096	0.052876150295328744
4148	0.026857748250574118
4199	0.07124399261186949
4200	0.022368482042436313
4442	0.02695428446582558
4457	0.011487714982416538
4564	0.04109478919173369
4587	0.013876911250220732
4598	0.02210122056827511
4640	0.03885643279469572
4739	0.0426650788972892
4765	0.03186146359802646
4895	0.017086990973294743
4920	0.02372099009611752
4949	0.027684737009492626
4990	0.043111939742496504
5053	0.044455994268250636
5091	0.022035275219304488
5119	0.051464201906127466
5135	0.06206654196307218
5216	0.023948359478091857
5239	0.02557808792399447
5314	0.02114630052361665
5345	0.03565687125941238
5362	0.024102233496986977
5416	0.082789148647628
5466	0.08004311562070776
5515	0.04017563352776112
5690	0.02754944585577189
5769	0.0166923130351616
5797	0.0332148156696016
5842	0.023948359478091857
5857	0.024415692660763346
5913	0.029057337648329067
5953	0.07489595862130466
5970	0.10387006433872478
5978	0.026293457523019738
6312	0.04201393867843986
6348	0.023613813138937848
6388	0.037704573716008945
6466	0.05364574659419299
6488	0.18947611844507622
6601	0.022920501670795415
6696	0.026572467680230583
6701	0.03157935307417936
6708	0.0290306285124659
6798	0.01942821639734786
6909	0.016563434251767935
6947	0.02775419950642214
6959	0.01749433451418148
7063	0.10729149318838598
7133	0.017820448440202006
7168	0.054465027696713283
7169	0.034034096772121915
7184	0.06413997734089362
7187	0.02349762155672217
7268	0.04023973753126109
7321	0.02620180043798088
7329	0.07489595862130466
7366	0.02349762155672217
7397	0.06841130770495464
7417	0.03774260831437883
7481	0.08434048930991493
7650	0.03686678167903677
7659	0.08004311562070776
7743	0.05926119893879473
7805	0.036450532875680994
7862	0.021646639221059655
7926	0.03490992340746398
8021	0.05766128999392778
8036	0.01394628000824135
8037	0.07019317174186211
8089	0.007489483082504807
8092	0.054465027696713283
8098	0.038929870287087394
8131	0.026761940617475066
8140	0.027962309923437966
8156	0.032445219370737376
8504	0.02744829431557265
8505	0.010364063905761446
8537	0.035277904277652226
8574	0.059612184696116385
8645	0.020489029200504664
8651	0.01864917130673439
8761	0.023424030329589306
8855	0.047980376780363265
8865	0.02714958756615734
8877	0.01734447023387362
8923	0.08004311562070776
8938	0.06051163354790719
8965	0.02988424533631699
8967	0.03996672806011283
9008	0.06101942852001857
9081	0.05364574659419299
9109	0.020664936649807317
9269	0.07416027764224756
9339	0.03259545131497574
9377	0.06244486960303123
9390	0.024818724959927877
9495	0.012720570643044368
9539	0.04641156448227791
9580	0.019481892803447257
9652	0.021456693765115335
9785	0.03585068343824039
9820	0.021710591251171026
9891	0.10294313998806184
9894	0.01890357763941322
9942	0.06841130770495464
9987	0.06315870614835872
9998	0.015528622485859353
10026	0.033057118596580615
10068	0.059612184696116385
10087	0.06051163354790719
10128	0.03083950502729804
10171	0.02734794240065345
10297	0.44937575172782807
10329	0.08787868269876756
10366	0.07939893317190325
10452	0.029545037761613012
10476	0.032747482486930116
10699	0.035277904277652226
10722	0.026761940617475066
10729	0.03774260831437883
10736	0.04051874768847193
10773	0.02257268673197904
10776	0.04903886054009935
10873	0.10261147034220344
10976	0.023133858812882428
11049	0.046541731323217095
11103	0.05215055560422505
11126	0.15439260571838243
11209	0.07752495002933325
11305	0.014698498547883914
11306	0.02714958756615734
11315	0.21458298637677195
11344	0.0426650788972892
11350	0.035277904277652226
11453	0.08928829922418269
11454	0.0845852020944666
11541	0.08892731686849624
11592	0.010104454630574963
11605	0.03686678167903677
11644	0.06413997734089362
11663	0.02257268673197904
11718	0.04023973753126109
11751	0.034552309586548535
11777	0.032747482486930116
11795	0.06519090262995147
11802	0.035277904277652226
11833	0.0720751900309778
11889	0.12044192938488893
11943	0.046541731323217095
12055	0.09474949408474036
12183	0.0626067517525558
12188	0.016101766970163068
12193	0.04818185395187297
12196	0.019864120206730153
12202	0.04201393867843986
12437	0.0660968356124664
12472	0.08004311562070776
12516	0.020783577243534204
12537	0.01622602033862889
12690	0.06740002597567916
12739	0.04661242872782607
12766	0.04041781852229985
12834	0.07686300801893624
12835	0.027051560429402134
