40
t_index	tf-idf
980	0.24574316059016416
983	0.07745132294402418
991	0.13851694466790057
1507	0.1297636450464073
2012	0.17378015050970816
2057	0.05877969249924423
2087	0.11007560932118703
2689	0.12713293961804395
2778	0.12713293961804395
2818	0.2335941076812487
2909	0.05308726313857928
2918	0.09422533751167522
3390	0.13140532751467815
3900	0.1363636748667054
4200	0.09593579263344906
4921	0.1222246622301025
5594	0.11992706350291973
6353	0.1222246622301025
6428	0.25634003757187995
6827	0.1078680768016691
7343	0.4558647733526707
8112	0.09564695901113052
8386	0.08241410374314175
8805	0.13027506925839133
8877	0.03719419799110999
9000	0.11560376069286431
9328	0.226779599096803
9495	0.0545570336456021
9998	0.03330021911769068
10541	0.11729211334605331
10920	0.113165516994749
11057	0.1474398205972035
11537	0.10574657425063808
11592	0.04333681929215755
11623	0.06749046293508722
11650	0.17753646809583778
11786	0.23735042526737826
11943	0.1996120200090045
12420	0.26170516309520986
12868	0.11602096587702453
