34
t_index	tf-idf
612	0.10253345075177817
654	0.5439690877788325
902	0.10944997427863634
1157	0.08312879551968146
1206	0.11006527767550306
1796	0.25233450607588936
2002	0.14496125390808728
2069	0.07417010728476739
2491	0.23268446826236247
3241	0.10635140499208132
3621	0.14675638343865544
3857	0.18127147679673236
3939	0.10755801394818579
5086	0.11362378987495184
6174	0.17120865933629442
7543	0.25360500328732405
7584	0.09569636481010206
7769	0.07980160010337815
8311	0.17120865933629442
8751	0.27373063820820004
8917	0.09865434450803577
9426	0.09506285309241447
9840	0.14323025003198972
9845	0.09443751594779093
10137	0.10180467075828593
10205	0.16039446316136932
10750	0.12865481461012174
10896	0.17767998538111107
11127	0.11746444870985873
11381	0.15577545008301236
11567	0.0777773308726727
11673	0.13686531910410002
11777	0.1250183876731584
12188	0.06147089157470719
