373
t_index	tf-idf
117	0.021152740578908293
180	0.026832115578349965
299	0.030409940889574945
304	0.023366149390206696
342	0.028943029534432285
356	0.0757624841811486
371	0.025330893990710875
433	0.014753658966957921
467	0.033512879907339775
566	0.03701533476268417
596	0.017460826200878066
604	0.016211380444085238
618	0.023921247911674916
639	0.01778926924598111
738	0.026727481802123126
748	0.048427704847802525
758	0.01552509851659764
790	0.018562817493661392
838	0.03778217543404623
841	0.0205637652186429
850	0.03108080741306008
875	0.02065898215628655
918	0.014394013068882964
1023	0.013800900816783923
1032	0.04448332302689227
1088	0.050731290122743106
1148	0.04755768352704329
1156	0.028679211232976468
1213	0.03567126147796391
1273	0.015082102012060963
1301	0.008493967503441639
1314	0.045154409978517523
1358	0.06536478176493249
1446	0.06345822173672488
1475	0.03612406445153061
1492	0.038629878467740804
1497	0.015678355289898787
1511	0.010606993478784731
1520	0.04189214422312915
1587	0.049347468015451645
1596	0.04448332302689227
1713	0.06081988177914989
1859	0.034000649690066345
1989	0.0251615037904524
2071	0.02979073256812685
2076	0.07839177644949392
2102	0.04335905557827183
2120	0.023501375049415987
2146	0.08991327163041313
2153	0.038629878467740804
2257	0.045154409978517523
2261	0.04784249582334983
2264	0.0411275304372858
2271	0.03851236120224753
2298	0.030409940889574945
2317	0.02642974487075811
2440	0.01714526664504145
2493	0.03361607799131228
2506	0.02313677300163172
2537	0.018711816887555834
2619	0.06018876266747664
2635	0.06285476000553872
2657	0.06216161482612016
2664	0.01886362775604085
2668	0.02842376954584076
2685	0.04966612149069871
2689	0.018787364271986004
2738	0.03507500820012608
2750	0.040651888344351676
2765	0.034519909678657874
2796	0.025680763779043922
2801	0.012519906940453199
2813	0.0431820392066489
2873	0.07015001640025216
2878	0.026235862300512138
2882	0.04189214422312915
2930	0.045154409978517523
2945	0.03220529528982065
2955	0.0409393239098677
3061	0.02436424441621159
3106	0.050731290122743106
3153	0.03631526407890357
3167	0.01337190523396739
3171	0.03778217543404623
3193	0.013210484127760417
3196	0.04189214422312915
3207	0.02105153500136947
3212	0.01894062104528715
3238	0.0326447157816769
3241	0.017656278824271322
3267	0.09028314400121497
3294	0.31095791420121616
3305	0.019584623646226814
3318	0.014482428654542434
3359	0.017992969678736016
3439	0.0205637652186429
3445	0.04335905557827183
3546	0.028176188863070224
3659	0.023921247911674916
3671	0.025330893990710875
3692	0.018131692724363206
3785	0.029498128055900494
3809	0.014134450645509826
3847	0.024833060745349356
3869	0.021359052840067144
3871	0.014263185189136931
3886	0.023233158968496908
3900	0.07053010134977997
3929	0.023921247911674916
3980	0.027935999763114186
3981	0.01102980900635938
4011	0.01672329608042995
4016	0.04335905557827183
4087	0.021570794989960996
4130	0.0100244818564269
4222	0.021359052840067144
4248	0.0223591196188886
4288	0.04448332302689227
4289	0.029498128055900494
4365	0.022478317907603282
4415	0.021255235434124373
4426	0.013679300456898181
4428	0.026235862300512138
4457	0.007280908509133356
4532	0.02604654209915944
4583	0.045154409978517523
4620	0.04517836832945005
4654	0.039577529834291934
4666	0.029215792514216483
4744	0.021788260588310827
4783	0.02167879308569786
4805	0.07134252295592781
4878	0.017924494905190397
4881	0.03778217543404623
4920	0.030068705377918253
4973	0.21756565189142058
4979	0.022478317907603282
4981	0.038629878467740804
4987	0.12753141260474626
4992	0.08461096231563317
5009	0.03567126147796391
5314	0.013402515613832187
5362	0.03055196916461388
5425	0.023366149390206696
5469	0.11504421263978265
5515	0.03819494727104115
5548	0.010579580377895114
5556	0.017460826200878066
5612	0.021570794989960996
5653	0.03567126147796391
5682	0.029215792514216483
5725	0.016606689150584966
5728	0.027041107518910003
5764	0.0251615037904524
5781	0.028679211232976468
5786	0.028679211232976468
5856	0.038629878467740804
5935	0.03261798766313559
5946	0.017722499258399645
6010	0.030738383934677985
6102	0.023778841763521644
6125	0.09661588586946196
6168	0.050346718423989044
6178	0.06903981935731575
6187	0.025861574474233
6318	0.050731290122743106
6323	0.02167879308569786
6348	0.007483211991224503
6391	0.015626944652819
6476	0.030738383934677985
6489	0.028176188863070224
6523	0.02604654209915944
6554	0.006179353114604415
6556	0.07712262745221529
6580	0.016901437763377693
6598	0.034000649690066345
6601	0.043581010471778245
6603	0.02072714891226538
6612	0.013286747611815263
6620	0.017460826200878066
6693	0.029498128055900494
6702	0.025330893990710875
6708	0.018399599092198148
6720	0.039577529834291934
6780	0.03220529528982065
6798	0.012313594679294347
6824	0.02105153500136947
6827	0.015940454600358277
6904	0.038629878467740804
6909	0.010497897063842323
6958	0.05487852020701826
6959	0.011087901224994959
6963	0.050731290122743106
6985	0.013248525509871307
7001	0.027807778741010373
7043	0.03507500820012608
7056	0.02046966195493385
7111	0.03261798766313559
7121	0.050731290122743106
7133	0.011294592082362512
7147	0.039577529834291934
7195	0.0223591196188886
7206	0.013441478098341099
7272	0.03261798766313559
7338	0.08130377668870335
7340	0.027931894739885017
7341	0.034000649690066345
7372	0.03567126147796391
7374	0.02662841514559506
7421	0.06707735885666581
7456	0.039577529834291934
7474	0.07134252295592781
7481	0.013363740901061563
7493	0.03778217543404623
7501	0.011205359330437427
7565	0.02662841514559506
7584	0.015887347230458832
7700	0.015325194138325851
7726	0.009577381430695552
7762	0.04335905557827183
7786	0.07725975693548161
7807	0.11873258950287581
7811	0.04837375118258246
7832	0.012245983043369865
7862	0.013719630051754564
7925	0.045154409978517523
7932	0.023233158968496908
7955	0.026832115578349965
7958	0.02725567322992345
7960	0.050731290122743106
7979	0.038629878467740804
8035	0.017207396199545495
8060	0.011661761676444442
8089	0.004746830957060241
8098	0.024673734007725823
8103	0.03326370367498488
8110	0.028679211232976468
8388	0.05586378947977003
8392	0.026235862300512138
8442	0.03009438133373832
8500	0.029498128055900494
8527	0.03778217543404623
8597	0.04189214422312915
8653	0.03479343280179638
8712	0.040651888344351676
8724	0.01255481258013762
8731	0.1363328807356022
8777	0.024627189358588694
8778	0.019754013846485285
8783	0.039577529834291934
8844	0.023921247911674916
8877	0.005496458656291272
8879	0.025679294372167826
8922	0.023501375049415987
8992	0.03108080741306008
9026	0.015178459299409267
9036	0.01733311340305559
9139	0.22822029891080023
9307	0.048967073672515356
9443	0.028950582090443277
9458	0.020951586668512902
9476	0.13214872435379055
9489	0.051361527558087844
9495	0.008062291863763744
9503	0.23039249035919537
9554	0.028943029534432285
9557	0.04335905557827183
9618	0.04335905557827183
9636	0.0644105905796413
9652	0.013599242708529819
9699	0.09915899497054564
9704	0.01992704712460891
9718	0.03009438133373832
9722	0.0251615037904524
9728	0.02499560642173465
9736	0.029498128055900494
9777	0.10355972903597363
9789	0.03778217543404623
9790	0.039577529834291934
9826	0.04677251645265599
9891	0.01957359453233017
9968	0.040651888344351676
9998	0.019684067678466945
10048	0.04746902436735474
10102	0.17004188347299498
10116	0.04426097690087377
10166	0.3271260914628938
10167	0.18928135819500042
10168	0.040651888344351676
10224	0.016378425973679386
10228	0.011916193544020905
10379	0.031812742444737724
10396	0.029498128055900494
10452	0.028088447159046327
10501	0.039577529834291934
10503	0.023501375049415987
10661	0.024673734007725823
10696	0.017460826200878066
10745	0.040651888344351676
10746	0.02363891236999089
10773	0.014306558541226573
10823	0.04189214422312915
10873	0.015008100701008583
10948	0.008686305044911344
11008	0.031812742444737724
11009	0.11873258950287581
11046	0.019501247383755842
11055	0.0255039272688345
11057	0.043576521176621655
11058	0.050731290122743106
11115	0.028176188863070224
11132	0.05900661892331616
11175	0.011205359330437427
11201	0.0595814651362537
11210	0.03009438133373832
11211	0.03778217543404623
11246	0.04189214422312915
11305	0.01863180333296536
11308	0.034000649690066345
11316	0.015575860434682709
11359	0.04189214422312915
11364	0.026235862300512138
11437	0.08666556701527794
11514	0.015082102012060963
11516	0.012625081475070472
11519	0.0328697750399379
11535	0.01678223947466301
11544	0.009505221867835378
11581	0.12432322965224032
11582	0.03631526407890357
11590	0.040651888344351676
11592	0.012808397459810444
11623	0.009973559298289763
11636	0.01102980900635938
11643	0.05209308419831888
11663	0.014306558541226573
11675	0.050731290122743106
11699	0.019256180601123767
11775	0.019546064201140318
11791	0.029215792514216483
11833	0.015227074174373346
11857	0.014394013068882964
11876	0.025150566672795725
11909	0.030409940889574945
12018	0.050731290122743106
12188	0.010205292551615973
12214	0.034000649690066345
12262	0.016664781369220547
12306	0.050731290122743106
12323	0.01992704712460891
12329	0.016491748091096926
12330	0.02642974487075811
12377	0.11551165544375441
12380	0.03009438133373832
12423	0.03261798766313559
12480	0.02167879308569786
12516	0.026345243529161174
12537	0.020568088559600076
12566	0.05096380502064983
12567	0.022599308718844635
12581	0.011916193544020905
12647	0.0255039272688345
12659	0.01632235789083845
12664	0.02842376954584076
12666	0.06312869078336623
12699	0.01643488751996895
12719	0.014799766470376946
12766	0.01921259618971567
12786	0.028943029534432285
12829	0.005126801470328561
12839	0.030356918598818533
12850	0.03985409424921782
12890	0.045154409978517523
