322
t_index	tf-idf
16	0.014786803554293982
44	0.015326142346996075
82	0.02279809429229172
91	0.014614229294375773
166	0.027487735526733694
176	0.02489933257434521
180	0.028919236197074535
184	0.020167304760876106
227	0.03210798750124199
304	0.02518367183006412
356	0.02041390631791634
534	0.02869969104376435
543	0.02848556731630161
550	0.046731714683051984
583	0.04265604514234269
587	0.18060280190028666
634	0.04314366636879915
639	0.019172997283634908
647	0.1453736814951972
669	0.03562400671494222
705	0.03562400671494222
706	0.054602485909944175
716	0.02435718289981606
738	0.014403231771487132
790	0.2400805864218297
811	0.045150700475071665
830	0.045150700475071665
831	0.027678327162793098
858	0.0182161063417472
866	0.02869969104376435
872	0.007187855217743815
902	0.029376142897631193
908	0.026424580864345553
918	0.01551364306505429
976	0.036645370595913475
991	0.04412376558385453
1027	0.03989455120637471
1032	0.023971716313033454
1048	0.3406670378214033
1049	0.07469799772303563
1052	0.027678327162793098
1105	0.12616875607589098
1157	0.014874395918859425
1164	0.031488326067180175
1170	0.02302045443357031
1203	0.05513652797189897
1206	0.019694192690149367
1218	0.03611965992225168
1284	0.045150700475071665
1301	0.009154665861699817
1368	0.032775360584473646
1387	0.025938197107796376
1420	0.045701672185312764
1483	0.05116137502150087
1488	0.03368495504082606
1511	0.022864104685156417
1515	0.030634696049484267
1555	0.02058229161569303
1605	0.06558758270126124
1638	0.025329415939102384
1645	0.025628465241369188
1737	0.04987290706306885
1824	0.040721040136622776
1862	0.03844592995720397
1944	0.04830531444371924
1989	0.027118676835784034
2057	0.02808589280335966
2075	0.026764686038044435
2106	0.032435255410774765
2120	0.025329415939102384
2277	0.017531971968601838
2379	0.03515515900149863
2416	0.05116137502150087
2436	0.02489933257434521
2464	0.015279893862113664
2506	0.037404680297301644
2508	0.031194346376493327
2525	0.046731714683051984
2537	0.020167304760876106
2577	0.057457234461577196
2615	0.024540775364530035
2716	0.019318741392673176
2737	0.023971716313033454
2822	0.018888658027916
2909	0.016910638332595963
3062	0.046731714683051984
3066	0.046731714683051984
3167	0.007206015581157178
3193	0.028476108017115285
3276	0.029375740036034406
3362	0.03989455120637471
3365	0.013607116148510767
3370	0.030634696049484267
3392	0.036645370595913475
3433	0.01505228052286573
3711	0.03515515900149863
3723	0.03562400671494222
3783	0.039140025928642456
3878	0.03210798750124199
3879	0.030634696049484267
3889	0.046497333648688396
3939	0.03849112629889456
3981	0.011887756331852461
4098	0.026424580864345553
4130	0.032412691169966076
4136	0.019927522561367164
4182	0.04720531524416761
4219	0.013760599276679861
4241	0.03562400671494222
4259	0.046731714683051984
4262	0.05497547105346739
4269	0.03428727824869648
4423	0.041634681261371445
4457	0.007847249773879572
4564	0.014035910347970014
4587	0.028437924035490243
4598	0.030194655485851225
4620	0.012173135406549837
4638	0.05387975047204303
4640	0.013271400532162277
4644	0.024026866928824716
4686	0.03720502092292254
4742	0.03720502092292254
4746	0.040721040136622776
4950	0.03471036559019356
4990	0.05889946954875599
5091	0.13547052470579157
5214	0.05116137502150087
5304	0.026764686038044435
5314	0.04333506765871204
5369	0.010831802973983819
5393	0.041634681261371445
5411	0.025781948369538288
5450	0.01924556314944728
5463	0.05116137502150087
5476	0.0334984100731629
5484	0.010640611000746663
5534	0.061820014241548836
5538	0.023846943363818367
5548	0.03420752078838859
5617	0.041634681261371445
5656	0.02101814065244488
5727	0.02869969104376435
5769	0.022805013858925725
5792	0.020929200689592305
5946	0.019101033631119105
6006	0.23971716313033456
6047	0.3406670378214033
6141	0.067767753319891
6155	0.02041390631791634
6312	0.02869969104376435
6342	0.061269392098968534
6348	0.024195867946575442
6379	0.025938197107796376
6488	0.06471549955319872
6553	0.045150700475071665
6559	0.03001493221203134
6580	0.0182161063417472
6603	0.03350909733536187
6614	0.014918526143163094
6660	0.021108002289354826
6732	0.022163305823673346
6744	0.020929200689592305
6796	0.030108985375822468
6947	0.018958873556172165
7001	0.029970790755542796
7089	0.039140025928642456
7119	0.022908561650645316
7206	0.043461047135326315
7232	0.05116137502150087
7296	0.04785287328186456
7303	0.3893337575101752
7321	0.035796861756563346
7324	0.0867577085912236
7327	0.03519953637622759
7351	0.05116137502150087
7356	0.027118676835784034
7415	0.10935478847040223
7501	0.01207696173653484
7544	0.03720502092292254
7547	0.027487735526733694
7555	0.03471036559019356
7565	0.02869969104376435
7566	0.058288968910138836
7577	0.07978910241274942
7650	0.02518367183006412
7754	0.015561158637970363
7755	0.02422678088817641
7803	0.0224748927698724
7805	0.02489933257434521
7863	0.0486667196887719
7903	0.03515515900149863
7929	0.02279809429229172
7930	0.03989455120637471
7932	0.025040336825183734
8021	0.019694192690149367
8049	0.026939875236021513
8089	0.005116060462469584
8103	0.011950367220175034
8105	0.01630702533249643
8156	0.022163305823673346
8167	0.014874395918859425
8285	0.0338838766599455
8314	0.039140025928642456
8388	0.01505228052286573
8497	0.027873202113516293
8505	0.007079684538260683
8506	0.0486667196887719
8632	0.04381397200882592
8651	0.01273923539570861
8761	0.016000938131610142
8775	0.019694192690149367
8828	0.0486667196887719
8865	0.01854586357822703
8877	0.011847995038974636
8901	0.037803297462396704
8940	0.03515515900149863
8957	0.04265604514234269
9026	0.016359106992721598
9048	0.026939875236021513
9065	0.029375740036034406
9080	0.046731714683051984
9109	0.014116203239778136
9134	0.05116137502150087
9154	0.06555072116894729
9170	0.041634681261371445
9376	0.018958873556172165
9389	0.024489575858625635
9409	0.041634681261371445
9421	0.020330924150118137
9443	0.010400828801237723
9502	0.02422678088817641
9514	0.01954205597458456
9533	0.03844592995720397
9580	0.013308066846243962
9589	0.037803297462396704
9606	0.028919236197074535
9616	0.046731714683051984
9670	0.025477651520750967
9702	0.04265604514234269
9791	0.04265604514234269
9814	0.045150700475071665
9820	0.029660978279373227
9826	0.012602672410196632
9882	0.045150700475071665
9891	0.014064076854800928
9911	0.0867577085912236
9976	0.031194346376493327
10038	0.025938197107796376
10112	0.046731714683051984
10120	0.022061882791927265
10127	0.05116137502150087
10128	0.010533221760047298
10135	0.018024108010841568
10171	0.01868135962182926
10207	0.0973334393775438
10212	0.032775360584473646
10217	0.013271400532162277
10228	0.02568617555804273
10275	0.05467739423520111
10329	0.01500746610601567
10375	0.015188130356491083
10492	0.041634681261371445
10619	0.029144484455069418
10620	0.02985761791024758
10622	0.05116137502150087
10636	0.04185840137918461
10687	0.026592966162122242
10695	0.021290568408542872
10696	0.07527602594358121
10699	0.04819662165878653
10705	0.03036785744624527
10738	0.024760584488567033
10784	0.03720502092292254
10873	0.0215673295321346
10876	0.020330924150118137
10948	0.009361964267786552
10985	0.027301242954972087
11016	0.01575386813223068
11026	0.045150700475071665
11049	0.031792622915967496
11086	0.02869969104376435
11175	0.01207696173653484
11199	0.02489933257434521
11291	0.036645370595913475
11305	0.010040533699068842
11344	0.029144484455069418
11350	0.04819662165878653
11400	0.023483047858707785
11454	0.04333506765871204
11592	0.013804691261286148
11623	0.010749346850067029
11626	0.045150700475071665
11695	0.07689185991440795
11701	0.0338838766599455
11702	0.058400930922965257
11713	0.027487735526733694
11720	0.025477651520750967
11775	0.010533221760047298
11889	0.032909517848513724
12055	0.009246187242753827
12196	0.013569166108244568
12303	0.045150700475071665
12304	0.03515515900149863
12313	0.028276603702267266
12354	0.02985761791024758
12370	0.030634696049484267
12387	0.01689788710421611
12458	0.03720502092292254
12489	0.04449146741905985
12516	0.014197246543317726
12591	0.019029662278754522
12625	0.0486667196887719
12699	0.017713265757017958
12718	0.020167304760876106
12766	0.013804691261286148
12768	0.02066772649751141
12829	0.011051173525472574
12834	0.1181363963367758
12835	0.09239450656098214
12882	0.045150700475071665
12887	0.046731714683051984
