334
t_index	tf-idf
16	0.015205581520920605
44	0.015760194960513178
82	0.023443760513232048
91	0.015028119774846565
166	0.028266217363513976
176	0.025604508093013435
180	0.029738259651774387
184	0.020738464230810813
227	0.03301731977639341
304	0.025896900138160758
356	0.020992049805610195
534	0.029512496746767675
543	0.02929230880814097
550	0.04805520642892435
587	0.1857176648839712
634	0.04436554077920859
635	0.03569339997415323
639	0.0197159969107752
647	0.13288072747388827
669	0.03663291638500033
705	0.03663291638500033
706	0.08422332937271011
716	0.0250470041644379
738	0.014811146578224644
790	0.18515994253035123
811	0.0464294162209928
830	0.0464294162209928
831	0.028462206756939393
858	0.018732005802076204
866	0.029512496746767675
872	0.007391422904393661
902	0.03020810643490499
908	0.02717295303299575
918	0.015953005897859904
991	0.04537339744399719
1027	0.041024407227815925
1032	0.024650620754907055
1048	0.35031508980719805
1049	0.0768135242790403
1052	0.028462206756939393
1105	0.1112074192482834
1157	0.015295654594192977
1164	0.032380108873009135
1170	0.023672418129653358
1203	0.045358442358626926
1206	0.020251953124231732
1218	0.03714260701706808
1284	0.0464294162209928
1301	0.00941393571272827
1368	0.03370359357347785
1387	0.02667279437236944
1420	0.04699599203469252
1483	0.05261031944837836
1488	0.034638948709985885
1511	0.023511640390464925
1515	0.03150230314744306
1605	0.08992679018263705
1638	0.026046771875013027
1645	0.026354290570835007
1694	0.028074443124236705
1737	0.05128536071019705
1824	0.041874303201538794
1862	0.03953475948776686
1879	0.019210435548720747
1944	0.04967337220452759
1989	0.02788670653883614
2057	0.02888131508890621
2075	0.027522690346092296
2106	0.0333538562603813
2120	0.026046771875013027
2277	0.018028496017562644
2416	0.05261031944837836
2436	0.025604508093013435
2464	0.015712636669465593
2506	0.03846402053264779
2508	0.03207780336554631
2525	0.04805520642892435
2537	0.020738464230810813
2577	0.082718278031484
2615	0.012617898081279355
2645	0.047344836259306716
2716	0.01986586864762747
2737	0.024650620754907055
2822	0.01942360486562788
2909	0.017389565553700914
3062	0.04805520642892435
3167	0.007410097588568473
3193	0.01464129080578231
3215	0.028462206756939393
3276	0.030207692163840314
3365	0.013992484116063896
3370	0.03150230314744306
3392	0.037683206374828616
3433	0.015478577078934387
3711	0.03615079040682748
3783	0.04024851299360725
3878	0.03301731977639341
3879	0.03150230314744306
3889	0.02390709373748538
3939	0.03958123583781102
3981	0.012224430205020969
4098	0.02717295303299575
4121	0.03370359357347785
4130	0.02222043531755365
4136	0.02049189114498388
4182	0.024271109930229223
4200	0.015712636669465593
4219	0.014150314049280488
4241	0.03663291638500033
4259	0.04805520642892435
4262	0.05653243472702795
4269	0.03525833035021579
4344	0.020411192327847844
4423	0.04281381961238589
4472	0.013992484116063896
4564	0.014433422222236416
4587	0.02924331621906373
4598	0.031049800168130057
4620	0.01251789151792356
4638	0.055405682176091396
4640	0.013647260677239575
4644	0.024707333294656693
4681	0.05622591605698528
4686	0.03825870659293187
4742	0.03825870659293187
4746	0.041874303201538794
4950	0.03569339997415323
4990	0.06056756502337613
5091	0.1238286166314751
5304	0.027522690346092296
5314	0.02970824183782916
5345	0.0250470041644379
5369	0.011138571127607386
5393	0.04281381961238589
5411	0.053024241008103205
5463	0.05261031944837836
5476	0.03444712059089953
5484	0.021883928789636676
5534	0.06357082264079797
5538	0.024522314103376217
5548	0.035176314074003005
5617	0.04281381961238589
5656	0.02161339669763304
5727	0.029512496746767675
5769	0.023450876049335337
5792	0.021521937860660145
6006	0.2958074490588846
6047	0.35031508980719805
6141	0.06968700800086074
6155	0.020992049805610195
6312	0.029512496746767675
6342	0.06300460629488612
6348	0.024881120600553572
6379	0.02667279437236944
6488	0.08873108155841718
6553	0.0464294162209928
6559	0.03086498694049498
6569	0.02717295303299575
6580	0.018732005802076204
6603	0.022972073685136
6614	0.030682069266549174
6660	0.021705803311450587
6744	0.021521937860660145
6769	0.027346107181075604
6796	0.03096170378968252
6947	0.019495808972148497
6986	0.022380937621222095
7001	0.030819595351121092
7063	0.037683206374828616
7089	0.04024851299360725
7206	0.044691910105809925
7232	0.05261031944837836
7296	0.016402705809631105
7303	0.30027007697759833
7321	0.036810666864813046
7324	0.059476519303548775
7327	0.03619642459589666
7351	0.05261031944837836
7356	0.02788670653883614
7501	0.01241899410752586
7544	0.03825870659293187
7547	0.028266217363513976
7555	0.03569339997415323
7565	0.029512496746767675
7566	0.05993977435888385
7577	0.08204881445563185
7650	0.025896900138160758
7754	0.016001867162218738
7755	0.02491290902946176
7803	0.023111405580755418
7805	0.025604508093013435
7863	0.05004501282959972
7903	0.03615079040682748
7929	0.023443760513232048
7930	0.041024407227815925
7932	0.025749505733852377
7939	0.028462206756939393
8004	0.05622591605698528
8021	0.020251953124231732
8039	0.04024851299360725
8049	0.027702841088045698
8089	0.005260952723311836
8098	0.027346107181075604
8103	0.012288814300135942
8105	0.01676885759295739
8156	0.02279099416162159
8167	0.015295654594192977
8178	0.05261031944837836
8285	0.06968700800086074
8314	0.04024851299360725
8388	0.015478577078934387
8497	0.02866260077304482
8505	0.007280188716489913
8506	0.05004501282959972
8632	0.04505483018620826
8651	0.013100024059452207
8761	0.016454101677759254
8775	0.020251953124231732
8828	0.05004501282959972
8865	0.019071102113391677
8877	0.012183542830138961
8901	0.03887392695882271
8940	0.03615079040682748
8957	0.043864109602214166
9026	0.016822414261062898
9048	0.027702841088045698
9065	0.030207692163840314
9080	0.04805520642892435
9109	0.014515989093937658
9134	0.05261031944837836
9154	0.0674071871469557
9170	0.04281381961238589
9376	0.019495808972148497
9389	0.025183146632320373
9409	0.04281381961238589
9421	0.0209067174947693
9443	0.010695391308991409
9502	0.02491290902946176
9514	0.020095507735453037
9580	0.013684965420241916
9606	0.029738259651774387
9616	0.04805520642892435
9670	0.026199205645623575
9702	0.043864109602214166
9791	0.043864109602214166
9814	0.0464294162209928
9820	0.030501008656890847
9826	0.025919186930572786
9882	0.0464294162209928
9891	0.014462386434427677
9911	0.08921477895532316
9976	0.03207780336554631
10026	0.023220819940400938
10038	0.02667279437236944
10112	0.04805520642892435
10120	0.022686698721998595
10127	0.05261031944837836
10128	0.010831533776873882
10135	0.0185345698747139
10171	0.019210435548720747
10207	0.10009002565919944
10212	0.03370359357347785
10217	0.013647260677239575
10228	0.026413635304911955
10329	0.03086498694049498
10355	0.03569339997415323
10375	0.015618274323995433
10472	0.05622591605698528
10492	0.04281381961238589
10619	0.029969887179441924
10620	0.030703217330761774
10622	0.05261031944837836
10636	0.04304387572132029
10695	0.02189353989685115
10696	0.07740792287212545
10699	0.049561601124593936
10705	0.031227907391823455
10738	0.02546183051422331
10784	0.03825870659293187
10873	0.027722673986410564
10876	0.0209067174947693
10905	0.11245183211397056
10948	0.009627105029635402
10985	0.028074443124236705
11016	0.01620003439383654
11026	0.0464294162209928
11032	0.022583609037016655
11049	0.032693023731437156
11086	0.029512496746767675
11175	0.01241899410752586
11199	0.025604508093013435
11291	0.037683206374828616
11305	0.020649784534454967
11344	0.029969887179441924
11350	0.024780800562296968
11363	0.05622591605698528
11454	0.04456236275674374
11592	0.014195654765675912
11623	0.0110537797587688
11626	0.0464294162209928
11695	0.07906951897553371
11701	0.03484350400043037
11702	0.06005490725471406
11713	0.028266217363513976
11720	0.026199205645623575
11744	0.026512120504051603
11775	0.010831533776873882
11795	0.022896523895444682
11889	0.03384155031358702
12055	0.019016098152810326
12196	0.013953459290389363
12303	0.0464294162209928
12304	0.03615079040682748
12313	0.02907742712283024
12354	0.030703217330761774
12370	0.03150230314744306
12387	0.01737645319700328
12458	0.03825870659293187
12489	0.04575151298533627
12516	0.0291986552596537
12564	0.03240006878767308
12566	0.00941393571272827
12591	0.019568602506466817
12625	0.05004501282959972
12699	0.018214924238433766
12718	0.020738464230810813
12766	0.007097827382837956
12768	0.021253058442014704
12824	0.05622591605698528
12829	0.011364154485883824
12834	0.13498016048122322
12835	0.09501121702467408
12882	0.0464294162209928
12887	0.04805520642892435
