136
t_index	tf-idf
76	0.07249768465736153
1203	0.05695627327186072
1292	0.08854726900270135
1301	0.04728404831705172
1476	0.076476752414472
1497	0.0436389772364386
1511	0.029523399515379124
1654	0.10292608751269791
1737	0.03219933123321164
1927	0.0976274268640509
2025	0.07842532215080668
2184	0.09928703227148039
2281	0.07586316814817612
2325	0.13212480744951377
2468	0.06618579023373411
2534	0.07842532215080668
2577	0.11870714634432042
2712	0.06430279719073619
2833	0.1819356795251627
3027	0.14120496531086335
3115	0.08699176276721007
3146	0.08055973880247576
3181	0.04224757173846433
3215	0.07147958094112622
3318	0.040310247006017645
3432	0.047894894404781244
3474	0.059743315703852926
3853	0.09327941460454951
3886	0.06466694220215884
4011	0.04654745497713598
4130	0.055804084988627566
4135	0.07098737596803364
4136	0.051463043756348956
4141	0.08854726900270135
4148	0.09476011473669034
4158	0.07526594809508366
4225	0.0746842420189001
4241	0.09199938480570274
4254	0.08291922694435318
4430	0.03635132977066094
4457	0.04053121578324863
4532	0.07249768465736153
4617	0.054511645493360066
4737	0.057502004220239857
4739	0.07526594809508366
4828	0.05570949382466797
4985	0.046876790688545916
4990	0.02535142012158397
5248	0.053597460408018056
5252	0.05646021522969474
5347	0.07842532215080668
5484	0.02747949364199062
5536	0.09463706813717111
5583	0.058876326473223405
5683	0.08131894455114347
5699	0.07775678221331876
5882	0.04860028893467228
5970	0.0610794516515643
5979	0.13212480744951377
6006	0.06190721810668408
6119	0.13212480744951377
6144	0.06824176748901892
6246	0.05293550803485841
6338	0.14120496531086335
6544	0.050273679768681974
6545	0.07775678221331876
6726	0.04321240386711793
6744	0.054049888417238484
6763	0.056207168189599276
6827	0.04436850183460848
6959	0.03086195332422259
7206	0.037412875643627656
7274	0.14120496531086335
7311	0.09608237119370651
7340	0.03887267816636876
7591	0.03281052306055727
7743	0.03484778370399424
7751	0.3753955508771975
7811	0.022440502502388528
7821	0.15210852072950382
8010	0.12860559438147237
8037	0.08844897710090152
8504	0.09684369271778061
8592	0.08464272519047955
8604	0.076476752414472
8695	0.14120496531086335
8777	0.0342735362206431
8804	0.10516252905505608
8805	0.026792494224321076
8844	0.06658216208158943
8877	0.03059757605282195
8895	0.08210479447282015
8956	0.076476752414472
9068	0.07940001387631176
9154	0.08464272519047955
9234	0.14120496531086335
9260	0.03645524840155428
9480	0.07098737596803364
9537	0.14120496531086335
9563	0.08055973880247576
9891	0.009080157861349558
9998	0.02739421850883063
10016	0.09928703227148039
10095	0.1256823329196326
10125	0.08963989666382532
10131	0.03910595553378075
10171	0.04824481441110617
10211	0.03763135956950772
10329	0.038756944447429664
10375	0.039223511839276394
10396	0.08210479447282015
10853	0.047721963624442386
10867	0.042932469912451955
10873	0.013924465773427432
10914	0.14120496531086335
10948	0.02417737454692513
11103	0.09199938480570274
11200	0.09199938480570274
11328	0.1256823329196326
11404	0.051667560472491575
11454	0.11191328356231135
11535	0.046711517430857274
11577	0.05293550803485841
11592	0.03565076532893995
11889	0.084989187784024
12055	0.02387837912052978
12330	0.0735642874175062
12385	0.07526594809508366
12488	0.029908855240779755
12525	0.15140271631037133
12581	0.033167413877114776
12696	0.12068516144628683
12742	0.04574470147576199
12758	0.08131894455114347
12766	0.017825382664469976
12834	0.13559490153322612
