28
t_index	tf-idf
1203	0.10794574016914239
1561	0.18768350666709976
2577	0.11248919600428899
2833	0.4597487501983345
3285	0.22645570236061435
3318	0.152795089970021
3365	0.1331993760077795
3871	0.15048198863729212
4430	0.13778890270776256
4895	0.11425770927099405
4990	0.09609399113250199
7119	0.2242507584853434
7811	0.08506022298283299
8037	0.06705277400989916
9130	0.2690760613834047
9998	0.10383717274395109
10835	0.2619981662831491
10873	0.10556075234754624
11592	0.0675667144277521
11775	0.10310917835028688
12042	0.3587196907614935
12055	0.09051046215407607
12188	0.10766968930349022
12196	0.13282788497119563
12739	0.10389637626118842
12758	0.3082376410917118
12834	0.1284923606158537
12850	0.21023787037863123
