219
t_index	tf-idf
16	0.022644610962694878
34	0.03333036784654534
40	0.04238677739907027
44	0.023470558037259344
75	0.031009039846460657
190	0.024275634918161745
231	0.03730075461463545
277	0.02587753858780351
338	0.08926412118347327
604	0.02675731065194448
639	0.02936165770259657
764	0.024275634918161745
871	0.05026537442745198
952	0.07834887570018433
953	0.05611896835454105
983	0.0377823586325926
1023	0.022778750502156813
1140	0.08373333130204977
1167	0.04125590712443685
1202	0.05611896835454105
1223	0.04610910382446907
1397	0.04498620695235312
1627	0.04180930809308202
1638	0.03878963886598023
1654	0.030517142815591435
1667	0.06914408805101474
1692	0.059939300401845176
1716	0.09331713313889214
1770	0.08373333130204977
1895	0.0409876212018917
1981	0.03378571650684373
2071	0.09834077839622858
2116	0.047335793941808764
2199	0.02799574232751496
2241	0.04021382749563023
2271	0.09534850065816639
2430	0.021372855050079034
2464	0.023399732794742875
2563	0.1139520413002106
2594	0.052507769786793085
2650	0.3542969110891413
2813	0.02375769790491663
2891	0.013641544176928127
2986	0.05579253688592601
2997	0.0745285436528802
3077	0.059623720378058805
3090	0.07834887570018433
3115	0.07737805192933676
3146	0.04777123300093572
3167	0.022070681987120387
3212	0.031261994189668955
3433	0.0230511641877235
3557	0.04777123300093572
3593	0.22142589705179702
3600	0.07156526390114032
3611	0.058876357137177676
3671	0.04180930809308202
3683	0.08373333130204977
3711	0.05383684824090621
3719	0.05019240885106128
3809	0.023329283284723036
3817	0.0302778624411498
3883	0.0512996917278524
4023	0.073808632350599
4059	0.0331819897499007
4143	0.039016647838198984
4170	0.06914408805101474
4186	0.0512996917278524
4209	0.0294727855602474
4216	0.0426852102165009
4219	0.12643844875188134
4226	0.045724157987749064
4309	0.055313891473638646
4478	0.042990504156013305
4505	0.035962098301114055
4553	0.04209490407868282
4564	0.021494688028417513
4587	0.014516676395630788
4620	0.01864202188562106
4636	0.15606659135279594
4640	0.020323912526290788
4644	0.036794906502810656
4645	0.039016647838198984
4655	0.06236047625197075
4657	0.06532375600371063
4895	0.017874749939792156
4949	0.014480541131174095
5053	0.04650554226380502
5109	0.03458114594707927
5474	0.0552044818011498
5508	0.03878963886598023
5515	0.04202784469798248
5544	0.01773569420330143
5583	0.06982631155465162
5656	0.06437464547171923
5769	0.017461876224232255
5797	0.10423833991338605
5855	0.032604520443912446
5881	0.0745285436528802
5895	0.05611896835454105
5934	0.021312355166421864
6348	0.012351238601435985
6401	0.2894611269432926
6460	0.11844795027095814
6554	0.010199185164139231
6559	0.02298253508669004
6591	0.05019240885106128
6612	0.04386025417508895
6668	0.035082326236973084
6708	0.04555353479729178
6744	0.06410223895053456
6798	0.020323912526290788
6824	0.03474611330446201
6850	0.11989680464683414
6930	0.07156526390114032
6970	0.05789222538865852
6986	0.03333036784654534
6997	0.058876357137177676
7001	0.015299157216131764
7103	0.03730075461463545
7133	0.01864202188562106
7206	0.022185513833267834
7213	0.03878963886598023
7574	0.02174175936905146
7700	0.0252946368000484
7730	0.05383684824090621
7738	0.03063841947120958
7743	0.04132887270082755
7747	0.25503852979659725
7832	0.02021231773938431
7881	0.10501553957358617
7932	0.03834694115595164
7944	0.10899300786025944
7968	0.04021382749563023
8036	0.029178486502070045
8037	0.06293938024017141
8089	0.015669539181861418
8150	0.08373333130204977
8167	0.06833625150647044
8186	0.059939300401845176
8292	0.035082326236973084
8321	0.05019240885106128
8509	0.03205111947526728
8561	0.06375963244914931
8805	0.03177543778796195
8882	0.035603165600026264
8892	0.03878963886598023
9046	0.06236047625197075
9230	0.07834887570018433
9267	0.04180930809308202
9278	0.04535005715081016
9329	0.05639390755056445
9426	0.026048891952279222
9443	0.015927899564556414
9553	0.02666666387340183
9578	0.049671569488008105
9670	0.039016647838198984
9718	0.049671569488008105
9845	0.07763261576341053
9880	0.08373333130204977
9891	0.043075644814923576
9894	0.019775086426864544
9960	0.08997241390470624
10087	0.03165069612922659
10099	0.026940481852471006
10116	0.024351302937670034
10125	0.10631137720560234
10135	0.0276022409005749
10199	0.08373333130204977
10205	0.04395090095363159
10217	0.020323912526290788
10245	0.054554844799979726
10329	0.02298253508669004
10528	0.07834887570018433
10558	0.04398702960905381
10603	0.07834887570018433
10658	0.0409876212018917
10773	0.04722670380454817
10821	0.07896530018063876
10867	0.025458585814461147
10873	0.01651417715012536
10904	0.09644287097473711
10929	0.0569760206501053
10976	0.024200395614945205
11081	0.049671569488008105
11089	0.18854696528100948
11127	0.032187322735859614
11135	0.04498620695235312
11157	0.049671569488008105
11199	0.03813100629263919
11202	0.03151986057343405
11334	0.059939300401845176
11401	0.024658361738836166
11493	0.04777123300093572
11507	0.05611896835454105
11519	0.05425242994183381
11544	0.015688619190114782
11567	0.04262471033284373
11592	0.01057029877769497
11660	0.021494688028417513
11669	0.04330298213762351
11673	0.03750350208709865
11775	0.032261294074039236
11828	0.11987860080369035
11876	0.03320933848206461
12045	0.05019240885106128
12287	0.05611896835454105
12309	0.07849520997974238
12330	0.08724598085865423
12405	0.03474611330446201
12508	0.055313891473638646
12566	0.02803903442288671
12612	0.044891816960114024
12649	0.028095966965465874
12739	0.032507596330583144
12770	0.07156526390114032
12786	0.14331369900280716
12792	0.04330298213762351
12839	0.025052447081418572
