289
t_index	tf-idf
16	0.017667220745814637
147	0.05583488791911033
320	0.04415705225594795
371	0.03261942881364251
632	0.021611044050716063
729	0.023081964094704564
748	0.031180977494719944
764	0.0189397380926755
808	0.0324012994581967
863	0.0459890619754751
902	0.04679801593156197
932	0.03455260143397933
1022	0.025219766704812904
1042	0.0775070575848192
1105	0.02153514069519592
1119	0.03455260143397933
1122	0.023809333688391256
1157	0.03554375158826287
1240	0.015057628556475584
1301	0.010937962490605796
1404	0.05814682507677836
1454	0.037270895053912456
1497	0.020189535927211736
1511	0.013658975827496212
1655	0.061127430471731886
1681	0.07134755319196086
1694	0.03261942881364251
1709	0.05814682507677836
1747	0.06236195498943989
1782	0.042003260011750664
1906	0.023170141322165255
2057	0.02237128379045558
2069	0.03171324511709561
2086	0.0656844989615557
2120	0.030263496848088364
2129	0.0527189195314739
2167	0.09649553446524012
2198	0.06523885762728503
2199	0.021842148688620763
2269	0.030804181000264674
2294	0.035861735169033924
2315	0.09948994071983565
2431	0.027916497857672404
2440	0.04415705225594795
2480	0.09730671033145306
2493	0.014429511297332267
2506	0.014896993374590176
2531	0.0387535287924096
2541	0.04865335516572653
2615	0.04398184780571089
2731	0.03354099251912075
2763	0.03762214095172129
2801	0.016122297671266713
2813	0.018535646030307808
2822	0.022568102007041863
2891	0.03192920903140431
2909	0.010102385524958462
2917	0.029583859036787914
2918	0.05379260275355088
2922	0.05096529232339457
3048	0.045935061545793396
3061	0.03137464223032334
3167	0.008609722006695195
3203	0.05320650728366879
3242	0.04037907185442347
3268	0.03567377659598043
3285	0.027640194504983073
3305	0.025219766704812904
3349	0.03455260143397933
3432	0.02215853240730668
3621	0.12549856892129335
3659	0.030804181000264674
3809	0.03640279784994768
3822	0.0387535287924096
3845	0.09187012309158679
3857	0.0775070575848192
3944	0.040966319148601986
3974	0.047665869106210686
4011	0.02153514069519592
4090	0.07134755319196086
4098	0.03157199603902581
4130	0.038726569117056846
4138	0.025548707401995382
4142	0.047665869106210686
4172	0.039582832211580495
4186	0.04002378223416164
4210	0.049744970359917824
4260	0.01831162083353218
4298	0.01691429186146677
4304	0.018592417469279705
4344	0.02371557049924213
4457	0.018751732718111976
4467	0.07597142750729692
4587	0.01132584378683643
4598	0.018038233951429106
4620	0.029088838518282003
4640	0.015856622558547806
4701	0.042003260011750664
4727	0.11166977583822066
4754	0.061127430471731886
4817	0.061127430471731886
4895	0.04183739170650287
4903	0.042003260011750664
4942	0.05583488791911033
5021	0.04516724650703226
5024	0.032187667937286155
5086	0.02429131648416636
5128	0.03378478639521819
5139	0.031773182199053375
5195	0.022568102007041863
5216	0.01954580334983101
5252	0.026121270846059298
5269	0.049744970359917824
5278	0.04315564231086745
5329	0.08374949357301721
5362	0.03934277975531316
5414	0.017159238534415387
5448	0.025219766704812904
5484	0.01271336450303649
5515	0.016394965031046548
5531	0.026004198846878348
5544	0.013837306592998833
5673	0.033069967695482184
5690	0.02248488259023906
5842	0.01954580334983101
5864	0.03378478639521819
5868	0.036931167513809454
5910	0.05234877926041606
5913	0.07114671149772639
5936	0.049744970359917824
6168	0.021611044050716063
6176	0.04315564231086745
6213	0.05884138812648636
6298	0.02192034348762902
6327	0.05394589771834808
6554	0.00795735709565228
6556	0.019862670911031746
6559	0.017930867584516962
6580	0.021764539623942272
6587	0.08417238832874913
6612	0.01710978373078256
6624	0.06532835783016216
6665	0.04634028264433051
6668	0.02737106868059553
6708	0.03554065717188742
6742	0.04256343760653402
6744	0.025006135183902368
6798	0.015856622558547806
6910	0.03354099251912075
6947	0.022651995272610102
7072	0.06532835783016216
7165	0.0247968197479071
7179	0.07664612220598616
7296	0.01905814808652342
7327	0.028037521295062956
7455	0.039159885254674696
7501	0.028859022594664534
7543	0.16265254143345084
7551	0.02926005888135777
7610	0.04865335516572653
7726	0.012333110387428056
7738	0.023903953174221663
7789	0.06532835783016216
7792	0.13065671566032433
7811	0.010382079512128196
7994	0.0350980306110562
8005	0.061127430471731886
8036	0.022764920223628145
8037	0.00818416889666553
8060	0.030034471344433468
8089	0.018337953001303735
8104	0.04315564231086745
8108	0.039582832211580495
8303	0.06532835783016216
8370	0.02566071672739405
8450	0.06532835783016216
8563	0.047665869106210686
8604	0.07076380970630045
8621	0.03762214095172129
8645	0.01672242042083787
8653	0.022402326283404116
8672	0.03798571375364846
8724	0.03233449363268444
8746	0.03798571375364846
8751	0.5266810598644398
8805	0.024791049606445296
8877	0.02123391404169594
8880	0.02273657338873808
8882	0.027777425142860624
8888	0.05394589771834808
8896	0.04378375957001077
8912	0.05394589771834808
8917	0.04218208013691625
8929	0.02942069406324318
8937	0.039159885254674696
8944	0.041471822412342735
8970	0.045935061545793396
8988	0.05096529232339457
8990	0.035974109557483654
8991	0.029749634760425664
9008	0.024900948882582537
9051	0.04002378223416164
9067	0.028792576804099863
9070	0.05640074419953285
9124	0.02942069406324318
9215	0.03378478639521819
9306	0.021999132929601786
9339	0.026603253641834395
9389	0.02926005888135777
9416	0.05949926952085133
9426	0.020323225029696988
9452	0.061127430471731886
9495	0.010382079512128196
9713	0.027640194504983073
9820	0.017719416129198744
9845	0.1615162874176939
9891	0.008401854716860552
9998	0.07604347220861606
10034	0.1959850734904865
10119	0.13065671566032433
10120	0.07907837929721086
10121	0.019421720888450598
10128	0.025170112433844278
10131	0.018092337268572633
10179	0.05043953340962581
10211	0.03482023338457157
10320	0.11629365015355672
10357	0.025006135183902368
10705	0.10885022698318983
10739	0.030804181000264674
10750	0.08251427334924234
10853	0.06623557838392193
10873	0.006442142318704496
10890	0.0206651954016497
10896	0.03798571375364846
10941	0.042003260011750664
10948	0.02237128379045558
10965	0.13065671566032433
10999	0.1959850734904865
11132	0.025328257347315027
11184	0.02419310947693954
11186	0.03762214095172129
11209	0.04218208013691625
11210	0.0387535287924096
11279	0.05345467220642961
11305	0.04798557703587744
11316	0.020057549916978085
11411	0.047665869106210686
11437	0.02232042260241987
11455	0.10062297755736224
11514	0.019421720888450598
11519	0.02116374746641163
11567	0.01662780093500746
11592	0.016493796441228618
11623	0.038529845137148515
11660	0.05031016857203866
11673	0.05852011776271554
11718	0.0656844989615557
11775	0.050340224867688556
11777	0.10690934441285922
11823	0.03836251024810374
11876	0.006477443074112417
11890	0.061127430471731886
11899	0.06532835783016216
11991	0.04048433635282689
12016	0.04865335516572653
12052	0.029918106142121877
12188	0.02628338455262639
12193	0.013108107930247581
12276	0.06532835783016216
12327	0.02429131648416636
12383	0.049744970359917824
12387	0.020189535927211736
12393	0.06532835783016216
12488	0.027674613185997666
12537	0.013243103477686246
12544	0.03762214095172129
12566	0.021875924981211593
12596	0.05234877926041606
12612	0.017512193987824054
12632	0.028641322122347573
12649	0.02192034348762902
12690	0.027504757783080782
12719	0.01905814808652342
12739	0.0253622763152959
12748	0.0620506610914021
12767	0.06437533587457231
12792	0.03378478639521819
12829	0.019805854739795598
