262
t_index	tf-idf
16	0.02032016373221113
34	0.029909038093539647
44	0.04212265629020248
75	0.027825992148718816
189	0.021783764669354416
190	0.021783764669354416
277	0.02322123448961211
338	0.08010124620150462
357	0.032270623983621044
639	0.02634771217526347
651	0.06421915935786106
662	0.07513818650734032
764	0.021783764669354416
821	0.055959234183633154
863	0.026447432866707213
872	0.009877617861878482
1011	0.04711789842795811
1012	0.032770692589936944
1171	0.02634771217526347
1207	0.0658843134872788
1223	0.041376049286175526
1273	0.022338122905274406
1297	0.21091932006496295
1301	0.012580427442643875
1488	0.023145090121353077
1638	0.0696158405342951
1654	0.027384587868330968
1716	0.06280366532439101
1905	0.03210849150861548
2125	0.07030644002165432
2165	0.055959234183633154
2184	0.0528327564979818
2199	0.025122006681283993
2247	0.06687826133311241
2271	0.028520356685698096
2279	0.04831054827498021
2280	0.0420984858104287
2316	0.1144295367234809
2430	0.019178952323707157
2438	0.06687826133311241
2440	0.02539387900004675
2563	0.10225497539589433
2621	0.0255786354619729
2650	0.2384465090284075
2788	0.03751762339311044
2891	0.012241252971492082
2928	0.0658843134872788
2929	0.04769930900940525
2986	0.025032743693966405
3000	0.052301479742142526
3077	0.026751701815537467
3090	0.07030644002165432
3115	0.046290180242706154
3146	0.08573512504743853
3167	0.009902574003118947
3181	0.022480837821662318
3193	0.03913213394898183
3231	0.03564451304255887
3355	0.12041914017574401
3359	0.026649413178154033
3378	0.02793894610425096
3433	0.020684984665193806
3495	0.03163492377256981
3519	0.06421915935786106
3557	0.04286756252371927
3593	0.23181286878363336
3611	0.0528327564979818
3711	0.04831054827498021
3809	0.02093455510813034
3815	0.04286756252371927
3883	0.04603382840355328
4059	0.029775890863805384
4062	0.03586317152759865
4087	0.031948535374240014
4143	0.07002325397953073
4213	0.051949644913644094
4219	0.07563977686692996
4298	0.038908347270278344
4317	0.07030644002165432
4330	0.03163492377256981
4442	0.025302563970175457
4457	0.01078376402765454
4478	0.03857757083217876
4505	0.06454124796724209
4564	0.019288279265640463
4573	0.13375652266622481
4598	0.020746888976286917
4644	0.01650897261781735
4645	0.07002325397953073
4657	0.05861833615888451
4717	0.03059804807950231
4737	0.03059804807950231
4748	0.190797236037621
4769	0.03608591732294671
4836	0.027825992148718816
4895	0.03207984858271833
4921	0.026751701815537467
4961	0.06421915935786106
4992	0.031329354386886964
5034	0.07030644002165432
5103	0.07030644002165432
5198	0.04603382840355328
5202	0.04603382840355328
5295	0.062046514847426425
5324	0.03564451304255887
5331	0.05378658967319853
5362	0.02262528265793234
5369	0.029770329894250346
5403	0.060209570087872005
5474	0.024768897792045247
5494	0.04963597446040343
5515	0.037713727428652255
5544	0.01591514249060093
5571	0.05861833615888451
5583	0.031329354386886964
5664	0.04412309670182655
5690	0.025861254710446743
5769	0.015669431660034
5797	0.031179458660949448
5855	0.05851539643776508
5882	0.05172250942089349
5910	0.060209570087872005
5987	0.07030644002165432
6348	0.011083396004914947
6401	0.31169786948186456
6460	0.0708595891303766
6484	0.03751762339311044
6519	0.060209570087872005
6612	0.039358041860046114
6726	0.02299424566303283
6744	0.057522206639895775
6760	0.019178952323707157
6763	0.029909038093539647
6850	0.03586317152759865
6902	0.06421915935786106
6958	0.02032016373221113
7103	0.033471868532124235
7327	0.016123844026118363
7353	0.03974108483806792
7490	0.07030644002165432
7551	0.06730760834854929
7570	0.0528327564979818
7654	0.13375652266622481
7700	0.022698167001877594
7726	0.028370146726031217
7738	0.05498683118705721
7743	0.018543252112655926
7832	0.018137543036106384
7878	0.03726673932474272
7881	0.09423579685591622
7932	0.06882133009059833
7939	0.038035816038033285
7940	0.06687826133311241
7944	0.13040664253614384
8018	0.03311612411194763
8036	0.026183343319827773
8037	0.028239357121019264
8065	0.06687826133311241
8089	0.007030538133516001
8098	0.03654430280048954
8103	0.016422306395183592
8153	0.04895484318751253
8167	0.02044053397877091
8292	0.03148115966384001
8509	0.028761103319947887
8521	0.03521887661506632
8541	0.03441066504529917
8561	0.17164430508522133
8645	0.019233490419300704
8713	0.05861833615888451
8752	0.06421915935786106
8818	0.04327155216399327
8826	0.04711789842795811
8880	0.026150739871071263
8882	0.031948535374240014
8902	0.051127487697947165
9026	0.044961675643324636
9046	0.055959234183633154
9261	0.022267401314395398
9267	0.07503524678622088
9278	0.08138983602656927
9286	0.051127487697947165
9329	0.050605127940350915
9330	0.03702102849417579
9381	0.02695895144083842
9426	0.04674999719668382
9514	0.026854876079846126
9539	0.021783764669354416
9570	0.029131595951273053
9578	0.0445728313237539
9598	0.04831054827498021
9665	0.03726673932474272
9670	0.07002325397953073
9755	0.03480792026714755
9844	0.02539387900004675
9845	0.02322123448961211
9885	0.07715514166435752
9891	0.01932698594274394
9894	0.088725965456969
9922	0.05721476836174045
9960	0.040368416682843376
9976	0.04286756252371927
10077	0.06687826133311241
10087	0.02840178303985338
10116	0.021851665440457687
10125	0.14309792702821575
10135	0.024768897792045247
10211	0.020024452452033742
10212	0.0450402070341539
10375	0.06261501233113545
10464	0.04173179370635213
10549	0.03914513300638814
10552	0.04412309670182655
10614	0.05861833615888451
10658	0.036780281859925996
10665	0.026649413178154033
10695	0.02925769821888254
10756	0.07513818650734032
10773	0.021189464359136226
10821	0.10628938369556488
10976	0.043432497214467326
11081	0.0445728313237539
11089	0.2368699244534056
11135	0.040368416682843376
11157	0.0891456626475078
11202	0.02828437762626164
11203	0.029385149199422787
11401	0.022127204955152434
11466	0.060209570087872005
11519	0.048683470919616126
11541	0.027825992148718816
11544	0.014078197731046509
11567	0.038249325388206135
11592	0.0094852679171659
11636	0.016336265926906433
11663	0.021189464359136226
11673	0.033653804174274646
11680	0.051127487697947165
11686	0.04005062310075231
11775	0.028949703701134987
11828	0.05378658967319853
11867	0.033653804174274646
11876	0.0074501080688213345
12202	0.03943938383517735
12287	0.05035841098465661
12309	0.03521887661506632
12330	0.07829026601277628
12373	0.07030644002165432
12405	0.031179458660949448
12450	0.07513818650734032
12489	0.0407603937444207
12566	0.012580427442643875
12612	0.020141857865625477
12638	0.02539387900004675
12647	0.03777390322932538
12737	0.029385149199422787
12739	0.058341446542516676
12778	0.051127487697947165
12786	0.04286756252371927
12788	0.07607163207606657
12812	0.07513818650734032
12839	0.022480837821662318
