319
t_index	tf-idf
15	0.019156459783969463
44	0.021395948537406836
166	0.03837405143604949
179	0.04068694361775514
182	0.05843611402595976
183	0.0400659930404609
184	0.02815441779362559
222	0.03311963273892966
267	0.04315168857717106
543	0.039767067182296174
612	0.025612508332673006
644	0.032456130686694416
647	0.04509952468493956
705	0.04973263311224121
721	0.03418849263635963
731	0.062168373954745615
831	0.03864012549072421
848	0.13874996353347208
858	0.025430461561408147
872	0.010034552521516995
901	0.02589081673114483
902	0.041010348686237943
957	0.03811369985000265
991	0.061598659097264086
1020	0.020951062910108235
1075	0.021395948537406836
1116	0.08430605435510995
1146	0.06303230401496616
1157	0.020765291251996484
1203	0.06157835616079939
1237	0.07633197491769111
1240	0.03518773664205393
1273	0.022693028892135075
1301	0.012780304085618486
1389	0.06523946729617411
1420	0.02126716134239838
1490	0.02390462744727967
1497	0.023590171269913952
1511	0.04787889830215875
1605	0.09156306345048065
1627	0.03811369985000265
1645	0.03577843080026793
1654	0.027819671613880947
1694	0.03811369985000265
1710	0.1618187227888256
1737	0.1392494117270733
1774	0.0757176595185059
1790	0.05569449540587342
1879	0.026079974988343437
1975	0.04203342804922451
1999	0.03011519939075876
2057	0.01306970150397064
2070	0.06794081683245339
2096	0.19571840188852233
2121	0.028973485418943887
2126	0.18921334928254274
2152	0.1786489762416469
2343	0.07633197491769111
2411	0.045755801589419366
2415	0.06794081683245339
2436	0.034760530491933325
2440	0.025797334551121896
2506	0.017406176465884163
2569	0.0714234621002039
2577	0.09625530055572612
2588	0.04239482450314848
2679	0.050424586134462254
2684	0.05569449540587342
2737	0.03346553861856227
2762	0.025612508332673006
2801	0.018837865550792858
2906	0.05569449540587342
2909	0.023607972528706094
2957	0.0714234621002039
2970	0.03919048763386978
2996	0.036210829699118686
3073	0.047303337320635686
3133	0.028498684087401166
3182	0.03643296220951626
3207	0.031674834955223156
3359	0.027072816537664475
3365	0.018996114629792456
3370	0.08553468515348034
3371	0.0714234621002039
3432	0.05178163346228966
3471	0.03329135025858076
3488	0.09151160317883873
3729	0.034003666417910736
3824	0.05178163346228966
3879	0.04276734257674017
3938	0.05569449540587342
3939	0.026867627182106637
4079	0.04907810170299287
4087	0.032456130686694416
4172	0.04624998784449069
4209	0.053735254364213274
4219	0.09605191812192276
4287	0.11138899081174684
4387	0.06303230401496616
4419	0.039767067182296174
4430	0.039301292078081584
4467	0.04438385788009776
4552	0.03864012549072421
4564	0.019594729624815444
4598	0.04215302717755497
4617	0.058935343348030446
4620	0.016994216339669757
4644	0.050313796846440134
4700	0.043959046497732863
4708	0.019594729624815444
4723	0.05954965874721564
4730	0.039767067182296174
4746	0.05684830921093637
4836	0.028268088883784518
4949	0.013200577180336277
4968	0.032456130686694416
4990	0.013704362028547745
5042	0.04315168857717106
5091	0.0420272514956733
5135	0.029594435996238136
5248	0.028973485418943887
5357	0.043548638308211415
5369	0.015121659041886192
5370	0.0714234621002039
5476	0.04676520952128722
5538	0.03329135025858076
5548	0.01591838611025493
5556	0.02627213588266462
5644	0.07633197491769111
5652	0.039475345062610544
5655	0.18499995137796277
5882	0.02627213588266462
5886	0.05277501596533549
5938	0.050424586134462254
5970	0.09905420452863169
6006	0.06693107723712453
6008	0.07633197491769111
6018	0.09785588456707446
6019	0.06939987392037394
6083	0.07633197491769111
6141	0.09460667464127137
6312	0.0400659930404609
6348	0.011259487953803058
6388	0.017978214321457856
6488	0.09034559817227629
6494	0.18909691204489848
6556	0.0232082505689316
6601	0.043715618640497465
6612	0.019991679355855805
6620	0.05254427176532924
6696	0.025340454587999255
6708	0.01384232229264367
6726	0.0233595760662973
6755	0.02305879333533856
6777	0.028853027886213398
6779	0.03736464350418162
6805	0.019318957286299867
6909	0.015795482697698572
6912	0.07633197491769111
6959	0.016683222448086794
6985	0.03986833823737206
7033	0.035157480222973686
7107	0.04203342804922451
7206	0.04044898391414254
7215	0.05861721089537971
7281	0.050860923122816294
7296	0.022268217509770177
7321	0.02498697306221399
7327	0.03276003627418386
7341	0.051158500661977906
7353	0.040372487440389425
7418	0.03599269979486002
7483	0.08153019098177217
7501	0.03371990758702263
7650	0.07031496044594737
7667	0.04973263311224121
7700	0.02305879333533856
7738	0.027930228383697638
7754	0.02172404130552102
7780	0.036210829699118686
7805	0.034760530491933325
7832	0.01842571060675473
7926	0.03329135025858076
7929	0.03182711221029657
7958	0.04100978627426255
8021	0.027493933159690336
8036	0.01329967090272495
8037	0.01912534757314809
8089	0.014284477318679711
8103	0.016683222448086794
8105	0.0682959090903919
8156	0.030940920427707515
8212	0.022129863064922484
8326	0.03643296220951626
8352	0.0714234621002039
8386	0.0366496553432627
8396	0.05569449540587342
8505	0.00988354163834253
8508	0.05569449540587342
8511	0.06794081683245339
8524	0.038912179235397956
8589	0.03456683224512332
8645	0.019539070298459905
8651	0.03556903214929572
8677	0.03346553861856227
8681	0.09056200051575328
8719	0.03963992367240942
8777	0.018527441307571616
8811	0.0400659930404609
8865	0.0776724501934345
8873	0.04100978627426255
8874	0.034760530491933325
8877	0.016540306515881904
8880	0.02656622035617898
8931	0.04239482450314848
8943	0.04134147502700348
8965	0.028498684087401166
8971	0.05277501596533549
9008	0.029095153600423522
9048	0.03760921509821761
9051	0.04676520952128722
9190	0.13588163366490677
9235	0.03437618449150243
9260	0.01970682192711504
9261	0.022621183683299902
9306	0.02570456871668081
9307	0.024559158856528006
9327	0.030940920427707515
9391	0.04276734257674017
9421	0.02838283744109354
9426	0.02374637836828007
9433	0.03418849263635963
9435	0.04438385788009776
9443	0.014520000711155999
9471	0.05367215834311437
9480	0.03837405143604949
9485	0.043959046497732863
9495	0.012130790658683195
9539	0.022129863064922484
9580	0.018578629046233194
9587	0.04168250834381849
9589	0.05277501596533549
9735	0.035157480222973686
9755	0.03536094521670867
9774	0.06523946729617411
9783	0.02738727271503019
9826	0.017593868321026964
9891	0.039268102539897716
9911	0.08074497488077885
9987	0.03011519939075876
10001	0.045755801589419366
10072	0.0714234621002039
10128	0.014704826929604892
10131	0.021139729827243176
10137	0.025430461561408147
10171	0.026079974988343437
10184	0.03785882975925295
10203	0.040372487440389425
10210	0.06116617405057323
10228	0.017929498432147774
10239	0.07633197491769111
10243	0.23819863498886257
10322	0.06303230401496616
10375	0.0212032779110004
10398	0.0714234621002039
10403	0.023435954125058833
10452	0.014087601812305244
10558	0.020049464105937453
10559	0.04528100025787664
10651	0.13588163366490677
10652	0.05812379119747895
10695	0.029722541764764916
10705	0.04239482450314848
10778	0.06523946729617411
10867	0.0232082505689316
10873	0.015054456050034385
11032	0.06131875119001582
11049	0.04438385788009776
11134	0.025797334551121896
11175	0.05057986138053394
11209	0.14786112447635372
11226	0.050424586134462254
11344	0.04068694361775514
11431	0.04528100025787664
11452	0.04676520952128722
11453	0.02838283744109354
11454	0.02016586771583732
11536	0.02815441779362559
11577	0.028615650042309006
11592	0.02890790687382201
11605	0.035157480222973686
11636	0.049787444930928765
11660	0.019594729624815444
11698	0.04907810170299287
11734	0.04438385788009776
11775	0.014704826929604892
11876	0.022705424046445544
11889	0.0689146362798543
12055	0.025816143675836775
12090	0.05812379119747895
12193	0.03063195827916811
12195	0.06794081683245339
12196	0.01894313475461289
12313	0.039475345062610544
12359	0.07633197491769111
12480	0.03261862818902482
12489	0.02070399551518579
12577	0.05954965874721564
12581	0.017929498432147774
12584	0.023283676869985427
12624	0.022621183683299902
12632	0.06693107723712453
12680	0.04973263311224121
12717	0.06952106098386665
12762	0.03495737844141671
12766	0.03854387583176268
12834	0.0366496553432627
12835	0.1289866727556095
12839	0.022838011249634988
