214
t_index	tf-idf
16	0.019749816800846427
277	0.022569460222032954
371	0.03646457767672985
569	0.03507305677310785
610	0.0496924399246516
612	0.024504293817399634
626	0.06500112039916006
729	0.025802845214470106
808	0.03622073542950134
858	0.04866024786942827
871	0.021919827591729685
872	0.009600372603869796
902	0.0130786309656316
1030	0.04695456643722052
1044	0.032186619802097916
1081	0.03671366424324076
1122	0.053231912960316166
1130	0.07302920575957016
1177	0.30809907115015006
1206	0.02630431223643792
1208	0.032709208245201515
1211	0.033830930574880215
1301	0.024454639297487712
1387	0.06928808368113638
1449	0.05851960616873436
1747	0.0697131260261093
1796	0.06030499151073166
2012	0.0369682256758131
2069	0.017725786931466102
2086	0.07342732848648152
2130	0.035518576274079616
2173	0.03622073542950134
2199	0.024416881485974616
2242	0.05438856881308001
2333	0.05134984519169167
2429	0.03862563094285317
2440	0.024681122884791403
2455	0.03862563094285317
2491	0.055608862622303266
2493	0.016130449081277705
2506	0.033306075048762596
2590	0.07910538380296611
2645	0.06149398767162488
2689	0.02704497141269775
2707	0.07058734894174291
2729	0.02630431223643792
2788	0.03646457767672985
2801	0.018022779586973944
2891	0.02379533027251629
2918	0.060133626273675106
3305	0.05638530013818248
3406	0.06030499151073166
3407	0.07302920575957016
3621	0.1402922270924314
3624	0.0739364513516262
3659	0.0688707001750081
3856	0.04056046453821985
3900	0.014504312177396655
3939	0.02570510557167222
3946	0.026407264727093944
3967	0.0463604834526699
3995	0.03464404184056819
3999	0.04695456643722052
4011	0.024073683667043617
4059	0.05788028063080599
4162	0.1787396593329492
4210	0.055608862622303266
4222	0.03074699383581244
4262	0.03671366424324076
4264	0.02651114057079684
4280	0.03646457767672985
4298	0.018908133338355088
4353	0.02390582451242647
4587	0.012660924042510466
4598	0.020164564708681134
4617	0.02819265006909124
4640	0.017725786931466102
4644	0.01604559830663351
4708	0.03749379059343947
4920	0.04328479852680615
4921	0.02600083429102588
5414	0.0191819541042986
5439	0.06833307687114176
5477	0.04288464837346476
5515	0.01832758872932294
5673	0.0369682256758131
5738	0.07302920575957016
5757	0.06241665417349011
5835	0.06833307687114176
5842	0.043699690057473504
5864	0.03776730655948576
5868	0.041284580247965635
5913	0.02651114057079684
5927	0.055608862622303266
5934	0.01858787111974798
5946	0.025512066454136426
6037	0.1460584115191403
6174	0.08183372863585948
6218	0.04377601722699995
6477	0.05134984519169167
6484	0.03646457767672985
6554	0.008895363176762152
6559	0.020044542091225033
6587	0.06272970239065734
6614	0.01992575049666825
6623	0.0993848798493032
6755	0.02206107420736418
6910	0.03749477448104702
6959	0.0319227292679843
6985	0.019071647756845778
7018	0.05134984519169167
7054	0.04758077726189315
7177	0.03201753535481236
7179	0.11424146399650853
7181	0.09390913287444104
7543	0.06060862546369938
7591	0.016969137270728945
7743	0.03604555917394789
7821	0.013111395001447795
7826	0.033830930574880215
7894	0.038332398092259794
7903	0.04695456643722052
8036	0.02544842849767701
8037	0.018297822696829228
8060	0.01678745387565715
8064	0.06833307687114176
8089	0.013666409579977994
8165	0.07302920575957016
8212	0.021172337345417926
8286	0.045795391919895866
8293	0.0463604834526699
8311	0.08183372863585948
8449	0.05049152080832425
8500	0.04246343544791415
8541	0.033444825523854055
8651	0.03403001390047429
8671	0.04091686431792974
8682	0.13666615374228352
8751	0.6214749566588287
8877	0.007912316229058703
8879	0.03696611042077347
8895	0.04246343544791415
8917	0.07073169857630926
8936	0.04091686431792974
8948	0.04021470516250802
8991	0.033256494887555534
9029	0.03987896922224421
9051	0.04474174960365086
9130	0.03671366424324076
9260	0.018854137534556868
9306	0.049184741775531525
9381	0.026202266827971908
9396	0.05134984519169167
9453	0.05049152080832425
9485	0.042057005011846095
9509	0.06846070437676402
9516	0.04525659342664824
9539	0.021172337345417926
9554	0.041664354564241494
9570	0.02831392949073036
9580	0.017774759854059997
9617	0.06833307687114176
9652	0.019576515628376017
9844	0.049362245769582806
9845	0.11284730111016476
9891	0.04696128888428399
9986	0.06067513702823092
9998	0.03541975340066364
10120	0.058933378241273836
10121	0.021711135838665543
10128	0.014068571298711353
10211	0.01946240555325941
10228	0.017153716140308355
10419	0.024330123934714135
10452	0.013478052579133405
10635	0.0463604834526699
10722	0.024416881485974616
10727	0.026407264727093944
10739	0.03443535008750405
10750	0.03074699383581244
10873	0.028806144991318984
11065	0.03862563094285317
11127	0.05614525490327028
11174	0.03443535008750405
11175	0.03226089816255541
11210	0.04332175983128156
11213	0.03923535481963534
11305	0.01341051839981671
11377	0.04377601722699995
11381	0.11168552419871441
11455	0.03749477448104702
11459	0.0463604834526699
11544	0.01368305047825544
11663	0.020594717873145187
11673	0.09812762473560455
11775	0.028137142597422705
11777	0.11951172155658744
11833	0.04383965518345937
11876	0.00724099822446255
11889	0.05494400345938769
12057	0.03253237917780974
12193	0.014653279876487717
12227	0.06833307687114176
12370	0.04091686431792974
12387	0.022569460222032954
12434	0.041314987044841094
12566	0.024454639297487712
12581	0.017153716140308355
12612	0.019576515628376017
12649	0.024504293817399634
12721	0.03776730655948576
12739	0.014175979291994854
12788	0.0369682256758131
12829	0.007380183680707206
