28
t_index	tf-idf
554	0.13766520823703157
1716	0.10357078636792003
2650	0.3932269290207542
3115	0.11450709948423665
3593	0.32767479394869004
4505	0.15965440322488855
4640	0.09022838707604759
4645	0.17321513261784072
6460	0.17528395826980306
7253	0.3478312886116102
7591	0.08637686394006992
7932	0.17024195736553333
7939	0.18817688538672167
8089	0.034782605090810194
8746	0.21614878397143533
8937	0.22283013116861305
9329	0.12518089990352407
9844	0.12563266825504288
9845	0.11488381310711247
9998	0.03605896011646239
10099	0.11960276946948765
10773	0.10483191427069947
11089	0.16741155073740965
11153	0.09964902751831231
11357	0.18950178342161003
12287	0.24914120214067428
12385	0.19814486181553076
12778	0.25294610172231496
