334
t_index	tf-idf
3	0.053345718733111426
17	0.04672953154170781
34	0.023781321127368225
161	0.036602489607431746
182	0.022868573435560813
189	0.06928296407858517
250	0.04756264225473645
258	0.03408492333106172
267	0.033774236208010046
294	0.030456030255094888
319	0.02026438799334955
449	0.04933452188619154
631	0.02087100204001498
728	0.030673858430505695
738	0.03147577094422446
758	0.01828322055975093
854	0.023996673768259313
865	0.021028924167692687
872	0.00785390695655637
875	0.024329167824573804
900	0.059743992323347685
901	0.10132193996674775
902	0.03209823877517098
918	0.03390238269946884
920	0.06754847241602009
983	0.013478915200214445
1005	0.02767652797993744
1009	0.03841275867092126
1023	0.016252709333003622
1031	0.03946663361158612
1116	0.016496298797570055
1123	0.01705531446700826
1134	0.059743992323347685
1154	0.033181849053387336
1183	0.03408492333106172
1206	0.021519125286649392
1210	0.043591319490543484
1240	0.0275409599985552
1301	0.03000890740759321
1471	0.022214858504892587
1497	0.018463704270404682
1528	0.038925051449035394
1561	0.02094963409561313
1600	0.02751727871333743
1606	0.04933452188619154
1710	0.02110888336221314
1756	0.03508322562960355
1863	0.059743992323347685
1872	0.04276687726846724
1879	0.0408248791460411
1976	0.05106203838594217
1999	0.023570754499115984
2057	0.010229476535405306
2075	0.11697918085235219
2167	0.07059756175492804
2169	0.03581243983081235
2198	0.02983107136567996
2239	0.034406144205415455
2298	0.03581243983081235
2344	0.07088163865057025
2353	0.07817005297297329
2358	0.0334734138524505
2430	0.060998394220519274
2431	0.025530153965288988
2443	0.05317634770562339
2461	0.03581243983081235
2493	0.013196055140688936
2506	0.013623576152431009
2615	0.01340740460930352
2642	0.053228408871326086
2661	0.031125139353764004
2702	0.019556961920903
2782	0.08718263898108697
2783	0.05317634770562339
2801	0.014744139609493901
2809	0.029631588033018644
2840	0.05317634770562339
2891	0.009733284200112212
2909	0.04619409268021998
2921	0.059743992323347685
3009	0.029631588033018644
3167	0.007873750122594787
3187	0.022772378616231194
3203	0.024329167824573804
3263	0.0334734138524505
3356	0.03135910453276927
3471	0.026056684324324432
3578	0.04660870308789909
3597	0.03289898899386183
3641	0.059743992323347685
3671	0.02983107136567996
3672	0.028692690996907078
3692	0.02135289105230193
3718	0.0374644570600224
3834	0.034406144205415455
3840	0.025530153965288988
3862	0.093375418061292
3946	0.021603349026281353
3948	0.04660870308789909
3980	0.03289898899386183
3981	0.02597863460635741
3999	0.03841275867092126
4005	0.03792674915049357
4100	0.026905769234726196
4110	0.03262432894204873
4135	0.03003484498970745
4138	0.023364765770853904
4195	0.05317634770562339
4197	0.03841275867092126
4229	0.04065256794878602
4276	0.021270854969966863
4298	0.030936865909088306
4304	0.017003109881391684
4330	0.05030722009330009
4344	0.02168832814585714
4430	0.03076058355286131
4457	0.008574403312516026
4504	0.12839119433205312
4524	0.03159899350585328
4538	0.08718263898108697
4589	0.055902166503915836
4598	0.016496298797570055
4617	0.023063943415294354
4620	0.03990342179538818
4621	0.04449439376821787
4640	0.014501174801836441
4644	0.013126640117257596
4765	0.023781321127368225
4783	0.025530153965288988
4859	0.0442324188284817
4921	0.021270854969966863
4949	0.06199146681920733
4986	0.04276687726846724
4990	0.021452433287958213
5014	0.05106203838594217
5021	0.041306282879454245
5042	0.033774236208010046
5094	0.038925051449035394
5195	0.04127789394512291
5289	0.059743992323347685
5314	0.01578354873311946
5364	0.03508322562960355
5369	0.011835515623549606
5413	0.059743992323347685
5458	0.0701664512592071
5469	0.019354638753567258
5487	0.035440819325285124
5515	0.014993498956500057
5535	0.04004105847017479
5578	0.025031348888128975
5584	0.02736066178689056
5594	0.02087100204001498
5612	0.025402969393656202
5693	0.17042461665530861
5734	0.042008463943009416
5769	0.012459102998404664
5781	0.033774236208010046
5794	0.0261930191702756
5864	0.0308968124422981
5946	0.02087100204001498
5948	0.059743992323347685
5978	0.019625374552551308
6068	0.041306282879454245
6173	0.06332665008663942
6195	0.07585349830098714
6388	0.056285209419348614
6391	0.03680632048254781
6547	0.024329167824573804
6554	0.03638575168785977
6559	0.049194330803723776
6600	0.0909853921335194
6612	0.015647213887168287
6668	0.025031348888128975
6696	0.019833627074473732
6708	0.0325025887649609
6730	0.03946663361158612
6732	0.02421703505645631
6755	0.018047802031817235
6760	0.030499197110259637
6763	0.04756264225473645
6798	0.029002349603672883
6909	0.012362908179075047
6950	0.038925051449035394
7001	0.03274798877798465
7003	0.059743992323347685
7114	0.05317634770562339
7133	0.013301140598462729
7206	0.015829433124582144
7261	0.03262432894204873
7298	0.11180433300783167
7299	0.04933452188619154
7340	0.03289415468991061
7362	0.10743731949243705
7483	0.021270854969966863
7501	0.026392110281377872
7547	0.03003484498970745
7591	0.013882172156903247
7726	0.011278857708700995
7757	0.042541709939933725
7808	0.019222117595862502
7811	0.028483811591538025
7836	0.059743992323347685
7840	0.10212407677188434
7929	0.024910645238992588
7942	0.043591319490543484
7946	0.024442643532006186
7975	0.019091424374561666
7995	0.04449439376821787
8014	0.03792674915049357
8015	0.04065256794878602
8026	0.043591319490543484
8036	0.010409470437156145
8037	0.02245372178219435
8041	0.026758865387879603
8060	0.027467079918074608
8089	0.01677039741583661
8092	0.04065256794878602
8098	0.029057163174429985
8147	0.059743992323347685
8198	0.059743992323347685
8357	0.059743992323347685
8371	0.05472132357378112
8386	0.028685183762666572
8390	0.02736066178689056
8425	0.038925051449035394
8505	0.054149989631964705
8517	0.04065256794878602
8535	0.043591319490543484
8585	0.05317634770562339
8719	0.01551281293413541
8874	0.027206591590285753
8877	0.012945871590198294
8892	0.02767652797993744
8938	0.06774861039812113
8955	0.05774634941512166
8965	0.022305530089836528
8993	0.033774236208010046
9006	0.02983107136567996
9076	0.059743992323347685
9096	0.0334734138524505
9215	0.0308968124422981
9233	0.038925051449035394
9253	0.04276687726846724
9260	0.03084851975075175
9261	0.03541058188989372
9306	0.020118614220846272
9307	0.038444235191725004
9378	0.46608703087899095
9420	0.02527746943547267
9421	0.022214858504892587
9422	0.0308968124422981
9446	0.03135910453276927
9502	0.026471718918726454
9510	0.025031348888128975
9520	0.059743992323347685
9553	0.01902674761612896
9580	0.043623716233466524
9581	0.11948798464669537
9582	0.059743992323347685
9708	0.055902166503915836
9891	0.019209129097159237
9892	0.07320497921486349
9998	0.0115905271227015
10099	0.019222117595862502
10131	0.016545777282434067
10169	0.0518445667425831
10178	0.019354638753567258
10209	0.01664551618571011
10222	0.03289898899386183
10268	0.03473863826172995
10327	0.043591319490543484
10400	0.0454926960667597
10452	0.011026173178884673
10474	0.03135910453276927
10549	0.031125139353764004
10558	0.031384882440785515
10636	0.045737146871121626
10661	0.029057163174429985
10665	0.042379046137394266
10695	0.023263426747955663
10696	0.04112568255136506
10699	0.02633134437613753
10722	0.01997504922702782
10747	0.025402969393656202
10786	0.04660870308789909
10873	0.04124020866476256
10948	0.040917906141621226
11203	0.023364765770853904
11239	0.04065256794878602
11305	0.021941849154665603
11371	0.03946663361158612
11377	0.03581243983081235
11386	0.05317634770562339
11506	0.09866904377238309
11516	0.01486799899831652
11535	0.019763699758413234
11536	0.02203607757226845
11559	0.03792674915049357
11592	0.007541941055134401
11623	0.023490837655096387
11653	0.03946663361158612
11663	0.016848200027883467
11682	0.02527746943547267
11699	0.02267715059536375
11702	0.021270854969966863
11713	0.03003484498970745
11729	0.059743992323347685
11731	0.047873927497178545
11775	0.011509266832749788
11795	0.024329167824573804
11875	0.037023674872819184
11876	0.011847483149684226
11889	0.03595902857493673
12016	0.04449439376821787
12017	0.05106203838594217
12055	0.08082376965882315
12188	0.024036641622402894
12257	0.036199232650742943
12311	0.04660870308789909
12329	0.03884320185704763
12337	0.3380519237280678
12338	0.2402787599176596
12387	0.036927408540809364
12440	0.059743992323347685
12451	0.024791459915044972
12489	0.06481893599402758
12499	0.059743992323347685
12557	0.03841275867092126
12581	0.04209951928455012
12668	0.059743992323347685
12748	0.028373238996310574
12766	0.015083882110268803
12806	0.059743992323347685
12829	0.06037606907799162
