177
t_index	tf-idf
3	0.020684310130672033
44	0.025972918183336878
82	0.03863549120080764
91	0.024766452847786807
182	0.1064049396474442
583	0.07228837795075939
589	0.07425069430438189
665	0.04827394216766151
797	0.058822987884130463
890	0.04595749920293703
902	0.08297197241458616
912	0.08670219664512668
991	0.07477569550793123
1049	0.12658925771361854
1078	0.09266072667185422
1196	0.06760852737657136
1329	0.10037028707351382
1352	0.18532145334370845
1387	0.043956962949395016
1589	0.07802464129710322
1737	0.021129663704450366
1989	0.04595749920293703
2038	0.15303204456915853
2085	0.09801774493089319
2201	0.058822987884130463
2219	0.07546728239202422
2431	0.03959632636641719
2451	0.043956962949395016
2520	0.062102203590211985
2577	0.01947433367019256
2689	0.03431513019832748
2701	0.055543772178048935
2782	0.06760852737657136
2909	0.01432906650271985
3077	0.03299031085471173
3093	0.03688395119215199
3116	0.08670219664512668
3161	0.059576770709498655
3167	0.02442379156864998
3182	0.044226613510029364
3285	0.039204421988403834
3294	0.02581658114255703
3300	0.03688395119215199
3318	0.026452163149337724
3400	0.07919533660522529
3518	0.09266072667185422
3555	0.06406451994383447
3651	0.0337707885888476
3654	0.08670219664512668
3754	0.07651602228457927
3824	0.06285863545447616
3878	0.05441278787057678
3900	0.11041994163193063
3939	0.3587659362226213
3953	0.14457675590151878
4100	0.04172985486911716
4134	0.07477569550793123
4181	0.07228837795075939
4199	0.0824745523113068
4442	0.03120322798725643
4472	0.02305971760112888
4478	0.04757402211451303
4508	0.18532145334370845
4564	0.0237863868704005
4742	0.06305063221795033
4769	0.04450130455887489
4808	0.06037131789730432
4828	0.0365573701247018
4836	0.03431513019832748
4949	0.04807323832522901
5120	0.06305063221795033
5163	0.0824745523113068
5239	0.02961009445390389
5357	0.052864457857402916
5469	0.1500916511965266
5538	0.08082591103331625
5896	0.0397962688144513
5976	0.10882557574115356
6017	0.1378724976088111
6018	0.07919265273283438
6019	0.02808190912275442
6182	0.13265969584806372
6298	0.03109147426820158
6348	0.01366809042838713
6391	0.028542622190124576
6544	0.03299031085471173
6549	0.050599129877205544
6559	0.025432863696920098
6603	0.018929073904876224
6620	0.03189220775087258
6684	0.07055749225785174
6777	0.03502519793969293
6810	0.055543772178048935
6842	0.04317648521525914
6987	0.15839067321045058
7001	0.01693030723929896
7033	0.04267828349685551
7036	0.09266072667185422
7281	0.061740968982438894
7510	0.058822987884130463
7591	0.021530736561435716
7655	0.06900916224467787
7826	0.0429252732307396
7862	0.10023564448597921
7975	0.02961009445390389
8021	0.03337536895110319
8089	0.008670089106850258
8131	0.03098056398147891
8217	0.07919533660522529
8326	0.08845322702005873
8388	0.20407047860658992
8414	0.060244372201570875
8486	0.07919533660522529
8541	0.042435376425377334
8605	0.04535759781750152
8651	0.08635574723494864
8719	0.02405980021257778
8775	0.03337536895110319
8859	0.08670219664512668
8879	0.023451621979142235
8891	0.05742235301602394
8927	0.04658293585671858
8950	0.051916029229664575
8980	0.06515357685272154
9000	0.06240645597451286
9026	0.027723463468789417
9130	0.04658293585671858
9260	0.02392245768733668
9280	0.03502519793969293
9307	0.02981279481566208
9386	0.051463822989296415
9390	0.028731029171243903
9503	0.03237015372074109
9522	0.0703428469139082
9662	0.050599129877205544
9668	0.041502012425545194
9891	0.06554383029400292
9894	0.021883446529818572
9998	0.017976479708398187
10046	0.08670219664512668
10128	0.05355134399510654
10180	0.05676911021726599
10558	0.024338397053668383
10773	0.0522618725995765
10774	0.07919533660522529
10775	0.053362659575806555
10776	0.05676911021726599
10781	0.04267828349685551
10873	0.018274868935984723
10971	0.059576770709498655
11064	0.043956962949395016
11276	0.08670219664512668
11370	0.07055749225785174
11374	0.0397962688144513
11437	0.031658940262052675
11516	0.04611943520225776
11537	0.028542622190124576
11541	0.03431513019832748
11544	0.017361292474917283
11557	0.055543772178048935
11833	0.08343677568636018
11889	0.23702728511295512
12055	0.04700800618837939
12057	0.041277648628749
12196	0.02299540439898239
12202	0.09727362704716609
12262	0.030438231469443626
12371	0.034177142863045434
12413	0.0824745523113068
12504	0.0337707885888476
12566	0.015514235874777717
12616	0.07651602228457927
12678	0.17340439329025337
12766	0.0818809051848981
12829	0.009364105438548787
12834	0.022244830557846963
12883	0.09266072667185422
