208
t_index	tf-idf
231	0.041718284337857514
333	0.08335496178346334
342	0.05342878185957997
371	0.046760785968440376
467	0.061864717649042715
566	0.06833024318142003
596	0.0322326546039318
642	0.060212748132633456
728	0.04808187112398815
863	0.06592649724832485
871	0.02810915227289441
872	0.04924460911371713
880	0.07293174996759627
1032	0.04105806822270647
1148	0.13168710082113955
1301	0.015679849143775754
1358	0.04022109090852562
1446	0.03904792208356307
1448	0.0713106880349073
1497	0.0578844328444918
1511	0.019580491395683915
1589	0.039428774156539725
1636	0.06833024318142003
1716	0.026092171151106725
1989	0.046448091955258584
2057	0.01603490390866716
2076	0.0289422164222459
2111	0.053932301842825735
2120	0.04338349720514327
2146	0.04149493551208454
2403	0.1394916594370005
2406	0.08004074070314249
2422	0.052013195322499754
2493	0.020685073710473748
2506	0.021355221231560823
2537	0.034541981221843626
2615	0.021016368123110907
2657	0.05737511608162674
2729	0.03373164843535378
2730	0.04915600774921576
2813	0.10628529172129404
2891	0.030514225498121012
2898	0.0773531846341335
2917	0.04240921901002699
2955	0.03778696013934591
3019	0.058035332196777784
3167	0.01234225682806762
3181	0.02801940929880469
3212	0.03496435329652393
3238	0.030131044096338315
3267	0.05555417526580841
3285	0.03962292616334897
3294	0.2087373692088538
3320	0.05113927167826219
3433	0.025781114399352368
3439	0.037960674599437375
3454	0.08762773589382757
3587	0.049532038391530385
3692	0.033471073032021396
3708	0.0647484037432253
3715	0.04614184570298723
3824	0.03176482326506789
3847	0.04584178666889489
3982	0.07733282490918532
4130	0.037010351920843294
4138	0.036624725877951646
4143	0.043637390858183495
4169	0.05445349275858304
4200	0.026170963999155892
4209	0.032963248624162424
4234	0.058035332196777784
4248	0.041274895679758235
4264	0.03399687721603259
4288	0.04105806822270647
4365	0.04149493551208454
4415	0.07847425481377629
4431	0.04774042121213554
4472	0.023305878304428696
4532	0.04808187112398815
4949	0.016195472143057766
4981	0.0713106880349073
4992	0.03904792208356307
4994	0.06276513981417886
5009	0.06584908625045065
5425	0.04313387087493773
5450	0.032963248624162424
5469	0.09101632078423452
5484	0.01822493336292335
5548	0.13670920801597308
5556	0.0322326546039318
5609	0.09983567429598242
5653	0.06584908625045065
5703	0.058035332196777784
5728	0.04991783714799121
5781	0.052941773736871915
5786	0.052941773736871915
5882	0.0322326546039318
6019	0.08514504399727353
6144	0.04525926428116617
6168	0.03097998469511599
6298	0.03142337335321527
6323	0.08003802818062122
6554	0.01140707503341154
6612	0.02452731283469968
6660	0.036153180970616344
6708	0.050948441577164535
6742	0.1220315541005301
6760	0.023904043049605347
6763	0.03727768452067687
6805	0.02370196623139034
6824	0.03886109676457351
6828	0.06262255821550632
6958	0.02532641306112362
6985	0.02445675490141392
7001	0.03422207392135396
7195	0.08254979135951647
7272	0.060212748132633456
7291	0.08335496178346334
7296	0.027320342999263218
7372	0.06584908625045065
7421	0.08254979135951647
7493	0.06974582971850025
7501	0.020685073710473748
7566	0.04991783714799121
7651	0.032351951767587435
7653	0.09364987276810559
7665	0.16008148140628498
7751	0.08298987102416908
7769	0.02445675490141392
7807	0.07306005079882111
7811	0.014882976668522022
7821	0.016813553713571003
7862	0.02532641306112362
8060	0.02152759164233017
8089	0.02628792491408217
8098	0.045547669790122446
8103	0.020468246253421977
8109	0.03962292616334897
8386	0.022482292404935534
8388	0.025781114399352368
8392	0.04843135588430503
8598	0.042646862752229675
8653	0.032114308025384744
8686	0.05872626686894727
8715	0.09364987276810559
8731	0.041945043200845314
8775	0.03373164843535378
8777	0.022730874224642806
8865	0.03176482326506789
8929	0.04217531784489437
8991	0.042646862752229675
9139	0.14043142410653267
9176	0.0713106880349073
9269	0.04338349720514327
9328	0.061864717649042715
9451	0.05445349275858304
9495	0.014882976668522022
9503	0.2290099182706455
9652	0.02510417823625302
9699	0.1220315541005301
9727	0.08335496178346334
9777	0.06372369284422222
9796	0.09364987276810559
9998	0.01816837724003394
10102	0.23542276444132884
10167	0.34941305591574684
10224	0.03023454567912285
10477	0.0829972908443854
10530	0.07504331472786753
10607	0.06584908625045065
10853	0.03165013221620307
10873	0.03693990349912992
10948	0.04810471172600148
10993	0.05555417526580841
11017	0.060212748132633456
11372	0.03283895989029549
11516	0.023305878304428696
11535	0.03097998469511599
11536	0.034541981221843626
11537	0.028847312476184196
11544	0.017546622930378293
11592	0.011822139645694034
11650	0.14529406765291505
11663	0.026409882025347508
11689	0.15470941999320142
11710	0.046448091955258584
11716	0.04614184570298723
11807	0.041945043200845314
11819	0.061864717649042715
11861	0.05445349275858304
11872	0.04808187112398815
12054	0.08335496178346334
12161	0.17525547178765513
12188	0.018838952187255238
12236	0.058035332196777784
12262	0.030763157238064224
12377	0.08529372550445935
12434	0.05298076625540001
12488	0.05950839933508823
12516	0.024316636720466814
12555	0.09228369140597446
12590	0.032114308025384744
12649	0.03142337335321527
12659	0.030131044096338315
12666	0.17480317903138493
12766	0.023644279291388067
12829	0.018928133080864197
12850	0.03678529411234225
