30
t_index	tf-idf
66	0.36167613730662473
1203	0.09997137883926688
1737	0.11303448614770215
1740	0.23097536658582743
2577	0.104179192355791
2909	0.07665425686685444
3167	0.06532831682407375
3343	0.2047175578796042
4342	0.1778510234225166
4644	0.21782283945104391
5556	0.1706094032379877
7215	0.1268853487334823
8023	0.20869890215099043
8037	0.06209933122199864
8598	0.2257324410147322
8719	0.12870943863021825
8777	0.12031590119390934
9109	0.25594943203082915
9735	0.22831020465872132
10205	0.26018574177978504
11134	0.1675260767740531
11209	0.16003329104819092
11658	0.1843161507557889
11686	0.26421815116993125
11889	0.07458780043985032
12196	0.12301538521174475
12567	0.22081741893285914
12834	0.1190001424878021
12835	0.1675260767740531
12839	0.14830843932311033
