158
t_index	tf-idf
40	0.05470544890381455
44	0.09087509069369364
231	0.048141299029008565
305	0.06948320045321288
554	0.04002105253026647
604	0.034533663101869796
729	0.07636591719773866
758	0.03307173769961909
872	0.014206597242295936
875	0.044007993783961565
1012	0.09426564936736435
1070	0.09236394290540495
1075	0.030291696897897877
1223	0.05950957770442582
1397	0.05806033854940717
1654	0.03938619775858136
1692	0.07735917983553652
1716	0.24087491298133445
1947	0.12330952746892386
2063	0.05715807132459507
2116	0.06109277505163469
2152	0.08430849466618388
2199	0.03613201440163792
2284	0.1847278858108099
2430	0.027584348271222414
2464	0.030200288045342125
2594	0.0677678581242572
2631	0.041898852181990465
2650	0.22863228529838028
2737	0.04737943497041366
2815	0.08228979717503697
2891	0.017606122563033993
3077	0.07695188426069792
3199	0.053599315495240885
3433	0.029750416569121092
3593	0.19051858213711204
3611	0.07598731832539025
3871	0.030383595880691675
4216	0.11018122771931191
4219	0.05439488854862662
4304	0.061512400207335
4336	0.052899662464034714
4359	0.09787722224692401
4430	0.027820753663798308
4505	0.04641359527201761
4587	0.01873559037851766
4593	0.08228979717503697
4598	0.029839451154945247
4640	0.07869166941601353
4903	0.06948320045321288
5345	0.048141299029008565
5414	0.02838538747653711
5450	0.03803832382299868
5474	0.03562415148952326
5484	0.021030873650095705
5515	0.027121100632592134
5656	0.08308354856511355
5769	0.022536739902534436
5797	0.08968842844962734
5855	0.04208022021548995
5874	0.06109277505163469
5903	0.07735917983553652
5916	0.06165476373446193
5927	0.08228979717503697
6024	0.09236394290540495
6229	0.10111904417583215
6401	0.07471717295490458
6427	0.10806835900647954
6447	0.10806835900647954
6460	0.2038292344584358
6476	0.06547924766538869
6612	0.028303577682886976
6668	0.04527813915444725
6708	0.019597515413663287
6760	0.027584348271222414
6789	0.08659710512505239
6850	0.05158061800409394
6902	0.09236394290540495
6948	0.10806835900647954
6970	0.07471717295490458
7001	0.019745479951888953
7133	0.07217959738666081
7215	0.027662788313071937
7481	0.11387035857919599
7543	0.04484421422481367
7574	0.028060465532554604
7700	0.03264589916750658
7743	0.026670045147581443
7821	0.05820658710531873
7862	0.029225708675687988
7932	0.049491533887417206
7944	0.0468897125333498
7968	0.051900984700414286
8036	0.018829247000795198
8037	0.05415410592709941
8103	0.02361957063011802
8167	0.02939883256413384
8568	0.08659710512505239
8805	0.02050509256624707
9278	0.058529932834741324
9280	0.0408491903870367
9329	0.1091751089832149
9330	0.05324591907347745
9390	0.03350842678041228
9420	0.04572333611291724
9426	0.03361935997822882
9443	0.02055695075778616
9458	0.044631303173446574
9495	0.05152315165493734
9740	0.08430849466618388
9844	0.03652303788402004
9845	0.1001946209528983
9891	0.04169588898388428
9894	0.02552222760197579
9960	0.11612067709881434
9998	0.010482805027418175
10087	0.0408491903870367
10093	0.08048401073525713
10094	0.07885047819995158
10196	0.24686939152511092
10211	0.028800398533482808
10217	0.02623055647200451
10228	0.02538400814941297
10284	0.05950957770442582
10329	0.029661842112408958
10452	0.01994477428147466
10464	0.12004246239831279
10477	0.03192522943320341
10773	0.03047599027818476
10873	0.010656807732386617
10929	0.07353469590460975
11023	0.09618842683633172
11089	0.2920121889344427
11153	0.028969258216888883
11186	0.0622358064706446
11202	0.04068033070363062
11211	0.08048401073525713
11358	0.08923911200568434
11377	0.06477959463418254
11463	0.10111904417583215
11493	0.06165476373446193
11673	0.048402970054167854
11680	0.07353469590460975
11828	0.07735917983553652
11870	0.10111904417583215
11876	0.010715203425089333
12063	0.05715807132459507
12220	0.08228979717503697
12309	0.10130790690483536
12333	0.10806835900647954
12449	0.09236394290540495
12534	0.049491533887417206
12555	0.15973775722043235
12564	0.031137085094640124
12667	0.06477959463418254
12725	0.07885047819995158
12739	0.04195512749897217
12778	0.07353469590460975
