74
t_index	tf-idf
189	0.05650255383066391
212	0.18236027942196806
225	0.18236027942196806
342	0.11118953935878986
355	0.060231051504591106
371	0.09731291021289859
394	0.09418812430286165
433	0.056678674305367875
644	0.0828678544408534
742	0.08165557907721196
850	0.11940217436623635
1148	0.09135043928370118
1358	0.08370328528882788
1446	0.08126182776916166
1465	0.08087302943919779
1589	0.08205441118739135
1713	0.11682492723912392
2146	0.08635425710129867
2403	0.14514661215706043
2440	0.06586643938492517
2493	0.043047281585324004
2729	0.07019823998976564
2813	0.05529703380737994
2873	0.13474657171386167
3061	0.09359936250767029
3294	0.3257992853500257
3900	0.03870761485658407
4200	0.054463855067656844
4206	0.12077613654852652
4666	0.11223740444285978
4783	0.08328274737741773
4878	0.06885997643667847
4992	0.08126182776916166
5414	0.05119082398288049
5425	0.089765011786169
5469	0.12627479584228782
5548	0.040643245981835115
5769	0.040643245981835115
5786	0.22035207353635683
5792	0.07460031878010565
6125	0.12372208458443955
6168	0.06447180915794487
6178	0.13261406693141073
6556	0.0592559214324803
6598	0.13061924192975513
6959	0.04259604642272407
7195	0.08589633673056574
7340	0.05365254708134926
7421	0.08589633673056574
7483	0.06938834929761803
7651	0.1346539632458734
7811	0.06194531346081451
8805	0.03697932907130709
8877	0.02111557483540561
8950	0.10919471435713426
9139	0.21918671193377331
9497	0.08456192549376478
9503	0.2723359040882247
9636	0.12372208458443955
9699	0.12697867905107665
9722	0.0966621691314846
10102	0.32662231630884786
10167	0.19831536170553649
10209	0.054299880891670954
10747	0.0828678544408534
10840	0.11444613382542701
10948	0.03336990882466615
10984	0.07397587209388219
11305	0.07157722129784018
11581	0.11940217436623635
12377	0.08875150919555756
12647	0.09797764679361548
12829	0.019695474283078735
12850	0.0765531192209946
