381
t_index	tf-idf
15	0.015223725498239412
34	0.024146485478733545
56	0.02095585988264471
82	0.02529315046492471
91	0.016213631531322166
115	0.0539928753667193
178	0.030496032769405802
182	0.04643944492601282
197	0.05009205796200513
207	0.06066136676557845
208	0.04860903601315157
211	0.03493445368260819
224	0.04619124055729097
277	0.01874721613072535
278	0.019188894978820963
299	0.03636234310538603
320	0.020501258803632034
327	0.038509117837193525
333	0.0539928753667193
342	0.03460830043247935
355	0.0374944322614507
371	0.03028913018282637
515	0.05009205796200513
534	0.03184062643833438
596	0.020878585575860257
644	0.025793034301812727
677	0.0442606681706134
685	0.04265350773201696
790	0.022196279208769362
799	0.0539928753667193
864	0.03184062643833438
872	0.023923513239081335
901	0.02057554951620081
918	0.03442295687286676
932	0.03208419892844364
998	0.03562193175371766
1020	0.016649904744233567
1032	0.026595215364691636
1081	0.060992065538811605
1095	0.06986890736521638
1148	0.02843328127448861
1175	0.03285425775957268
1218	0.04007264736440334
1233	0.07800518015612386
1245	0.06066136676557845
1358	0.1563183979985946
1407	0.06066136676557845
1420	0.016901109602431633
1446	0.07587945139477414
1456	0.03952274915843182
1497	0.01874721613072535
1585	0.0539928753667193
1587	0.029503338560830022
1589	0.05107969203865476
1600	0.02793980903362021
1774	0.030086583765427697
1848	0.05184610063491182
1996	0.23025360307667744
2057	0.04154620431628558
2069	0.014723841661351399
2075	0.029693851706526886
2076	0.0374944322614507
2086	0.060992065538811605
2087	0.09725348076541203
2106	0.03598501633315781
2118	0.04860903601315157
2146	0.08063458371947252
2164	0.05676054936086428
2173	0.12034633506171079
2199	0.020281767926775905
2265	0.04007264736440334
2287	0.04342356656314599
2328	0.03952274915843182
2332	0.033987401170141866
2350	0.0539928753667193
2379	0.07800518015612386
2431	0.02592217180412397
2440	0.020501258803632034
2493	0.0937907723827673
2506	0.027665534809545773
2509	0.0336913593670401
2537	0.02237444354992866
2590	0.03285425775957268
2615	0.013613276527916758
2668	0.033987401170141866
2729	0.06554866024467547
2730	0.03184062643833438
2738	0.041940544614292426
2813	0.03442295687286676
2861	0.04065589256900101
2891	0.019765479330576225
2898	0.025052622950144345
2909	0.009380681435923596
2955	0.024476366920914972
3016	0.02237444354992866
3019	0.037592176771754256
3077	0.02159747088488989
3105	0.038509117837193525
3159	0.028603561816574134
3166	0.03636234310538603
3167	0.007994652272686906
3203	0.02470274441185997
3212	0.04529606707087904
3214	0.017641520954100015
3294	0.06760443840972653
3359	0.04302978024974067
3422	0.032590663202983115
3597	0.06680831193108838
3602	0.06066136676557845
3640	0.031144858319774118
3672	0.029133269879833532
3810	0.04732438396786015
3847	0.05938770341305377
3862	0.031603068702701326
3871	0.017055042477930542
3881	0.021764789875629464
3886	0.027780787240006696
3900	0.10843144908558494
3901	0.025052622950144345
3909	0.05676054936086428
3981	0.013188769453136637
3993	0.03598501633315781
4005	0.038509117837193525
4026	0.04619124055729097
4072	0.04517760923605267
4130	0.011986660876479167
4138	0.023723533876789688
4173	0.04517760923605267
4187	0.03562193175371766
4206	0.037592176771754256
4207	0.09086739054847912
4260	0.01700345737057915
4276	0.02159747088488989
4321	0.04619124055729097
4329	0.03340415596554419
4332	0.04732438396786015
4336	0.029693851706526886
4353	0.01985726085199578
4358	0.021351825213117317
4366	0.03184062643833438
4369	0.024934577303842183
4393	0.03952274915843182
4415	0.0762471225887535
4421	0.02747041840600495
4428	0.031371235810719114
4457	0.00870606405613873
4472	0.01509629847677032
4532	0.1557242915988706
4545	0.06066136676557845
4587	0.010516737090944066
4644	0.013328200871529907
4654	0.04732438396786015
4765	0.024146485478733545
4878	0.02143301218835047
4919	0.04265350773201696
4920	0.01797715729959632
4949	0.010490558572828367
4970	0.016025906561118325
4973	0.0743290483365299
4979	0.3494165294510475
4990	0.010890918677243984
4992	0.1517589027895483
5041	0.02321972246300641
5048	0.03900259007806193
5053	0.0336913593670401
5195	0.02095585988264471
5211	0.10369220126982363
5216	0.01814947115025358
5280	0.05009205796200513
5355	0.05676054936086428
5361	0.05676054936086428
5362	0.018266085904983034
5414	0.015933400084237735
5425	0.02793980903362021
5448	0.07025427709970568
5450	0.021351825213117317
5469	0.039303661988005334
5515	0.015223725498239412
5548	0.025300827318866185
5703	0.037592176771754256
5769	0.012650413659433092
5786	0.034292842680363
5792	0.02321972246300641
5907	0.03952274915843182
5925	0.02237444354992866
5980	0.1279605231960509
6019	0.03676826310257039
6168	0.0200671731678259
6173	0.02143301218835047
6187	0.030923685372895113
6348	0.008947966158281072
6544	0.02159747088488989
6554	0.00738889164364049
6556	0.018443702016978928
6598	0.04065589256900101
6601	0.017370500230046895
6620	0.041757171151720514
6625	0.01421009417700111
6630	0.02673566456668505
6635	0.038509117837193525
6693	0.07054410643086655
6708	0.011000556325011164
6779	0.029693851706526886
6780	0.038509117837193525
6824	0.025172135039475227
6841	0.029503338560830022
6909	0.012552741759893465
6958	0.04921527769807886
6959	0.013258232566973345
7001	0.022167224751735062
7026	0.04860903601315157
7049	0.05009205796200513
7133	0.013505380823513425
7136	0.034292842680363
7180	0.041940544614292426
7195	0.02673566456668505
7206	0.016072495511590013
7261	0.03312527848362579
7264	0.0412767918313385
7272	0.11700777023418579
7284	0.07701823567438705
7340	0.05009887114562342
7421	0.08020699370005516
7472	0.0220213543994098
7483	0.02159747088488989
7591	0.014095334174440761
7635	0.0539928753667193
7671	0.025052622950144345
7678	0.1279605231960509
7726	0.022904091191672974
7755	0.0268781945731575
7769	0.0158417746348054
7811	0.06748276059507527
7901	0.03952274915843182
7929	0.02529315046492471
7943	0.05184610063491182
7975	0.019384574934239947
8018	0.02673566456668505
8021	0.02184955341489182
8046	0.04517760923605267
8089	0.017027908395218037
8109	0.025665607280343634
8130	0.05009205796200513
8137	0.08684713312629198
8183	0.03028913018282637
8386	0.014562823685663837
8388	0.06679849486083123
8464	0.02184955341489182
8500	0.03527205321543327
8505	0.007854495379070922
8509	0.02321972246300641
8589	0.02747041840600495
8645	0.015527787809910218
8651	0.014133435608286655
8653	0.0208019270071458
8731	0.10867900080996472
8753	0.02988821386186555
8754	0.047037665097072294
8769	0.04342356656314599
8773	0.03598501633315781
8777	0.0441715249840542
8792	0.029503338560830022
8827	0.0442606681706134
8844	0.028603561816574134
8877	0.05257862650910952
8879	0.030705726001101306
8891	0.037592176771754256
8965	0.04529606707087904
8985	0.03527205321543327
8993	0.034292842680363
8995	0.05676054936086428
9139	0.045481973820898317
9156	0.026053066333099097
9178	0.02382754137054666
9187	0.0442606681706134
9212	0.03028913018282637
9260	0.015661100790248343
9269	0.028101503587209618
9307	0.019517274961854385
9383	0.041940544614292426
9443	0.011539110438655168
9456	0.04007264736440334
9476	0.031603068702701326
9489	0.03070748302776519
9503	0.1695318254143137
9525	0.02458888983487756
9553	0.03863781011658447
9580	0.014764520789491323
9636	0.038509117837193525
9677	0.0539928753667193
9722	0.030086583765427697
9728	0.02988821386186555
9809	0.0442606681706134
9826	0.013981926973564426
9872	0.03716452416826495
9883	0.028603561816574134
9891	0.019504087023570833
9938	0.02592217180412397
10006	0.02673566456668505
10038	0.028776910641087627
10102	0.050831415059169
10128	0.011685992672965401
10166	0.02793980903362021
10167	0.12345329709720487
10222	0.03340415596554419
10235	0.04517760923605267
10355	0.038509117837193525
10375	0.016850341149676998
10477	0.017920398436018416
10618	0.03340415596554419
10658	0.029693851706526886
10665	0.021514890124870335
10687	0.029503338560830022
10696	0.041757171151720514
10727	0.02193507041771499
10757	0.03900259007806193
10768	0.04342356656314599
10861	0.03184062643833438
10873	0.041873455824017636
10880	0.021112295841147547
10948	0.010386551079071394
10952	0.0412767918313385
11063	0.0539928753667193
11117	0.03184062643833438
11132	0.023518832548536147
11197	0.03312527848362579
11228	0.03952274915843182
11246	0.05009205796200513
11305	0.011139384123196684
11357	0.030923685372895113
11364	0.031371235810719114
11401	0.0178639724709153
11418	0.02529315046492471
11427	0.04619124055729097
11428	0.08684713312629198
11437	0.020725874441358785
11465	0.11561025281733388
11537	0.01868574244251432
11541	0.022464778480974383
11544	0.011365761614141677
11554	0.03952274915843182
11577	0.022740986910449158
11582	0.04342356656314599
11592	0.038288741233910725
11636	0.013188769453136637
11681	0.0539928753667193
11702	0.02159747088488989
11824	0.06066136676557845
11833	0.03641520367502863
11857	0.01721147843643338
11876	0.03007350583060829
11889	0.009127795683256093
11985	0.06066136676557845
12055	0.020516206500375098
12146	0.03460830043247935
12183	0.023723533876789688
12216	0.04342356656314599
12262	0.03985344793166498
12323	0.09531016548218664
12329	0.019719821379253055
12377	0.027624351281503853
12434	0.17159049971687512
12435	0.1351143398409047
12451	0.025172135039475227
12516	0.031502027178577
12525	0.02168076663873917
12534	0.027780787240006696
12554	0.04065589256900101
12590	0.0416038540142916
12601	0.0539928753667193
12647	0.030496032769405802
12649	0.0407087531386436
12664	0.033987401170141866
12666	0.09435677310234118
12681	0.12196767770700305
12718	0.02237444354992866
12766	0.015315496493564288
12786	0.03460830043247935
12807	0.03460830043247935
12829	0.01839094473490348
12850	0.04765508274109332
