30
t_index	tf-idf
44	0.11184973013705206
1206	0.14372763137568384
1716	0.11117648057386399
2631	0.1547082464677997
2801	0.09847706328749743
3133	0.1489800799840235
3212	0.1489800799840235
3593	0.1758687543153827
3871	0.11218905996925005
4080	0.329508466598932
4990	0.07164109559871404
5202	0.24447039847818894
6057	0.30384866315295006
6460	0.1881558909118101
6959	0.0872134238579112
7187	0.11714123945772077
7248	0.22162371869583616
7743	0.09847706328749743
7968	0.1916403413171435
8037	0.04998995396474257
8651	0.09297056029508079
9329	0.26874705453918724
9845	0.24664055307608293
9926	0.27588733836134055
9998	0.038706940629576365
10475	0.16479760881145547
11089	0.17970537514585308
11157	0.23671152743355398
11650	0.2063618111905933
12309	0.18703577561615195
