196
t_index	tf-idf
210	0.07836318898043836
221	0.08993007489006745
356	0.07856866097981331
394	0.050851216399535756
410	0.06520581549942178
553	0.058439620992168845
554	0.038966463946999555
660	0.03746206851294677
680	0.06520581549942178
714	0.06059584033220496
790	0.03850073635395725
841	0.04265085854547638
872	0.013832241389274176
1123	0.030037690538299553
1169	0.12614519505228577
1273	0.03128146001694669
1301	0.017617153406844367
1420	0.0293159569120699
1475	0.03746206851294677
1589	0.04430034731777489
1714	0.08431519816271602
1806	0.05698761960096975
1859	0.07052000861547562
1879	0.03595023382372641
1885	0.0986383578734672
1899	0.1052206663443629
2087	0.0674767259365608
2098	0.04764903732895193
2111	0.06059584033220496
2146	0.09324358134066525
2167	0.03108397263584729
2219	0.08569669185315157
2239	0.06059584033220496
2245	0.0493191789367336
2389	0.05745772079879146
2468	0.0493191789367336
2493	0.06972237681265368
2520	0.14104001723095125
2613	0.06598211774583397
2615	0.023613019352710547
2656	0.06950833590940095
2759	0.06679630307080925
2777	0.08688758592748087
2778	0.038966463946999555
2801	0.025967266900892853
2868	0.06178831100334589
2891	0.051426559027658206
2928	0.09226189357251975
2929	0.06679630307080925
3123	0.06765225935361563
3167	0.013867189022864577
3193	0.027399578037370458
3359	0.03731882738502987
3640	0.16206770076273397
3649	0.09845447183710997
3651	0.03834833813549722
3900	0.10448925031423731
3928	0.05745772079879146
3981	0.02287668715879753
4136	0.07669667627099444
4143	0.04902895442257586
4206	0.06520581549942178
4264	0.0763946382106932
4268	0.06375381410822269
4393	0.13710901102119769
4430	0.027087653274458605
4457	0.01510117410911074
4527	0.05565190780191191
4617	0.04062004228896449
4851	0.1052206663443629
4895	0.0673851047184271
4949	0.1273753849523787
4953	0.056085373443986536
4970	0.02779786636937784
4979	0.046621790670332626
5026	0.09845447183710997
5061	0.06679630307080925
5155	0.05794144999977184
5424	0.11687924198433769
5425	0.2907793359235633
5548	0.06582863323478667
5612	0.04473951710926084
5769	0.021942877744928892
5850	0.08208689452510472
5895	0.07052000861547562
5925	0.038809772758758854
5976	0.06178831100334589
6085	0.06446402720314191
6194	0.056085373443986536
6307	0.1933920816094257
6388	0.024782271028954313
6391	0.03241150629754941
6671	0.038809772758758854
6693	0.06118142634345782
6708	0.019081104307283298
6747	0.1052206663443629
6760	0.026857477363924565
6763	0.1256504474304981
6805	0.053260866391435006
6828	0.03517990526233965
6909	0.021773460158404763
6945	0.06446402720314191
7001	0.01922516985478094
7120	0.08012139142022794
7133	0.023425867982434213
7165	0.03993882570688469
7195	0.09274912818028551
7296	0.030695874005693825
7340	0.057932935860303146
7483	0.07492413702589354
7574	0.027321048532729143
7700	0.03178565211312192
7769	0.027478478841286225
7808	0.03385384778171155
7811	0.016721824343821495
7821	0.018890931434999165
7832	0.07619738189670981
7975	0.033623671871177506
8012	0.052538256731739084
8060	0.024187406458140555
8089	0.04922649464635001
8103	0.022997174967001682
8108	0.06375381410822269
8388	0.028966467930151573
8392	0.054415231836204885
8407	0.043048198482215375
8505	0.013624078744851555
8805	0.039929532068567766
8877	0.011400085449235122
8880	0.03662050420079558
8929	0.047386236796217424
9109	0.05433017911397353
9130	0.05289714129351282
9131	0.1052206663443629
9139	0.03944556352138892
9178	0.04133025538388372
9235	0.047386236796217424
9260	0.0814952686709603
9272	0.04473951710926084
9495	0.016721824343821495
9510	0.04408502189228281
9722	0.05218692819859358
9826	0.04850492995391847
9929	0.08993007489006745
9998	0.020413148497551336
10116	0.03060024343486689
10131	0.08742089253530397
10167	0.32120537853626363
10209	0.0586319138241398
10255	0.06003010856355631
10301	0.09365378043473381
10417	0.06241810230916484
10452	0.019419212610222465
10655	0.06446402720314191
10658	0.10301142323302757
10682	0.05022142509371679
10746	0.04902895442257586
10759	0.08688758592748087
10776	0.06446402720314191
10867	0.03199167311186592
10873	0.04150396734119919
10948	0.018016076521701372
11001	0.07836318898043836
11046	0.0404471133949176
11258	0.06003010856355631
11279	0.08609639696443075
11350	0.046374564090142754
11384	0.09365378043473381
11404	0.0770014727079145
11437	0.03595023382372641
11481	0.03717680534532189
11514	0.09384438005084006
11516	0.15711244270485242
11563	0.08431519816271602
11592	0.03984842822636543
11658	0.03912464038190942
11663	0.02967292215830408
11773	0.06855450551059884
11857	0.02985430969354264
11889	0.03166538425548273
12164	0.059482928757841606
12188	0.042333150997033386
12262	0.034564060876630776
12323	0.04133025538388372
12434	0.059526738948509246
12476	0.09178166977832472
12516	0.054642097065458285
12581	0.02471511806533334
12612	0.028205893761190527
12616	0.08688758592748087
12624	0.09354727255078764
12717	0.09583208569642503
12718	0.038809772758758854
12739	0.020424787202236824
12766	0.013282809408788478
12829	0.0319001625398086
