137
t_index	tf-idf
16	0.029449127886382338
82	0.045404268198622075
338	0.11608724586738467
415	0.07001437257889302
433	0.031668666580003786
596	0.03747958959912285
748	0.051974931828592856
758	0.0333245583109217
790	0.039845009248809814
858	0.036278864683657264
918	0.030896688180712492
1022	0.1681532473364738
1032	0.09548326475921814
1081	0.05474407202757257
1148	0.051041183285728854
1157	0.029623575239827386
1340	0.08992131041492121
1358	0.0467684092112186
1501	0.0969237500628847
1596	0.04774163237960907
1745	0.07094812112175704
1762	0.08291887076695774
1996	0.08266662045355175
2076	0.033653523326696494
2087	0.03491635516141659
2146	0.19299845731543183
2397	0.07094812112175704
2420	0.08291887076695774
2460	0.18614005887046337
2506	0.049662985403612525
2730	0.05715778049962961
2829	0.06828591712294843
2918	0.0597771907882367
2955	0.04393804282097023
3268	0.0594638864980582
3294	0.24271630829296048
3305	0.04203831183411845
3809	0.03033953853662006
3900	0.0432550183653208
4129	0.1018920600601219
4226	0.35678331898834925
4238	0.1018920600601219
4304	0.03099131932788789
4330	0.045847116594714125
4419	0.17019400678457974
4638	0.05365296347893912
4673	0.04774163237960907
4783	0.0465334376797931
4878	0.038474852512094815
4949	0.018831823091970488
4979	0.1447488429865739
4987	0.09124854594379438
4992	0.045404268198622075
5024	0.05365296347893912
5345	0.04850932059352273
5414	0.02860238275749455
5544	0.023065122540954268
5844	0.0969237500628847
6102	0.051041183285728854
6168	0.036023006061015495
6173	0.038474852512094815
6213	0.09808150296416387
6348	0.016062682892990777
6482	0.1088944997080854
6556	0.03310867873559977
6587	0.0935368184224372
6625	0.051017679907844324
6726	0.0333245583109217
6798	0.0264310789054579
6799	0.04850932059352273
6836	0.14552796178056823
7001	0.019896426489904022
7169	0.04630162022401309
7195	0.047993755706216196
7377	0.03891960175471884
7421	0.1439812671186486
7591	0.025302831851374774
7700	0.032895464408348084
7811	0.017305675390493082
7902	0.148193680284135
8021	0.03922259445874926
8103	0.04760026617841537
8131	0.0728164592834391
8277	0.07193525499661757
8278	0.06331760712571122
8292	0.09124854594379438
8505	0.014099770420087743
8509	0.041682213833738435
8521	0.051041183285728854
8533	0.08291887076695774
8645	0.02787425960360912
8653	0.03734197818458355
8731	0.1950919679688306
8844	0.05134685748051054
8877	0.011798125261448602
9139	0.04082282553987334
9233	0.07094812112175704
9260	0.02811357254811652
9443	0.020714100675468323
9503	0.19020634855244564
9509	0.10208236657145771
9541	0.042773322382371866
9570	0.04221915266083862
9652	0.029190716963263176
9728	0.05365296347893912
9820	0.0590722626007171
9826	0.025099252191680552
9891	0.02100731894389047
10102	0.04562427297189719
10121	0.032373668187346355
10133	0.08517323267060728
10166	0.15046602255499836
10167	0.147742412692027
10209	0.03033953853662006
10358	0.07193525499661757
10452	0.04019448869472795
10821	0.15404057244153163
10853	0.03680224234700696
10873	0.10738274895373563
10890	0.034446390348319665
10974	0.04824961432885796
11116	0.047248166204401434
11465	0.04150688094555924
11544	0.02040291854214566
11861	0.06331760712571122
11909	0.06527480951717726
12022	0.09307002943523168
12180	0.08291887076695774
12323	0.042773322382371866
12434	0.2464205818973694
12435	0.09701864118704547
12638	0.03680224234700696
12647	0.05474407202757257
12659	0.03503587218615496
12664	0.06101150112728263
12666	0.03387636694951343
12766	0.04123975647200494
