443
t_index	tf-idf
142	0.03510272988519988
180	0.04344561904467677
182	0.015721059745028753
184	0.015148758318304997
190	0.023814376105734725
205	0.03510272988519988
208	0.03291105483833876
216	0.03391514421530098
220	0.03510272988519988
224	0.031274071154601735
234	0.03510272988519988
342	0.0234317683874016
356	0.030667988291877217
367	0.02794671260595111
371	0.020507446890797733
394	0.019848938364488124
467	0.027131438989460074
498	0.023011384620351696
553	0.02281094764781665
566	0.02996696492706541
576	0.03204127305745072
639	0.02880375990060516
661	0.021722809522338384
728	0.02108682303053803
738	0.010819049927389099
790	0.015028131025870238
850	0.10064990324939647
863	0.014456388114699579
871	0.01232757181991727
872	0.010798377156654652
947	0.03391514421530098
971	0.029400199996751468
983	0.009266114992168114
994	0.02675912693605222
1020	0.011272923164786295
1022	0.015855367341102936
1032	0.018006458533100362
1075	0.02302459640685246
1148	0.03850186533242195
1175	0.02224418271750271
1221	0.03391514421530098
1301	0.013753133824085995
1358	0.03527878621429628
1379	0.02996696492706541
1446	0.017124887269113327
1448	0.031274071154601735
1456	0.02675912693605222
1466	0.023011384620351696
1471	0.03054332346238124
1555	0.0154604774916618
1587	0.019975421710211314
1596	0.036012917066200724
1633	0.02996696492706541
1636	0.02996696492706541
1638	0.019026300487592542
1713	0.024619354057300497
1816	0.03291105483833876
1840	0.014851277964140713
1879	0.01403258419129176
1974	0.03204127305745072
1989	0.020370311559652444
2054	0.02281094764781665
2057	0.014064560015221852
2071	0.024118053875352975
2076	0.012692921085239362
2087	0.01316921667742524
2120	0.038052600975185084
2146	0.01819805139343625
2153	0.0938222134638052
2161	0.03391514421530098
2173	0.04074062311930489
2199	0.01373189907069924
2277	0.01316921667742524
2298	0.024619354057300497
2332	0.023011384620351696
2373	0.021240093340540486
2464	0.011477558453698711
2493	0.02721498634578608
2506	0.03746225014635497
2509	0.02281094764781665
2537	0.015148758318304997
2544	0.07020545977039976
2575	0.026406949945459734
2615	0.009216954852149727
2633	0.027526328838901208
2635	0.016962036596104214
2656	0.027131438989460074
2657	0.02516247581234912
2661	0.021397057264270488
2689	0.03041984030781627
2738	0.05679222123957849
2742	0.03204127305745072
2750	0.03291105483833876
2778	0.015209920153908135
2796	0.06237208598010706
2813	0.058265700899426086
2829	0.025755037559089998
2873	0.05679222123957849
2891	0.020073513923789185
2898	0.016962036596104214
2909	0.006351249612832044
3105	0.026072841448100854
3133	0.015333994145938609
3135	0.026072841448100854
3153	0.029400199996751468
3167	0.01623848944188038
3171	0.06117557133330073
3193	0.021389951870717246
3203	0.016725149121990975
3238	0.13214294280403688
3241	0.014294213240584464
3267	0.048727765166075264
3276	0.02206571435814953
3294	0.37761909901955176
3318	0.011724719885200604
3422	0.02206571435814953
3587	0.04344561904467677
3635	0.020370311559652444
3692	0.014679099984449745
3764	0.07020545977039976
3800	0.027131438989460074
3810	0.03204127305745072
3819	0.02242767901043938
3820	0.028878826801587144
3822	0.024363882583037632
3845	0.028878826801587144
3871	0.023094448452320875
3900	0.07341419743626905
3917	0.02281094764781665
3940	0.030587785666650366
3981	0.017859079312124167
3991	0.0234317683874016
4071	0.03510272988519988
4100	0.018496440401802185
4130	0.008115644451941859
4154	0.03510272988519988
4200	0.022955116907397422
4225	0.021722809522338384
4234	0.050904041417031795
4288	0.036012917066200724
4295	0.03510272988519988
4304	0.011688831708277139
4329	0.02261649477091056
4336	0.020104409838750982
4353	0.013444483874611595
4364	0.030587785666650366
4365	0.0363961027868725
4366	0.02155789722955134
4369	0.01688211304572098
4426	0.02214904280330392
4428	0.021240093340540486
4457	0.011788991310181497
4472	0.01022104422911195
4509	0.03510272988519988
4532	0.04217364606107606
4584	0.03655621727600023
4620	0.02743171015210272
4634	0.027131438989460074
4638	0.04047200792715652
4644	0.02707182773552449
4666	0.04730518501064924
4667	0.03510272988519988
4703	0.06783028843060196
4765	0.016348530498089722
4768	0.02794671260595111
4783	0.052652310418800065
4836	0.015209920153908135
4854	0.03510272988519988
4878	0.029022712538086054
4920	0.012171547890075036
4949	0.007102698938151077
4979	0.01819805139343625
4981	0.031274071154601735
4987	0.051623595911366615
4992	0.034249774538226654
5009	0.028878826801587144
5010	0.03655621727600023
5091	0.011306585708100178
5098	0.03655621727600023
5195	0.014188297286859686
5216	0.012288214070964778
5226	0.03391514421530098
5280	0.03391514421530098
5314	0.032551323761554805
5329	0.03510154027920004
5345	0.036592006858534275
5347	0.02281094764781665
5358	0.030587785666650366
5362	0.049468675308685865
5369	0.008136355717830182
5425	0.01891682416885209
5469	0.013305396291800565
5515	0.010307319498802975
5541	0.030587785666650366
5544	0.02609805018556252
5548	0.06852033972623994
5572	0.03391514421530098
5578	0.017207865303788872
5703	0.025452020708515898
5725	0.013444483874611595
5728	0.021892005726910222
5774	0.03291105483833876
5786	0.11609092861979355
5792	0.031442119490057506
5906	0.029400199996751468
5925	0.015148758318304997
5946	0.014347824141031564
5968	0.02242767901043938
6010	0.04977051155640392
6018	0.01755077013960002
6046	0.02261649477091056
6117	0.020790695326702354
6125	0.026072841448100854
6154	0.03510272988519988
6155	0.015333994145938609
6161	0.03655621727600023
6168	0.04075981900143461
6172	0.02794671260595111
6178	0.02794671260595111
6187	0.02093707648996639
6213	0.018496440401802185
6311	0.03291105483833876
6315	0.018496440401802185
6374	0.03655621727600023
6489	0.02281094764781665
6523	0.02108682303053803
6554	0.005002695754192737
6556	0.024974849875177254
6576	0.03291105483833876
6587	0.03527878621429628
6598	0.055052657677802416
6603	0.016780335730425183
6614	0.011206115526479241
6620	0.028271956458802237
6625	0.009621034010851607
6660	0.015855367341102936
6676	0.03510272988519988
6680	0.03391514421530098
6693	0.023881166401239735
6726	0.012568847093208884
6798	0.03987547995945827
6805	0.01039475286035126
6824	0.017042953011001827
6827	0.038715336251286314
6836	0.036592006858534275
6838	0.03510272988519988
6850	0.01960310965680346
6904	0.06254814230920347
6909	0.008498913089319127
6958	0.01110717153334285
6986	0.016348530498089722
7001	0.015008459522232617
7040	0.024118053875352975
7056	0.01657187881198852
7084	0.031274071154601735
7111	0.026406949945459734
7120	0.031274071154601735
7147	0.03204127305745072
7195	0.01810155055236105
7200	0.03204127305745072
7268	0.02064753159379961
7272	0.026406949945459734
7326	0.03655621727600023
7340	0.022613171416200357
7372	0.05775765360317429
7374	0.02155789722955134
7421	0.0362031011047221
7483	0.014622704068225596
7493	0.030587785666650366
7580	0.03391514421530098
7671	0.03392407319220843
7767	0.06117557133330073
7769	0.010725773570198424
7779	0.016725149121990975
7786	0.031274071154601735
7803	0.01688211304572098
7811	0.0261083595825519
7823	0.03510272988519988
7862	0.0222143430666857
7912	0.03291105483833876
7924	0.0362031011047221
7929	0.017124887269113327
7933	0.03510272988519988
8026	0.02996696492706541
8036	0.00715601727924876
8037	0.005145289635589583
8058	0.05679222123957849
8066	0.03391514421530098
8089	0.026900656822867595
8103	0.06283599067200937
8131	0.01373189907069924
8212	0.011907188052867362
8278	0.023881166401239735
8283	0.030587785666650366
8292	0.017207865303788872
8388	0.056532928540500904
8431	0.019366222182690223
8500	0.04776233280247947
8505	0.005317935703932542
8509	0.015721059745028753
8598	0.0187032415054092
8601	0.03391514421530098
8602	0.02996696492706541
8677	0.018006458533100362
8689	0.03391514421530098
8724	0.020328311531800466
8731	0.03679090194737553
8800	0.04311579445910268
8844	0.019366222182690223
8870	0.03655621727600023
8877	0.01779934557741133
8903	0.055052657677802416
8965	0.015333994145938609
9026	0.012288214070964778
9109	0.010603447202638654
9135	0.03920621931360692
9139	0.13857235934008608
9204	0.02155789722955134
9260	0.02120689440527731
9272	0.017463336778051737
9327	0.016648063161560697
9364	0.03783364833770418
9383	0.028396110619789246
9476	0.14977940084989344
9495	0.006527089895637975
9497	0.017820340510350075
9503	0.3586956035257891
9541	0.016132587375250102
9553	0.02615997336865901
9562	0.06408254611490144
9570	0.11146501882292251
9580	0.01999282410098703
9636	0.05214568289620171
9670	0.019137648286775107
9679	0.021240093340540486
9699	0.05351825387210444
9704	0.016132587375250102
9718	0.024363882583037632
9722	0.020370311559652444
9736	0.023881166401239735
9746	0.025755037559089998
9777	0.11178685042380444
9789	0.030587785666650366
9826	0.0473327598235158
9837	0.028396110619789246
9891	0.01584643836419549
9936	0.031274071154601735
9968	0.03291105483833876
9998	0.003983968870769617
10041	0.03655621727600023
10056	0.021892005726910222
10102	0.3785730366833552
10135	0.04061666039117302
10166	0.17025141751966882
10167	0.19503128051804985
10171	0.01403258419129176
10203	0.021722809522338384
10209	0.022886006001184955
10224	0.013259686015553301
10228	0.01929428202053106
10282	0.02794671260595111
10357	0.015721059745028753
10370	0.027131438989460074
10405	0.03510272988519988
10445	0.03655621727600023
10452	0.007579971168412703
10474	0.02155789722955134
10501	0.03204127305745072
10687	0.019975421710211314
10696	0.014135978229401118
10744	0.03655621727600023
10794	0.02365259250532462
10821	0.038732444365380446
10873	0.03645088422507433
10934	0.02996696492706541
10948	0.014064560015221852
10982	0.01810155055236105
11115	0.0456218952956333
11117	0.02155789722955134
11132	0.015923574117560353
11184	0.03041984030781627
11225	0.03291105483833876
11242	0.02155789722955134
11305	0.022625971124668492
11322	0.027526328838901208
11357	0.02093707648996639
11400	0.01763939310714814
11401	0.024189830773924424
11437	0.042097752573875276
11455	0.02108682303053803
11513	0.03291105483833876
11524	0.026406949945459734
11535	0.027173212667623074
11544	0.03847630342445976
11577	0.015396928815565121
11592	0.01036945363079623
11601	0.02488525577820196
11643	0.04217364606107606
11660	0.02108626969839643
11689	0.02261649477091056
11710	0.020370311559652444
11833	0.03698271545975181
11857	0.03495942053965565
11861	0.023881166401239735
11862	0.03204127305745072
11872	0.02108682303053803
11876	0.012216874236771095
11889	0.006180031716809112
11977	0.02794671260595111
12021	0.028396110619789246
12068	0.023011384620351696
12110	0.029400199996751468
12121	0.03655621727600023
12127	0.027526328838901208
12146	0.0234317683874016
12193	0.008240911536316361
12202	0.02155789722955134
12216	0.029400199996751468
12218	0.11010531535560483
12271	0.030587785666650366
12313	0.04248018668108097
12323	0.032265174750500204
12329	0.040054288834646914
12377	0.093516207527046
12434	0.08132350209690412
12436	0.02064753159379961
12445	0.02224418271750271
12459	0.03655621727600023
12516	0.031992969693303945
12520	0.015589465620201472
12546	0.030587785666650366
12564	0.011833586279540212
12581	0.00964714101026553
12590	0.014084076061291726
12612	0.011009708054619554
12659	0.013214294280403686
12666	0.051107879335021617
12719	0.08387141705268443
12766	0.03110836089238869
12807	0.0234317683874016
12829	0.016602273715405676
12839	0.012288214070964778
12850	0.032265174750500204
