138
t_index	tf-idf
496	0.11234298281320237
633	0.05252046841938307
660	0.04843730521653139
762	0.07368324371148376
808	0.20242829105351365
872	0.03576932746089356
1156	0.07690960189293966
1265	0.06266145999529438
1301	0.022778438844584074
1490	0.042605409915336526
1507	0.05142498384891794
1675	0.05540159665640992
1879	0.04648254934784789
2057	0.0232942341927662
2076	0.042044952139258504
2087	0.04362266819398787
2436	0.06195397329448484
2536	0.1360470933164662
2615	0.030530909553908553
2621	0.04631332172573721
2631	0.052746401491247846
2685	0.06659530487755982
2824	0.07910570715967372
2872	0.056725718279094554
2996	0.129077706490754
3146	0.0776170885937492
3238	0.04377198651457409
3293	0.05540159665640992
3294	0.03790463284679196
3547	0.09257271719220403
3719	0.08155093347601466
3808	0.03871893368263951
3900	0.13510139483003009
3901	0.056186279901865796
4011	0.04484719030224666
4094	0.24218292943602274
4120	0.1306761419099625
4200	0.038019096835202916
4298	0.0352242168591061
4436	0.06266145999529438
4457	0.019525354805172816
4552	0.06886860668894024
4587	0.023586206323466523
4598	0.03756483982092823
4620	0.03028892857411739
4859	0.16787439701614368
4949	0.047054989928426334
4990	0.024425394754307068
5469	0.04407375942273675
5934	0.03462759604846734
6155	0.050793434044067484
6428	0.10158686808813497
6544	0.04843730521653139
6547	0.05540159665640992
6554	0.03314258430187645
6603	0.02779220038982506
6665	0.04825209883290436
6701	0.053674562281094344
6755	0.04109787296923254
6910	0.06984952156671084
6922	0.09406133575812856
6947	0.04717305343368199
6958	0.07358440068850833
7001	0.024857554776342845
7187	0.03993826436980118
7343	0.2709869771140585
7366	0.03993826436980118
7481	0.03583780544561265
7574	0.07065055503585556
7584	0.21302704957668261
7587	0.2325536553909357
7651	0.04699834469603001
7726	0.02568385117107632
7731	0.06747609701783788
7784	0.07195620933616816
7811	0.021620805835614414
7830	0.12109146471801137
7832	0.032840292328901614
8023	0.057278989906492536
8112	0.1895231642339598
8131	0.04548653815236338
8210	0.08430911886637533
8372	0.10132119909701301
8386	0.03266048786159195
8641	0.10901696435658338
8645	0.0348246422692187
8692	0.09406133575812856
8719	0.03532527751792778
8724	0.06733697308024897
8805	0.025813829944949296
8844	0.0641500785612189
8865	0.04614541106344704
8877	0.029479921441513842
8879	0.034432333075885294
9000	0.045813459728097514
9269	0.06302409729138354
9401	0.12729861141165721
9437	0.10359450090839341
9495	0.021620805835614414
9549	0.06339293381498622
9570	0.052746401491247846
9692	0.06195397329448484
9759	0.09926474746483016
9783	0.09762511321796477
9826	0.06271538625456476
9941	0.06533807095498124
9998	0.06598393678291961
10090	0.08863887230993857
10116	0.07913035183535408
10121	0.04044596805795509
10190	0.16393335573053172
10228	0.03195588937592793
10541	0.04648254934784789
10835	0.06659530487755982
10853	0.04597879702152397
10873	0.026831678196144574
10920	0.04484719030224666
11032	0.10928890382035447
11153	0.03646935525046311
11175	0.06009926271475338
11316	0.04177008968063972
11543	0.06793035403211257
11592	0.017174265036757144
11623	0.026746289110109633
11775	0.02620853140052562
12052	0.06230481697934166
12183	0.053205491389675855
12188	0.08210319812874864
12420	0.051856526458302556
12434	0.038483123562668003
12477	0.21227167223911306
12566	0.04555687768916815
12589	0.24218292943602274
12591	0.04734918838088683
12719	0.07937764662344482
12786	0.0776170885937492
12788	0.06886860668894024
12868	0.1379363910645719
