440
t_index	tf-idf
142	0.034934225790535074
180	0.043237066469756905
182	0.015645593735741987
184	0.015076039535063066
190	0.023700059643772153
205	0.034934225790535074
208	0.03275307147014676
216	0.033752340903703416
220	0.034934225790535074
224	0.031123945820656966
234	0.034934225790535074
342	0.023319288562287516
356	0.030520772345447585
367	0.02781255963488807
371	0.020409004724518315
394	0.01975365724532435
467	0.02700119958703115
498	0.022900922768948204
553	0.02270144795664129
576	0.03188746491414931
596	0.014068121107703273
639	0.02866549283417281
661	0.021618533234878452
728	0.020985599677376097
738	0.010767115100123239
790	0.014955991291402295
850	0.10016675219873447
863	0.014386992925226936
872	0.010746541565161288
947	0.033752340903703416
971	0.02925906983110286
994	0.026630674748056405
1020	0.011218809603866092
1022	0.015779256613301196
1032	0.03584004378807323
1075	0.022914071134736945
1148	0.03831704432328781
1175	0.022137403675455854
1221	0.033752340903703416
1301	0.013687114475408256
1358	0.03510943699412582
1379	0.029823114112288295
1446	0.017042682448150517
1448	0.031123945820656966
1456	0.026630674748056405
1466	0.022900922768948204
1471	0.030396705946167706
1555	0.015386262358783593
1587	0.01987953343138415
1596	0.03584004378807323
1633	0.029823114112288295
1636	0.029823114112288295
1638	0.0189349682878187
1713	0.024501173449119173
1816	0.03275307147014676
1840	0.01477998717974454
1879	0.013965223393351137
1974	0.03188746491414931
2054	0.02270144795664129
2057	0.013997045723314231
2071	0.024002279665009958
2076	0.01263199108967734
2087	0.0131060003138851
2120	0.0378699365756374
2146	0.05433208514595646
2153	0.09337183746197089
2161	0.033752340903703416
2173	0.0405450553718035
2199	0.013665981655486693
2277	0.0131060003138851
2298	0.024501173449119173
2332	0.022900922768948204
2373	0.021138134241899198
2464	0.011422462579317207
2493	0.02708434588988681
2506	0.03728241961563379
2509	0.02270144795664129
2537	0.015076039535063066
2544	0.06986845158107015
2575	0.02628018831729091
2615	0.009172710582886138
2633	0.027394193841548762
2635	0.016880613509362954
2656	0.02700119958703115
2657	0.025041688049683618
2661	0.021294344689647426
2685	0.020007902376518616
2689	0.03027381554940916
2738	0.05651960079509241
2742	0.03188746491414931
2778	0.01513690777470458
2796	0.06207268043772318
2813	0.05798600729120312
2829	0.025631405314499752
2873	0.05651960079509241
2891	0.019977154771622634
2898	0.016880613509362954
2909	0.006320761626014482
2918	0.011218809603866092
3105	0.025947683645333966
3133	0.015260386172723793
3135	0.025947683645333966
3153	0.02925906983110286
3167	0.016160539608033365
3171	0.06088190943586905
3181	0.012229226795791396
3193	0.02128727340420805
3203	0.01664486316929864
3238	0.15781033836305694
3241	0.014225596541287074
3267	0.0484938566358498
3276	0.021959792020108813
3294	0.38719448210899515
3318	0.011668437558557766
3422	0.021959792020108813
3587	0.043237066469756905
3635	0.02027252768590175
3692	0.014608635708267719
3764	0.06986845158107015
3800	0.02700119958703115
3810	0.03188746491414931
3819	0.02232001912873086
3820	0.028740199390525453
3822	0.0242469283179249
3845	0.028740199390525453
3871	0.022983587868515343
3900	0.07306178630143714
3917	0.02270144795664129
3940	0.030440954717934524
3981	0.01777335013946785
3991	0.023319288562287516
4071	0.034934225790535074
4100	0.018407651696347647
4130	0.008076686817436845
4154	0.034934225790535074
4200	0.022844925158634413
4225	0.021618533234878452
4234	0.05065968607937548
4288	0.03584004378807323
4295	0.034934225790535074
4304	0.011632721656120686
4336	0.020007902376518616
4349	0.025947683645333966
4353	0.013379946142334481
4364	0.030440954717934524
4365	0.0362213900973043
4366	0.021454412572733412
4369	0.016801073617046875
4415	0.017125262162277895
4421	0.018509739158852744
4426	0.02204272046263502
4428	0.021138134241899198
4457	0.01173240046057436
4472	0.010171980016442796
4509	0.034934225790535074
4532	0.041971199354752194
4584	0.03638073598674987
4620	0.027300029354073507
4634	0.02700119958703115
4638	0.04027772961668508
4644	0.026941874485779685
4666	0.047078105310602004
4667	0.034934225790535074
4703	0.06750468180740683
4765	0.016270052432717324
4768	0.02781255963488807
4783	0.05239956284252478
4836	0.01513690777470458
4854	0.034934225790535074
4878	0.028883394430436287
4920	0.012113120649099939
4949	0.007068603759281402
4979	0.01811069504865215
4987	0.051375786486833684
4992	0.05112804734445155
5009	0.028740199390525453
5010	0.03638073598674987
5091	0.0112523105564318
5098	0.03638073598674987
5195	0.014120189017304123
5216	0.012229226795791396
5226	0.033752340903703416
5280	0.033752340903703416
5314	0.03239506721516882
5329	0.034933041895016524
5345	0.03641635376808147
5347	0.02270144795664129
5358	0.030440954717934524
5362	0.04923121017778528
5369	0.00809729866276388
5425	0.01882601748968696
5469	0.013241526223471448
5515	0.010257841137825161
5541	0.030440954717934524
5544	0.025972771372962576
5548	0.06819142064075985
5572	0.033752340903703416
5578	0.017125262162277895
5612	0.01737950729347217
5703	0.02532984303968774
5725	0.013379946142334481
5728	0.021786917244690354
5774	0.03275307147014676
5786	0.11553365581252616
5792	0.031291187471483975
5906	0.02925906983110286
5925	0.015076039535063066
5946	0.014278950092625614
5968	0.02232001912873086
6010	0.04953159751700461
6018	0.017466520947508262
6046	0.022507928514430595
6102	0.019158522161643904
6117	0.020690893479241065
6125	0.025947683645333966
6154	0.034934225790535074
6155	0.015260386172723793
6161	0.03638073598674987
6168	0.02704277273845898
6172	0.02781255963488807
6178	0.02781255963488807
6187	0.020836571967087186
6213	0.018407651696347647
6311	0.03275307147014676
6315	0.018407651696347647
6374	0.03638073598674987
6489	0.02270144795664129
6523	0.020985599677376097
6554	0.004978681248150028
6556	0.024854962775758802
6576	0.03275307147014676
6587	0.03510943699412582
6598	0.054788387683097524
6603	0.016699784864732573
6614	0.011152322663141433
6620	0.028136242215406546
6625	0.009574850035102719
6660	0.015779256613301196
6676	0.034934225790535074
6680	0.033752340903703416
6693	0.023766529324945652
6726	0.012508512691658126
6798	0.03968406517001405
6805	0.010344854791861254
6824	0.016961141500132858
6827	0.038529490514900525
6836	0.03641635376808147
6838	0.034934225790535074
6850	0.019509008592409404
6904	0.06224789164131393
6909	0.008458115645347274
6958	0.011053853632153013
6986	0.016270052432717324
7001	0.014936414217141591
7040	0.024002279665009958
7056	0.01649232860477554
7084	0.031123945820656966
7111	0.02628018831729091
7120	0.031123945820656966
7147	0.03188746491414931
7195	0.018014657441830045
7200	0.03188746491414931
7268	0.020548416977083064
7272	0.02628018831729091
7326	0.03638073598674987
7340	0.0225046211128636
7372	0.057480398781050906
7374	0.021454412572733412
7421	0.05404397232549014
7483	0.014552510510099892
7580	0.033752340903703416
7671	0.03376122701872591
7769	0.010674286498653372
7779	0.01664486316929864
7786	0.031123945820656966
7803	0.016801073617046875
7811	0.025983031281618357
7823	0.034934225790535074
7862	0.022107707264306026
7912	0.03275307147014676
7924	0.03602931488366009
7929	0.017042682448150517
7933	0.034934225790535074
8026	0.029823114112288295
8036	0.007121666155647007
8037	0.005120590634267787
8058	0.05651960079509241
8066	0.033752340903703416
8089	0.026771525247099838
8103	0.06253435824184853
8131	0.013665981655486693
8183	0.020409004724518315
8212	0.011850029821886076
8278	0.023766529324945652
8283	0.030440954717934524
8292	0.017125262162277895
8388	0.056261552782159004
8431	0.019273258252345094
8500	0.047533058649891304
8505	0.005292407947424505
8509	0.015645593735741987
8598	0.01861346008990468
8601	0.033752340903703416
8602	0.029823114112288295
8677	0.017920021894036613
8689	0.033752340903703416
8724	0.02023072927133433
8731	0.03661429409821911
8800	0.042908825145466824
8844	0.019273258252345094
8870	0.03638073598674987
8877	0.01771390314538521
8903	0.054788387683097524
8965	0.015260386172723793
9026	0.012229226795791396
9109	0.010552547335960194
9135	0.03901801718481881
9139	0.13790716862607239
9204	0.021454412572733412
9260	0.010552547335960194
9272	0.01737950729347217
9327	0.016568147245615252
9364	0.01882601748968696
9383	0.028259800397546206
9476	0.149060412827532
9495	0.006495757820404589
9497	0.017734797296072
9503	0.3569737523156404
9541	0.01605514590448251
9553	0.02603439730539107
9562	0.06377492982829862
9570	0.11092995183112508
9580	0.01989685228523518
9636	0.05189536729066793
9670	0.019045781582700448
9679	0.021138134241899198
9699	0.05326134949611281
9704	0.01605514590448251
9718	0.0242469283179249
9722	0.02027252768590175
9736	0.023766529324945652
9746	0.025631405314499752
9777	0.11125023853955228
9789	0.030440954717934524
9826	0.037684438204586154
9837	0.028259800397546206
9891	0.015770370498278712
9936	0.031123945820656966
9968	0.03275307147014676
9998	0.003964844572746721
10041	0.03638073598674987
10056	0.021786917244690354
10102	0.3938810297323916
10135	0.040421687703581344
10166	0.1506081399174957
10167	0.16636720226074908
10171	0.013965223393351137
10203	0.021618533234878452
10209	0.022776146006411476
10224	0.013196035370862776
10228	0.009600831712744944
10282	0.02781255963488807
10357	0.015645593735741987
10405	0.034934225790535074
10445	0.03638073598674987
10452	0.007543584933396344
10687	0.01987953343138415
10696	0.014068121107703273
10794	0.023539052655301002
10821	0.03854651650469019
10873	0.03224525205995542
10934	0.029823114112288295
10948	0.013997045723314231
10982	0.018014657441830045
11115	0.04540289591328258
11117	0.021454412572733412
11132	0.01584713597587501
11184	0.03027381554940916
11225	0.03275307147014676
11242	0.021454412572733412
11305	0.0225173593787233
11322	0.027394193841548762
11357	0.020836571967087186
11400	0.01755471849706291
11401	0.024073712011993792
11437	0.04189567018005341
11455	0.020985599677376097
11513	0.03275307147014676
11524	0.02628018831729091
11535	0.02704277273845898
11544	0.030633284096390143
11577	0.015323018736230263
11592	0.010319677006529675
11601	0.024765798758502305
11643	0.041971199354752194
11660	0.010492524500701013
11689	0.022507928514430595
11710	0.02027252768590175
11833	0.036805186845676165
11857	0.023194402916481248
11861	0.023766529324945652
11862	0.03188746491414931
11872	0.020985599677376097
11876	0.016210972553519287
11889	0.006150365629503472
11977	0.02781255963488807
12021	0.028259800397546206
12068	0.022900922768948204
12110	0.02925906983110286
12121	0.03638073598674987
12127	0.027394193841548762
12193	0.008201352580583257
12202	0.021454412572733412
12216	0.02925906983110286
12218	0.10957677536619505
12271	0.030440954717934524
12313	0.042276268483798396
12323	0.03211029180896502
12329	0.03986201570661393
12377	0.0930673004495234
12434	0.09249499865505564
12436	0.04109683395416613
12445	0.022137403675455854
12459	0.03638073598674987
12516	0.03183939342127499
12520	0.015514631303918062
12546	0.030440954717934524
12564	0.011776781360116768
12581	0.009600831712744944
12590	0.014016468086252192
12612	0.010956858008644935
12647	0.020548416977083064
12659	0.013150861530254744
12666	0.050862545511534095
12719	0.08346880798937409
12766	0.03611886952285386
12807	0.023319288562287516
12829	0.016522577603139174
12839	0.012229226795791396
12850	0.03211029180896502
