499
t_index	tf-idf
15	0.010416782075983991
16	0.02245025689886535
32	0.03694444020393846
67	0.0181029660265875
82	0.01730675165147085
102	0.03428434304515397
132	0.0388382116633431
148	0.03694444020393846
166	0.020866806063844535
180	0.02195350332339923
184	0.015309636432814456
185	0.018590808600102735
258	0.023680611139961224
267	0.023464760252584423
278	0.013129935724106288
293	0.0388382116633431
294	0.0211594258943381
299	0.024880808836494735
319	0.01407874934612218
320	0.01402791618027273
335	0.026687388792519414
342	0.023680611139961224
361	0.024622624283824595
364	0.026349732100386592
371	0.020725233677006332
394	0.020059731863994595
467	0.027419571828920485
470	0.023903780385252652
553	0.023053197353742734
596	0.014286100732942862
604	0.013263829063977238
631	0.014500196424397739
644	0.017648795456239364
728	0.0426215254527551
744	0.027818655364278456
785	0.0388382116633431
790	0.015187728092061576
850	0.05085939696734908
872	0.027282636777733134
1011	0.026028553169714006
1023	0.011291622573049479
1032	0.0545930553102575
1091	0.032381547784108455
1148	0.05836612623679214
1175	0.022480413443427723
1176	0.0388382116633431
1261	0.033260566549969374
1273	0.012339875910223992
1301	0.006949595281488355
1333	0.033260566549969374
1343	0.0257223183141681
1378	0.0181029660265875
1420	0.011564526409203262
1446	0.01730675165147085
1460	0.02824350355979123
1471	0.01543384506616214
1475	0.029555991091185282
1490	0.012998711533029403
1546	0.0388382116633431
1551	0.0388382116633431
1552	0.024134781710309368
1587	0.04037511689733023
1596	0.07279074041367667
1608	0.0388382116633431
1632	0.026028553169714006
1638	0.019228357665099664
1713	0.024880808836494735
1759	0.02824350355979123
1784	0.0309126245202166
1840	0.015008996870649358
1852	0.033260566549969374
1918	0.0354755169400466
1932	0.0309126245202166
1996	0.015755023996834722
2011	0.03427531924351309
2017	0.033260566549969374
2054	0.04610639470748547
2076	0.025655436967478448
2087	0.10647257825360627
2088	0.027818655364278456
2120	0.03845671533019933
2146	0.018391312658445975
2153	0.06321239656617547
2155	0.0388382116633431
2173	0.02058664198402308
2257	0.03694444020393846
2261	0.07828755716191746
2262	0.03694444020393846
2265	0.027419571828920485
2298	0.024880808836494735
2322	0.04533171689283502
2328	0.027043305863257722
2332	0.02325576294444845
2349	0.022516583107314716
2493	0.09168002149600468
2530	0.020317916416664725
2613	0.026028553169714006
2633	0.027818655364278456
2635	0.1199952006580389
2637	0.02178683968055659
2692	0.027419571828920485
2729	0.029900964308220295
2731	0.02131076272637755
2735	0.0354755169400466
2738	0.02869767413013937
2742	0.032381547784108455
2750	0.033260566549969374
2759	0.052699464200773184
2769	0.032381547784108455
2793	0.024622624283824595
2796	0.06303447053860758
2813	0.023553790443549247
2861	0.027818655364278456
2873	0.11479069652055748
2883	0.03694444020393846
2903	0.03427531924351309
2909	0.006418699171470569
2930	0.07388888040787692
2949	0.02869767413013937
2955	0.016747870306547546
3093	0.04956645017580645
3105	0.052699464200773184
3135	0.026349732100386592
3153	0.029712426823683087
3159	0.019571889290479365
3171	0.0309126245202166
3193	0.010808555380422807
3238	0.040063885811303136
3267	0.04924524856764919
3294	0.21972600177486198
3318	0.011849235095533279
3359	0.02944297988628772
3399	0.0388382116633431
3417	0.0388382116633431
3418	0.03694444020393846
3422	0.02230004977011223
3432	0.01407874934612218
3433	0.011426660380362974
3438	0.015248400063172348
3489	0.024622624283824595
3599	0.03694444020393846
3635	0.02058664198402308
3644	0.0388382116633431
3656	0.029712426823683087
3659	0.019571889290479365
3671	0.020725233677006332
3708	0.02869767413013937
3721	0.025149534403853088
3809	0.011564526409203262
3819	0.02266585844641751
3822	0.0738678728514738
3840	0.017737157350282227
3845	0.0291855167036546
3847	0.020317916416664725
3862	0.021624291612881572
3863	0.033260566549969374
3869	0.017475552240369008
3871	0.035009563357497143
3881	0.01489248299243404
3883	0.02542969848367454
3886	0.019008908602029997
3900	0.07419384798013579
3959	0.02058664198402308
3981	0.009024370365821896
4016	0.0709510338800932
4130	0.03280732674362706
4136	0.01512761021061623
4138	0.016232746872329052
4176	0.026028553169714006
4182	0.03583504204719543
4193	0.024622624283824595
4200	0.023198897674692645
4205	0.0388382116633431
4206	0.0257223183141681
4225	0.02195350332339923
4268	0.050299068807706175
4330	0.017475552240369008
4358	0.01460991333529139
4363	0.11083332061181539
4365	0.018391312658445975
4406	0.020317916416664725
4417	0.016162341257176326
4428	0.021465660749884
4457	0.02382837815167973
4472	0.010329590572604037
4532	0.02131076272637755
4620	0.04620505306272837
4634	0.027419571828920485
4636	0.0386817759308453
4644	0.027359327510153113
4666	0.07171134115575796
4715	0.0388382116633431
4737	0.016902768330053997
4769	0.019934340220082815
4783	0.017737157350282227
4878	0.029330930490539316
4920	0.02460161672742147
4962	0.07388888040787692
4970	0.010965671723163798
4973	0.2542969848367454
4979	0.03678262531689195
4985	0.027558953598560976
4987	0.05217183271070768
4992	0.05192025495441256
4994	0.027818655364278456
5009	0.0583710334073092
5091	0.011426660380362974
5195	0.04301692623877325
5296	0.024880808836494735
5308	0.030285210733998105
5329	0.017737157350282227
5337	0.0211594258943381
5358	0.0309126245202166
5362	0.02499701354644313
5384	0.0388382116633431
5425	0.019117718720131224
5431	0.0388382116633431
5446	0.031606198283087736
5448	0.04807124869257924
5469	0.040340094324927446
5515	0.010416782075983991
5538	0.0181029660265875
5575	0.07388888040787692
5612	0.03529759091247873
5621	0.03427531924351309
5648	0.03427531924351309
5682	0.023903780385252652
5699	0.022856679409090478
5703	0.0257223183141681
5769	0.008656002256254906
5786	0.04692952050516885
5796	0.03427531924351309
5899	0.017561603952859408
5906	0.029712426823683087
5925	0.015309636432814456
5946	0.04350058927319322
5968	0.02266585844641751
5978	0.013634792683589162
6010	0.050299068807706175
6019	0.03773783730824094
6052	0.0354755169400466
6071	0.019455375412264043
6085	0.02542969848367454
6102	0.019455375412264043
6108	0.0354755169400466
6110	0.0388382116633431
6125	0.026349732100386592
6168	0.05492357827772189
6172	0.02824350355979123
6178	0.05648700711958246
6187	0.0211594258943381
6219	0.0291855167036546
6290	0.03427531924351309
6298	0.013927412514082724
6307	0.02542969848367454
6310	0.0354755169400466
6396	0.0388382116633431
6470	0.03694444020393846
6489	0.023053197353742734
6523	0.02131076272637755
6554	0.01011164764416744
6556	0.025240079980090886
6576	0.033260566549969374
6580	0.013828420238615968
6598	0.16691193218567074
6603	0.025437811521121456
6625	0.019446416626225718
6693	0.048269563420618736
6720	0.032381547784108455
6726	0.012702326839827444
6798	0.020149476542430964
6800	0.033260566549969374
6805	0.010505143970026857
6824	0.017223947260726586
6827	0.02608432585374098
6828	0.013877730298890322
6829	0.033260566549969374
6842	0.01934088796542265
6863	0.03694444020393846
6889	0.031606198283087736
6904	0.031606198283087736
6947	0.014392278232626203
6950	0.027043305863257722
6958	0.06735077069659605
6959	0.04535950131879579
6986	0.016522150058602147
6999	0.030285210733998105
7001	0.007583923839630675
7056	0.016747870306547546
7098	0.03427531924351309
7109	0.018009590528139153
7111	0.026687388792519414
7147	0.032381547784108455
7165	0.015755023996834722
7195	0.018293786989260475
7261	0.02266585844641751
7268	0.020866806063844535
7306	0.02542969848367454
7338	0.033260566549969374
7340	0.10283994342326677
7353	0.02195350332339923
7372	0.0583710334073092
7416	0.025740104298065107
7421	0.018293786989260475
7454	0.023680611139961224
7483	0.059111982182370564
7574	0.010777577147883782
7584	0.06499355766514701
7591	0.009644684174074174
7673	0.0388382116633431
7700	0.012538769053266148
7714	0.0309126245202166
7726	0.015672046019202978
7757	0.029555991091185282
7769	0.01083968008269086
7784	0.02195350332339923
7786	0.06321239656617547
7805	0.01890186783275442
7807	0.032381547784108455
7811	0.02638562743344239
7821	0.007452073835752915
7832	0.01001941977537663
7878	0.02058664198402308
7929	0.01730675165147085
7955	0.02195350332339923
8021	0.04485144646233044
8035	0.01407874934612218
8036	0.02892805352102149
8046	0.0309126245202166
8060	0.00954142147207673
8074	0.03694444020393846
8089	0.003883762683085637
8098	0.020187558448665113
8103	0.018143800527518315
8109	0.017561603952859408
8149	0.0388382116633431
8176	0.01981129248300235
8203	0.027419571828920485
8216	0.03694444020393846
8388	0.034279981141088926
8396	0.030285210733998105
8442	0.024622624283824595
8464	0.014950482154110148
8500	0.024134781710309368
8509	0.031776031273020554
8521	0.019455375412264043
8524	0.0211594258943381
8539	0.014950482154110148
8653	0.014233647369628627
8708	0.033260566549969374
8717	0.0388382116633431
8724	0.010272097960292667
8754	0.016092680688967548
8775	0.014950482154110148
8777	0.010074738271215482
8844	0.019571889290479365
8877	0.022485465789208802
8879	0.05252571985013429
8894	0.0465115258888969
8933	0.015755023996834722
8950	0.02325576294444845
9017	0.0354755169400466
9028	0.024134781710309368
9135	0.01981129248300235
9139	0.12448353978339868
9178	0.032607827288029065
9260	0.0642963277369541
9271	0.0309126245202166
9327	0.050474591176105844
9365	0.0309126245202166
9372	0.02045090805634028
9406	0.029712426823683087
9443	0.007895596830360861
9446	0.02178683968055659
9476	0.10812145806440784
9489	0.04202298035907172
9495	0.013192813716721196
9503	0.24650333921476159
9553	0.013218894676084909
9561	0.027043305863257722
9570	0.032185361377935096
9591	0.03427531924351309
9618	0.0354755169400466
9630	0.04063583283332945
9636	0.052699464200773184
9699	0.10817322345303089
9704	0.016303913644014532
9718	0.024622624283824595
9722	0.02058664198402308
9747	0.02869767413013937
9777	0.11297401423916492
9781	0.027419571828920485
9789	0.0309126245202166
9826	0.009567085684958435
9831	0.023053197353742734
9867	0.07388888040787692
9891	0.024022088643828304
9968	0.033260566549969374
10023	0.016092680688967548
10102	0.17390610903569226
10116	0.024142300685731276
10131	0.0114952324823528
10166	0.21029490592144348
10167	0.32381123496081016
10168	0.06652113309993875
10209	0.03469357922760979
10211	0.011061773609005105
10217	0.010074738271215482
10224	0.013400502394054237
10226	0.02325576294444845
10273	0.02178683968055659
10357	0.015888015636510277
10403	0.01274385923164085
10452	0.0076604696121786685
10460	0.019934340220082815
10477	0.024523942611077224
10479	0.02266585844641751
10607	0.0291855167036546
10626	0.0291855167036546
10665	0.01472148994314386
10696	0.014286100732942862
10738	0.01879653978945863
10746	0.058022663896267944
10747	0.03529759091247873
10786	0.032381547784108455
10873	0.012279329509274708
10879	0.03427531924351309
10948	0.0071069620326690425
10982	0.018293786989260475
11021	0.023464760252584423
11032	0.01667176700499728
11046	0.015955532764444124
11057	0.01782672148380724
11069	0.02869767413013937
11175	0.03667200859840187
11181	0.0388382116633431
11184	0.015371447800252812
11192	0.03427531924351309
11223	0.04150733262376847
11235	0.0257223183141681
11236	0.03694444020393846
11242	0.02178683968055659
11401	0.012223362032008673
11428	0.029712426823683087
11437	0.12763447795569355
11465	0.01582118397348736
11481	0.014665465245269658
11524	0.05337477758503883
11535	0.013730894569430472
11544	0.007776983490393989
11577	0.015560442472924835
11592	0.010479576065491089
11627	0.015624666028835107
11636	0.01804874073164379
11643	0.02131076272637755
11658	0.03086769013232428
11667	0.024374184902832358
11682	0.017561603952859408
11773	0.027043305863257722
11774	0.032381547784108455
11775	0.007996100496550867
11777	0.016981605946188208
11833	0.012458489250190864
11872	0.02131076272637755
11876	0.012346616071125666
11929	0.0388382116633431
11961	0.031606198283087736
11972	0.03694444020393846
11973	0.03694444020393846
12052	0.019008908602029997
12093	0.03694444020393846
12133	0.0388382116633431
12174	0.0388382116633431
12193	0.024985287278008396
12204	0.033260566549969374
12215	0.02178683968055659
12218	0.05563731072855691
12262	0.0409043780507675
12297	0.03694444020393846
12313	0.021465660749884
12323	0.032607827288029065
12329	0.09445254207725672
12377	0.03780373566550884
12434	0.05870510612092263
12435	0.07396121973565091
12451	0.03444789452145317
12537	0.016828400996956254
12580	0.03694444020393846
12647	0.020866806063844535
12659	0.01335462860376771
12666	0.02582531964107801
12681	0.027818655364278456
12718	0.015309636432814456
12719	0.06054437292583637
12766	0.041918304261964356
12799	0.03694444020393846
12829	0.03355717600086082
12850	0.016303913644014532
12890	0.03694444020393846
