280
t_index	tf-idf
34	0.0259441175469987
117	0.027176148237964975
150	0.06517742018041758
156	0.04246509707799842
272	0.034741273534333435
277	0.02014288909261336
278	0.020617449581472398
327	0.04137600400187821
335	0.04190621374335575
342	0.03718478265969095
344	0.04246509707799842
351	0.05222783022739265
361	0.03866399085284525
364	0.04137600400187821
383	0.1114117688398457
389	0.04246509707799842
464	0.04755573968470236
477	0.06517742018041758
596	0.02243293248088874
631	0.02276911897996483
728	0.03346349786367421
738	0.05150751067733489
872	0.008568181901786497
901	0.022107336312464632
902	0.011672472909509684
960	0.03789794980934801
971	0.04665631842018568
983	0.014704757506425832
1032	0.02857514789127378
1173	0.034472769510657995
1211	0.06038714933948316
1221	0.053821258629208
1379	0.04755573968470236
1383	0.06517742018041758
1387	0.030919263715185313
1446	0.027176148237964975
1465	0.05409224716766714
1471	0.024235192706666027
1511	0.013627417500028681
1591	0.03421106379285589
1713	0.07813881690081159
1848	0.1114117688398457
1992	0.06517742018041758
2076	0.02014288909261336
2086	0.03276636923346104
2087	0.020898741053267052
2130	0.0633995439481423
2140	0.06517742018041758
2146	0.057758388074426716
2151	0.107642517258416
2213	0.06517742018041758
2264	0.05283891511152736
2294	0.017889439281388256
2302	0.06098619883823032
2331	0.06517742018041758
2359	0.04665631842018568
2375	0.05084753976237294
2410	0.06517742018041758
2436	0.029680899832736647
2685	0.031904468241383474
2695	0.058012479971395255
2796	0.032993561317503695
2878	0.03370672846716075
2892	0.030919263715185313
2909	0.010079044507694333
2955	0.026298557654651885
2995	0.04434972286871326
3105	0.08275200800375641
3164	0.030019842450668636
3189	0.16146377588762398
3193	0.016972272392414
3203	0.02654178825813844
3216	0.049479056064722304
3238	0.10485138225465733
3267	0.11599197255853574
3294	0.14527476459011138
3406	0.053821258629208
3438	0.023943995317766524
3598	0.03827387573581117
3792	0.06517742018041758
3822	0.03866399085284525
3823	0.06517742018041758
3847	0.031904468241383474
3886	0.029848981970385602
3900	0.06472435509749772
4027	0.05084753976237294
4057	0.04087166867618308
4078	0.03232643800214104
4193	0.03866399085284525
4276	0.023205336604739463
4413	0.034741273534333435
4429	0.029352719135305985
4457	0.028062611775501768
4472	0.016220171774101545
4620	0.05804326064939065
4644	0.042961334112849775
4666	0.0375352170227841
4812	0.04963003728702075
4816	0.053821258629208
4840	0.04506289001837033
4859	0.03217009594289109
4895	0.013913576222629129
4973	0.0798626188849667
4978	0.05084753976237294
4987	0.16384697580981403
4992	0.19023303766575483
5073	0.04190621374335575
5115	0.058012479971395255
5211	0.1114117688398457
5329	0.02785199829399607
5355	0.06098619883823032
5361	0.18295859651469093
5362	0.058877820574737075
5416	0.03370672846716075
5448	0.025161497793118732
5465	0.13035484036083517
5469	0.021114849768559305
5470	0.058012479971395255
5533	0.03993130944248335
5555	0.04434972286871326
5592	0.06098619883823032
5600	0.03866399085284525
5612	0.027713246899196218
5679	0.04854094421090053
5759	0.058012479971395255
5771	0.043682599553350625
5786	0.11053752012527686
5792	0.024948359856323092
5796	0.107642517258416
6019	0.01975277397557927
6071	0.03055005219214618
6102	0.03055005219214618
6103	0.06517742018041758
6144	0.03149905064382293
6155	0.024334110434800615
6168	0.06468333869464132
6217	0.058012479971395255
6294	0.06517742018041758
6348	0.009614114899721894
6388	0.015351019414692005
6547	0.02654178825813844
6580	0.043428507656382086
6582	0.03370672846716075
6616	0.06517742018041758
6634	0.03501693850301839
6646	0.04854094421090053
6696	0.021637399766294113
6716	0.06894553902131599
6763	0.0259441175469987
6780	0.04137600400187821
6826	0.029515507124973497
6827	0.020479623223471927
6850	0.031108935526788846
7040	0.03827387573581117
7056	0.026298557654651885
7086	0.13035484036083517
7136	0.036845840041758955
7159	0.06517742018041758
7167	0.03993130944248335
7170	0.028426414048853283
7195	0.028726053107236096
7306	0.0798626188849667
7322	0.06098619883823032
7353	0.034472769510657995
7371	0.13035484036083517
7421	0.08617815932170828
7493	0.14562283263270157
7501	0.014396172689191458
7726	0.012304615400599236
7757	0.023205336604739463
7808	0.02097027645093147
7811	0.031074276830944388
7821	0.011701714297348802
7832	0.015733122110808816
7929	0.1087045929518599
7975	0.04165539462340862
7985	0.08493019415599684
8036	0.011356161551209576
8060	0.014982539158584511
8063	0.04854094421090053
8073	0.04305593352528073
8089	0.00609852804975345
8098	0.03169977197407115
8111	0.06692699572734842
8112	0.018159345573763922
8509	0.22453523870690784
8598	0.029680899832736647
8645	0.01668378416974881
8653	0.022350566915951182
8677	0.02857514789127378
8709	0.018104797564816387
8731	0.11676982036940207
8754	0.05053947554767741
8805	0.012366885611250104
8891	0.04039079947568004
8965	0.024334110434800615
9068	0.018324738281527066
9139	0.07330195171372778
9156	0.02799263752072663
9260	0.03365404378831432
9309	0.13035484036083517
9458	0.026917714184601593
9476	0.10186746182887098
9483	0.06517742018041758
9503	0.13661471387978896
9539	0.01889597884861309
9580	0.01586369425169694
9593	0.039069408450405796
9630	0.031904468241383474
9652	0.03494346601495027
9826	0.01502283871726135
9848	0.13035484036083517
9891	0.012573664026561774
9933	0.09708188842180106
9941	0.03130215281045864
10038	0.030919263715185313
10102	0.027307829301635674
10116	0.01895487828835855
10133	0.025489678490549384
10166	0.030019842450668636
10167	0.022107336312464632
10185	0.028879194037213358
10211	0.017369891556026515
10224	0.02104231035713004
10235	0.09708188842180106
10250	0.06517742018041758
10375	0.018104797564816387
10419	0.021714253828191043
10477	0.019254517346741364
10742	0.06517742018041758
10840	0.03827387573581117
10873	0.03213629048045598
10874	0.1114117688398457
10969	0.05084753976237294
10976	0.037674826237064
11175	0.014396172689191458
11305	0.011968677236607255
11313	0.04963003728702075
11316	0.02001120802894266
11364	0.0674134569343215
11437	0.11134426234503729
11544	0.012211907840093805
11592	0.008227844206761115
11699	0.024739528032361152
11758	0.053821258629208
11773	0.04246509707799842
11833	0.019563102163975735
11876	0.006462477291006363
11889	0.009807332183391682
11969	0.05084753976237294
11993	0.06517742018041758
12052	0.059697963940771204
12167	0.053821258629208
12204	0.05222783022739265
12297	0.23204991988558102
12314	0.06098619883823032
12329	0.042375803660516215
12339	0.029680899832736647
12368	0.06517742018041758
12377	0.08904269949820993
12434	0.036872977630832804
12435	0.029034637924470467
12516	0.03384725685274408
12517	0.030733009600325698
12564	0.01877917733797638
12566	0.021825381835595764
12590	0.06705170074785352
12649	0.02186969771544815
12666	0.0405525386272656
12683	0.05222783022739265
12698	0.024433983904575927
12699	0.021114849768559305
12717	0.029680899832736647
12718	0.024040152510777804
12719	0.13309880683786543
12739	0.02530367814282759
12766	0.008227844206761115
12829	0.019760094379901363
12839	0.019500643824657223
12855	0.026179055471574522
