442
t_index	tf-idf
3	0.010493100851506811
15	0.011796882704280772
16	0.012712325427613741
40	0.023795264533910065
102	0.01941330684211327
146	0.03105234133803468
178	0.0236314114812559
182	0.0179929901096626
190	0.01362795640649372
197	0.07763278867083462
222	0.020395648623811154
246	0.03766719889173156
254	0.04017560405533615
264	0.03579364636353936
272	0.025055730905769937
277	0.014527239718789197
278	0.029738994350113873
294	0.02396279998416389
299	0.02817722222570686
348	0.1115393250733493
355	0.014527239718789197
356	0.03509997538133432
364	0.029840760477665984
367	0.031985434294623104
384	0.04183914230729527
435	0.03305225305717241
514	0.03667172051846019
519	0.04017560405533615
604	0.01502112980150725
631	0.03284260247740532
645	0.021053871227543118
660	0.016735905463326317
677	0.034297643561834054
697	0.023160411898497678
738	0.012382565901832076
758	0.014385235162628367
790	0.017199922734261085
872	0.006179452801886746
901	0.01594401739881692
902	0.00841829646620568
918	0.040011584346816516
983	0.01060520843461576
1023	0.012787629237476474
1032	0.04121732701875588
1095	0.027070749040996486
1148	0.02203298293389198
1157	0.012787629237476474
1171	0.03296633785623571
1178	0.043983816124252395
1187	0.04017560405533615
1233	0.030223152694605022
1301	0.015740669197055638
1358	0.04037710318068467
1359	0.043983816124252395
1391	0.02817722222570686
1395	0.023471082424785975
1471	0.01747864730138923
1475	0.033471810926652634
1476	0.025458802785869192
1587	0.02286217157732164
1596	0.02060866350937794
1599	0.0803512081106723
1638	0.021775888015753808
1879	0.016060504359240863
1888	0.021650590716952942
1894	0.03692797938484164
1924	0.03667172051846019
1996	0.32116281566466043
2054	0.026107473801121005
2057	0.024145651758368147
2069	0.011409522134082913
2076	0.0435817191563676
2087	0.045217101634101586
2102	0.04017560405533615
2104	0.04183914230729527
2129	0.018966765370694878
2146	0.04165588885835396
2157	0.013296567903585734
2173	0.0699423869067362
2261	0.04432986705045262
2264	0.01905395950840539
2280	0.026336876940790028
2332	0.026336876940790028
2397	0.03062622457470427
2403	0.03500818226650106
2441	0.03766719889173156
2493	0.09344388764424914
2506	0.053595138249364765
2509	0.026107473801121005
2520	0.03150429872962511
2576	0.0236314114812559
2605	0.03150429872962511
2626	0.019231468222740526
2635	0.03882661368422654
2637	0.0246733386888309
2689	0.017407983134506328
2692	0.03105234133803468
2707	0.022717409479502244
2727	0.026818012505788018
2729	0.01693124451082655
2730	0.0246733386888309
2738	0.03249977710289648
2762	0.01577263022345084
2769	0.03667172051846019
2796	0.023795264533910065
2843	0.034297643561834054
2891	0.007658146531992431
2892	0.022299261732204763
2898	0.05823992052633981
2909	0.007269101022519927
2955	0.018966765370694878
3016	0.03467596498144754
3068	0.04183914230729527
3074	0.04183914230729527
3093	0.01871113985510191
3110	0.07334344103692038
3164	0.021650590716952942
3166	0.02817722222570686
3167	0.018585196205745978
3181	0.014064046433905443
3216	0.017842378648036693
3231	0.022299261732204763
3238	0.03024791841639804
3267	0.027884831268337323
3276	0.02525454305549415
3294	0.06548344804796216
3311	0.03579364636353936
3422	0.02525454305549415
3432	0.01594401739881692
3467	0.034297643561834054
3476	0.01762201736974161
3489	0.027884831268337323
3587	0.024862083296459364
3597	0.05176983909839919
3708	0.03249977710289648
3741	0.024309607342183435
3812	0.028481550757747144
3822	0.027884831268337323
3824	0.01594401739881692
3840	0.04017424253331813
3862	0.024489254921484876
3881	0.03373112229011379
3900	0.05601577119283403
3901	0.05823992052633981
3929	0.02216493352522631
3946	0.03399502347278246
4011	0.061981840966498974
4100	0.021169455151954942
4130	0.009288477540676182
4193	0.1115393250733493
4200	0.013136238847115808
4209	0.0165455543448008
4212	0.025458802785869192
4248	0.020717497760364516
4254	0.027603476602826308
4276	0.016735905463326317
4280	0.023471082424785975
4304	0.013378044275103446
4330	0.03958171313720034
4336	0.023009800436871775
4337	0.031985434294623104
4353	0.030774829344681977
4358	0.0165455543448008
4365	0.02082794442917698
4393	0.03062622457470427
4417	0.018303660635950892
4428	0.024309607342183435
4442	0.015829322616726968
4457	0.020239017676343618
4473	0.03105234133803468
4476	0.03062622457470427
4532	0.1448051229571798
4564	0.012066776931272045
4618	0.02413418715952996
4620	0.02093067080985609
4644	0.020656076905579326
4744	0.04037710318068467
4799	0.04183914230729527
4819	0.04183914230729527
4836	0.017407983134506328
4878	0.03321693245383745
4895	0.010034601104262688
4949	0.016258292229501304
4970	0.012418493748664897
4973	0.02879883327009098
4977	0.04183914230729527
4979	0.37490299972518565
4981	0.03579364636353936
4992	0.058799075684387865
5048	0.030223152694605022
5107	0.029130221772998968
5162	0.026107473801121005
5195	0.03247744069367152
5292	0.03881639433541731
5324	0.022299261732204763
5362	0.014154411343814711
5415	0.02396279998416389
5425	0.021650590716952942
5446	0.03579364636353936
5448	0.018146707180076983
5469	0.015228226834976074
5484	0.01829562546002145
5538	0.020501395273267185
5548	0.029408461046848664
5595	0.03305225305717241
5609	0.025055730905769937
5672	0.026336876940790028
5725	0.030774829344681977
5769	0.009802820348949555
5774	0.03766719889173156
5786	0.026573563924505928
5896	0.020188551590342337
5907	0.03062622457470427
5946	0.01642130123870266
5982	0.04183914230729527
6073	0.02413418715952996
6082	0.04183914230729527
6102	0.02203298293389198
6136	0.03305225305717241
6155	0.01754998769066716
6168	0.03110015194305886
6187	0.02396279998416389
6291	0.04183914230729527
6298	0.01577263022345084
6307	0.02879883327009098
6348	0.00693378944748598
6353	0.033471810926652634
6392	0.03881639433541731
6473	0.025884919549199595
6484	0.023471082424785975
6550	0.04183914230729527
6587	0.020188551590342337
6601	0.026920841912479794
6604	0.02566881706210227
6612	0.012311225512554145
6625	0.011011418607242486
6660	0.036293414360153965
6665	0.033343827071492645
6693	0.08199706594218419
6708	0.02557303190923901
6798	0.011409522134082913
6827	0.0147700955185699
6909	0.00972713427969492
6958	0.012712325427613741
7040	0.027603476602826308
7043	0.03249977710289648
7111	0.060446305389210045
7133	0.010465335404928045
7180	0.03249977710289648
7195	0.020717497760364516
7200	0.03667172051846019
7215	0.012032500945426005
7267	0.03500818226650106
7340	0.012940557959792102
7349	0.03766719889173156
7422	0.03766719889173156
7519	0.024862083296459364
7678	0.2313657714002069
7700	0.014200007900565949
7713	0.026818012505788018
7717	0.07334344103692038
7726	0.053245221204408374
7758	0.04017560405533615
7769	0.01227580970348305
7805	0.04281228427134169
7808	0.03024791841639804
7811	0.00747035287962885
7821	0.008439385628187154
7832	0.011346874590721829
7862	0.038136976282841226
7888	0.03062622457470427
7943	0.04017560405533615
7970	0.04183914230729527
8089	0.013194946142509984
8146	0.04017560405533615
8176	0.022436054813991226
8183	0.0938843296991439
8258	0.026818012505788018
8371	0.021527364542985213
8388	0.03882167387937631
8419	0.03249977710289648
8509	0.1439439208773008
8539	0.01693124451082655
8598	0.021406142135670846
8653	0.01611943758147039
8677	0.06182599052813382
8686	0.029477029131018517
8709	0.013057349076140647
8731	0.1052693561377156
8753	0.023160411898497678
8754	0.01822477086497573
8792	0.04572434315464328
8872	0.034297643561834054
8877	0.040743239212496625
8879	0.023793903011892045
8880	0.04907982826245039
8885	0.025458802785869192
8902	0.031985434294623104
8958	0.027603476602826308
8992	0.02879883327009098
9087	0.060446305389210045
9109	0.012135805329900672
9135	0.022436054813991226
9139	0.1585981563276745
9156	0.020188551590342337
9174	0.05414149808199297
9178	0.01846398969242082
9187	0.034297643561834054
9235	0.042338910303909884
9260	0.024271610659801345
9261	0.013930520229379373
9328	0.09315702401410404
9353	0.02733235531406139
9365	0.03500818226650106
9372	0.023160411898497678
9387	0.03667172051846019
9391	0.026336876940790028
9416	0.021406142135670846
9449	0.022299261732204763
9465	0.03062622457470427
9476	0.024489254921484876
9489	0.023795264533910065
9503	0.14779171114832396
9630	0.023009800436871775
9699	0.03062622457470427
9722	0.02331412896891206
9755	0.021775888015753808
9777	0.06397086858924621
9826	0.03250383472285433
9891	0.039295723634413485
9981	0.03881639433541731
9991	0.020395648623811154
9997	0.017694749788486553
10006	0.062152493281093554
10021	0.03249977710289648
10102	0.05908398452287285
10121	0.013974763764513268
10128	0.009055489397913829
10166	0.06495177215085883
10167	0.07972008699408462
10169	0.020395648623811154
10173	0.02203298293389198
10181	0.02203298293389198
10211	0.01252732799965147
10228	0.01104129846202748
10355	0.029840760477665984
10357	0.0179929901096626
10375	0.026114698152281294
10380	0.04017560405533615
10448	0.04694216484957195
10452	0.008675391384343853
10477	0.013886537719570307
10501	0.03667172051846019
10533	0.034297643561834054
10618	0.025884919549199595
10641	0.03150429872962511
10660	0.01693124451082655
10723	0.029840760477665984
10768	0.06729794509316446
10769	0.04183914230729527
10821	0.02216493352522631
10828	0.03579364636353936
10840	0.027603476602826308
10853	0.03177289887741607
10873	0.04635398560114473
10880	0.01635994275415013
10939	0.04017560405533615
11064	0.022299261732204763
11065	0.024862083296459364
11115	0.026107473801121005
11117	0.0246733386888309
11135	0.02525454305549415
11175	0.03114796254808305
11211	0.07001636453300213
11279	0.019231468222740526
11305	0.008631921793024714
11316	0.014432270105960873
11364	0.04861921468436687
11372	0.016483168928117856
11400	0.04037710318068467
11401	0.013842813173178934
11423	0.03364897254658223
11427	0.07158729272707871
11428	0.03364897254658223
11465	0.03583460808081593
11519	0.015228226834976074
11536	0.01733798249072377
11537	0.014479603685854358
11544	0.008807341975678186
11559	0.05968152095533197
11574	0.03364897254658223
11592	0.005933998077976906
11605	0.021650590716952942
11636	0.020439985767011812
11660	0.02413355386254409
11775	0.018110978795827657
11833	0.02821818394298344
11861	0.05466471062812278
11876	0.01864319588953275
11915	0.04017560405533615
11933	0.031985434294623104
12057	0.020940052012285923
12063	0.024862083296459364
12214	0.03150429872962511
12262	0.015441241720542856
12267	0.04017560405533615
12294	0.02817722222570686
12323	0.05539196907726245
12329	0.03056182532814586
12377	0.021406142135670846
12434	0.3058210617824719
12435	0.16752041609828738
12451	0.03901183379999163
12467	0.017842378648036693
12488	0.009956537419363939
12509	0.03500818226650106
12516	0.012205478863098114
12537	0.009528982713355923
12548	0.03150429872962511
12564	0.02708743613253365
12566	0.007870334598527819
12581	0.02208259692405496
12584	0.014338495111160737
12591	0.01635994275415013
12624	0.027861040458758746
12638	0.03177289887741607
12647	0.0236314114812559
12649	0.047317890670352525
12659	0.03024791841639804
12666	0.043870304339295264
12674	0.03776115856056688
12681	0.03150429872962511
12699	0.015228226834976074
12718	0.01733798249072377
12719	0.0685657874572418
12721	0.024309607342183435
12737	0.01838339416379288
12748	0.01116203006886839
12755	0.022575404923341414
12766	0.04153798654583835
12829	0.019001552796316233
12850	0.01846398969242082
