39
t_index	tf-idf
596	0.11147056466635617
738	0.08531461954654242
1032	0.14199159532881236
1148	0.15180501128625834
1465	0.134393783358213
2087	0.1038470769708011
2146	0.43050725568491116
2955	0.1306790841621893
3205	0.24661458262354374
3294	0.09023485925451172
3433	0.08915912806862573
3900	0.19297148288206278
4136	0.11803663461097273
4992	0.27007976706775527
5548	0.06754043509108208
5786	0.1830891524574494
6102	0.15180501128625834
6155	0.12091763005713063
6168	0.10713844173723143
6556	0.09847074510390742
6612	0.08482309152094569
7195	0.14274145224781967
7421	0.14274145224781967
7811	0.05146997147898531
8014	0.20559980437938946
8089	0.030303945590652297
8183	0.16171337049939566
8653	0.11106128531598701
8783	0.25266442423590607
9068	0.0910567053747977
9225	0.15363964512156097
9503	0.1131410952096609
9891	0.020826426061475296
10167	0.32955797430214195
11535	0.10713844173723143
11544	0.12136338071257173
11889	0.048733212088279215
12566	0.054225804837270825
12647	0.16281802139028767
