96
t_index	tf-idf
623	0.14222695333337143
647	0.05088159232763511
872	0.022642101625544215
983	0.03885849036072136
1020	0.047274265051345396
1203	0.20841936824842025
1240	0.039699045239628895
1497	0.05322918526880527
1511	0.07202306754599468
1710	0.060854996746555735
1737	0.03927553476924992
1846	0.24221318510441725
2440	0.05820945870004391
2577	0.108595888680972
2684	0.1256698215749187
2712	0.0784341366761015
2963	0.1722365127551868
3182	0.08220783448974067
3359	0.06108747370857786
3369	0.06825418399018532
3390	0.0659280236732293
3475	0.08973095457526917
3624	0.08718810792097932
4148	0.05779241429151534
4177	0.10800663272318667
4182	0.07434954604996809
4209	0.06062448163882105
4214	0.1472072267646101
4219	0.043346572491032104
4608	0.1472072267646101
4836	0.06378450258684829
4985	0.057178548499163935
4990	0.03092271001604342
5286	0.10552165871376366
5314	0.045502539870132905
5369	0.03412071839168128
5469	0.05579766860086573
5548	0.035918464251413915
5970	0.03725121043124936
5978	0.11315635072230859
5986	0.13115131784235007
6144	0.24971623407186194
6323	0.07360111900934956
6388	0.0405662888145135
6441	0.1722365127551868
6612	0.045109498871021954
6625	0.04034688299107465
6671	0.0635280135835025
6763	0.06855939250796347
6842	0.08025587013619849
6958	0.04657916703257886
7230	0.11221739391155605
7311	0.2343953346855894
7501	0.03804303045662387
7591	0.04002104360270157
7700	0.052030176825685476
7751	0.30526226158576664
7821	0.09276813004813025
8010	0.0784341366761015
8037	0.08630939196272382
8089	0.032231690095178456
8105	0.20547176513920024
8131	0.057586255741934336
8504	0.05906314937057729
8521	0.08073094086109772
8651	0.040129225439783305
8836	0.10933937890302212
9008	0.06565070273128794
9495	0.027372082043832287
9883	0.08121442035262008
9987	0.06795234801122987
9998	0.016707219378678567
10171	0.05884721245033181
10671	0.06677729036154238
10695	0.06706634997068611
10729	0.08121442035262008
10890	0.05448324907596765
10948	0.029490653323492107
10984	0.06537616898165138
11134	0.05820945870004391
11171	0.12110659255220863
11209	0.3336358646468791
11316	0.052881207592797935
11404	0.06302214953106221
11454	0.09100507974026581
11481	0.060854996746555735
11643	0.08842995259210279
11658	0.06404342280181595
11876	0.034155219684406705
11889	0.07774996417578092
12188	0.06929545834470394
12193	0.03455918491926447
12196	0.08548709696832239
12270	0.08542518154098948
12829	0.017405873272710093
12834	0.12404517576303535
