127
t_index	tf-idf
15	0.044370316999059134
44	0.04955743544507786
91	0.04725544813809881
184	0.06521144598296252
320	0.1195039088299515
554	0.06547473170281148
557	0.06884354494477068
607	0.060628267082527866
647	0.05222990650005716
716	0.0787595137675448
1157	0.04809670293045949
1240	0.04075103246879319
1497	0.054639708438407986
1600	0.0814319848225241
1605	0.2827719524044508
1691	0.10488014790487278
1694	0.08827919998906965
1710	0.06246759672274624
1737	0.12094889811203033
1846	0.12431580294917176
2057	0.03027212780200315
2565	0.3314809383861716
2577	0.14863143631132522
2588	0.09819516881184376
2696	0.08768886822382321
2697	0.0990579976016901
2737	0.07751309865158071
2801	0.08726477391963472
2833	0.0759329779120629
3214	0.05141710399136441
3242	0.054639708438407986
3252	0.09423936397440977
3365	0.043998924507944966
3381	0.09994822231276693
3729	0.0787595137675448
3808	0.05031736605284639
3824	0.059968478449591564
3939	0.06223097318222678
3973	0.09819516881184376
4148	0.059323858723245824
4191	0.09012864314541168
4219	0.04449521574966368
4304	0.05031736605284639
4342	0.12686915910448784
4426	0.04767292071049392
4572	0.06495060946808945
4895	0.03774204110664584
4970	0.04670831422941486
5122	0.1038219195566874
5248	0.06710857575479288
5345	0.0787595137675448
5469	0.05727625415452174
5474	0.058281369765397266
5476	0.10831788307374654
5484	0.03440666156079668
5515	0.044370316999059134
5583	0.07371816472672191
5915	0.08654423079909185
5970	0.07647666469672913
6195	0.11223676924468995
6348	0.026079299379491532
6379	0.08387175974411255
6488	0.27901208438858144
6701	0.06975302109714536
6769	0.08598897061208732
6805	0.04474669477299359
6909	0.03658559996751207
6947	0.061303955757369584
6995	0.10280218088256057
7063	0.11849365264598906
7107	0.0973580999899542
7165	0.06710857575479288
7169	0.07517510142122498
7281	0.058902200805197924
7327	0.0379395047617983
7341	0.11849365264598906
7417	0.08336652583826162
7420	0.12223783592685955
7743	0.08726477391963472
7924	0.07792244494565526
8021	0.0636816271692985
8036	0.030804784422165842
8037	0.022149127346794313
8089	0.016542899730514718
8156	0.14333112308871224
8504	0.060628267082527866
8709	0.14733351145353815
8761	0.051739403208229735
9261	0.0523953330751586
9376	0.061303955757369584
9480	0.08888222802944758
9495	0.02809741638303208
9538	0.08598897061208732
9539	0.10251466611362747
9580	0.08606388335689454
9785	0.07918760945927471
9891	0.03410738813360063
9894	0.04175454914469558
9987	0.06975302109714536
9998	0.017149944923213107
10121	0.052561741416095785
10211	0.04711766052348941
10329	0.14558096536709456
10335	0.13462670397885326
10403	0.05428250968242293
10558	0.04643869942953341
10671	0.0685468255288117
10722	0.05911223716668233
10873	0.034869229216736686
10948	0.03027212780200315
11209	0.057079483359996436
11437	0.06040660803770655
11454	0.04670831422941486
11833	0.05306697532194671
11889	0.10641368645685424
12055	0.059795520232224106
12196	0.043876212175770986
12215	0.09280111420039097
12436	0.08888222802944758
12488	0.03744842875735841
12489	0.04795472934537894
12564	0.05094049665578844
12612	0.09478783237626348
12659	0.056884083801657374
12766	0.022318894100396613
12834	0.08488817056101515
12835	0.1195039088299515
