500
t_index	tf-idf
3	0.018378329264041992
15	0.020661861321710318
17	0.01609896234268716
40	0.020838320946204428
102	0.01700089183823115
146	0.02719358946444665
178	0.020694829265565328
182	0.015757072259176105
197	0.06798566849157389
222	0.01786116188468157
246	0.0329864447832402
250	0.016385980370770034
254	0.035183140339526985
264	0.031345711231553705
272	0.02194215413794234
277	0.012721996987727292
278	0.02604344692205032
294	0.020985037427430384
299	0.024675750054177714
306	0.033992834245786946
328	0.03851812092821498
348	0.122098466834083
355	0.012721996987727292
356	0.030738240003921072
364	0.02613256697467092
367	0.028010730642865706
384	0.036639957260020194
389	0.02682042454912567
390	0.04116524394244822
466	0.04116524394244822
471	0.026467440820370374
475	0.04116524394244822
576	0.03211467057759216
604	0.013154513299582518
645	0.01843758976389536
660	0.014656200559280914
677	0.030035610792286446
687	0.016686199179097378
697	0.020282358941604135
738	0.010843833319532507
758	0.012597638777173015
790	0.01506255623574507
872	0.01623466978996581
902	0.022116563991095944
918	0.03503950271268891
963	0.03851812092821498
983	0.009287341048341074
1011	0.02581403508657892
1023	0.03359568310054191
1032	0.03609541250266416
1095	0.02370677392413698
1148	0.0192950311237091
1157	0.02239712206702794
1166	0.02682042454912567
1171	0.028869741191163225
1175	0.02229513786669764
1187	0.035183140339526985
1233	0.05293488164074075
1246	0.026467440820370374
1301	0.013784638374952354
1340	0.033992834245786946
1358	0.035359599964021105
1391	0.024675750054177714
1395	0.02055442366801623
1471	0.01530664480122965
1475	0.02931240111856183
1476	0.02229513786669764
1490	0.012891580773086282
1587	0.020021179767785374
1599	0.07036628067905397
1629	0.04116524394244822
1638	0.01906988437612129
1879	0.028129457768274913
1888	0.018960157278009645
1894	0.032339085166274595
1924	0.03211467057759216
1996	0.4218797706116845
2054	0.02286320109562517
2057	0.028193555911324393
2069	0.009991705859542921
2076	0.06360998493863645
2087	0.026398767277575414
2102	0.035183140339526985
2129	0.01660984031266621
2146	0.036479475993754125
2157	0.02328851180141853
2164	0.03851812092821498
2173	0.0408339483970057
2201	0.02613256697467092
2233	0.013154513299582518
2261	0.038821169471912206
2264	0.033372398358194756
2280	0.023064097212736098
2332	0.0691922916382083
2397	0.02682042454912567
2403	0.030657853657098957
2429	0.021772570352583356
2440	0.01391230308146733
2441	0.0329864447832402
2464	0.011503850303160168
2493	0.054554656408407155
2503	0.04116524394244822
2506	0.05632209839423579
2509	0.02286320109562517
2576	0.020694829265565328
2605	0.02758938389516413
2626	0.016841649586248446
2635	0.0340017836764623
2637	0.02160728029224289
2664	0.01530664480122965
2689	0.015244761791406262
2692	0.02719358946444665
2707	0.01989440668438857
2716	0.014544597693693258
2727	0.023485443960437676
2729	0.014827265594482976
2730	0.02160728029224289
2738	0.02846115810081216
2769	0.03211467057759216
2796	0.020838320946204428
2801	0.010159115253989109
2837	0.02613256697467092
2892	0.019528220506937175
2898	0.051002675514693445
2909	0.00636579853448523
2918	0.011298746252513077
2955	0.01660984031266621
3016	0.03036691970257382
3068	0.036639957260020194
3074	0.036639957260020194
3093	0.016385980370770034
3110	0.09634401173277649
3164	0.018960157278009645
3166	0.04935150010835543
3167	0.01627568724153522
3181	0.012316362903820413
3216	0.015625176689321646
3231	0.019528220506937175
3238	0.026489129003683148
3267	0.024419693366816597
3276	0.02211626068666568
3294	0.05734607846628182
3311	0.031345711231553705
3359	0.01460016065592208
3422	0.02211626068666568
3432	0.013962717298432965
3467	0.030035610792286446
3476	0.015432198837166029
3552	0.023064097212736098
3587	0.021772570352583356
3597	0.045336605564037236
3672	0.019770048473834293
3741	0.021288748404150886
3775	0.04116524394244822
3809	0.011469215693256362
3812	0.024942260880930885
3822	0.024419693366816597
3824	0.013962717298432965
3840	0.0351819480084753
3847	0.02015046337174968
3862	0.021446071887962437
3881	0.02953948888256213
3900	0.057230731178422846
3901	0.0680035673529246
3929	0.019410584735956103
3946	0.02977059610705614
3981	0.008949994713062612
4011	0.054279602273632335
4083	0.01660984031266621
4100	0.018538810530308068
4130	0.01626847020913674
4193	0.0732590801004498
4200	0.03451155090948051
4209	0.01448950362281059
4212	0.02229513786669764
4248	0.01814301609959059
4254	0.024173301534892427
4264	0.014943850990004405
4276	0.014656200559280914
4280	0.02055442366801623
4298	0.01065817316885888
4304	0.01171560752518054
4313	0.030657853657098957
4329	0.022668302782018618
4330	0.03466304990130077
4336	0.02015046337174968
4337	0.028010730642865706
4353	0.026950562790981285
4358	0.01448950362281059
4393	0.05364084909825134
4417	0.016029136985588197
4426	0.03329967002068085
4428	0.021288748404150886
4442	0.013862275184135839
4457	0.01772399484672806
4473	0.02719358946444665
4476	0.02682042454912567
4532	0.23248639694603668
4564	0.010567286197712378
4620	0.027494548463639006
4644	0.018089227771960103
4717	0.016763461721722855
4744	0.035359599964021105
4799	0.036639957260020194
4819	0.036639957260020194
4836	0.015244761791406262
4878	0.029089195387386517
4895	0.008787640838359825
4949	0.021356907654843698
4970	0.010875296554670805
4973	0.02522011594799336
4977	0.036639957260020194
4979	0.36479475993754124
4981	0.031345711231553705
4987	0.017247283670155322
4992	0.06865646222481679
5048	0.05293488164074075
5095	0.031345711231553705
5162	0.02286320109562517
5195	0.028441597348984753
5292	0.033992834245786946
5320	0.024419693366816597
5415	0.020985037427430384
5424	0.02286320109562517
5425	0.018960157278009645
5446	0.031345711231553705
5448	0.015891687516074823
5469	0.013335875202253539
5484	0.016022100309251264
5494	0.02719358946444665
5538	0.01795376781546289
5544	0.008719277819413545
5548	0.025753987687544482
5595	0.02894498004924463
5666	0.030657853657098957
5672	0.023064097212736098
5725	0.013475281395490642
5769	0.008584662562514826
5786	0.023271372039348436
5882	0.01416835976882844
5896	0.017679799982010552
5907	0.02682042454912567
5946	0.014380690959696638
5982	0.036639957260020194
6071	0.0192950311237091
6082	0.036639957260020194
6102	0.0192950311237091
6136	0.02894498004924463
6155	0.015369120001960536
6168	0.027235458834325117
6176	0.02719358946444665
6187	0.020985037427430384
6291	0.036639957260020194
6298	0.013812627730769104
6307	0.02522011594799336
6348	0.006072154805180298
6353	0.02931240111856183
6392	0.033992834245786946
6473	0.022668302782018618
6499	0.0329864447832402
6550	0.036639957260020194
6554	0.005014155519281392
6559	0.011298746252513077
6587	0.017679799982010552
6601	0.011787747581348366
6612	0.010781358118801616
6625	0.00964307308640041
6660	0.015891687516074823
6665	0.02920032131184416
6693	0.07180761425515239
6708	0.02239517218784552
6827	0.01293467405598453
6872	0.03851812092821498
6909	0.008518381702302612
6958	0.011132614930828063
7001	0.007521419835120235
7012	0.05102064821971683
7040	0.024173301534892427
7043	0.02846115810081216
7111	0.026467440820370374
7119	0.017247283670155322
7180	0.02846115810081216
7195	0.01814301609959059
7200	0.03211467057759216
7215	0.02107453910663408
7261	0.022479054497890925
7267	0.030657853657098957
7280	0.029467547563358915
7340	0.011332485907220023
7349	0.0329864447832402
7422	0.0329864447832402
7519	0.021772570352583356
7531	0.026856962266069723
7565	0.02160728029224289
7678	0.1736698802954678
7688	0.036639957260020194
7700	0.012435428975750432
7713	0.04697088792087535
7717	0.06422934115518432
7726	0.015542882586686256
7758	0.035183140339526985
7769	0.010750343292513752
7805	0.05623825607076123
7808	0.013244564501841574
7811	0.013084083235575502
7821	0.014781312984214263
7826	0.03813976875224258
7862	0.033397844792484185
7888	0.02682042454912567
7921	0.02846115810081216
7943	0.035183140339526985
7970	0.036639957260020194
7975	0.013154513299582518
8089	0.0038517540915709715
8137	0.029467547563358915
8146	0.035183140339526985
8176	0.019648014852464393
8183	0.0616632710040487
8212	0.01193446406257432
8258	0.04697088792087535
8306	0.02194215413794234
8371	0.018852243934224244
8386	0.009882437892108025
8388	0.04532994362888009
8414	0.013382013971354953
8419	0.02846115810081216
8509	0.09454243355505663
8539	0.014827265594482976
8592	0.024675750054177714
8598	0.01874608535692041
8651	0.009591052025061577
8653	0.01411633870748961
8677	0.05414311875399625
8686	0.02581403508657892
8709	0.011434763852593073
8731	0.05531276929168609
8753	0.020282358941604135
8792	0.04004235953557075
8844	0.019410584735956103
8872	0.030035610792286446
8877	0.03568023771654511
8879	0.031255692922729124
8880	0.04298087175538864
8885	0.02229513786669764
8902	0.028010730642865706
8912	0.033992834245786946
8940	0.026467440820370374
8958	0.024173301534892427
9087	0.05293488164074075
9135	0.019648014852464393
9139	0.1851863860459923
9156	0.017679799982010552
9174	0.04741354784827396
9187	0.030035610792286446
9235	0.037077621060616135
9260	0.010627736709744972
9261	0.01219942947361301
9328	0.1631615367866799
9365	0.030657853657098957
9372	0.020282358941604135
9387	0.03211467057759216
9391	0.023064097212736098
9416	0.01874608535692041
9420	0.017416867455514313
9443	0.015661048255695732
9465	0.02682042454912567
9476	0.021446071887962437
9489	0.020838320946204428
9492	0.02581403508657892
9495	0.013084083235575502
9503	0.1150455276775731
9553	0.026219898489885714
9630	0.02015046337174968
9699	0.02682042454912567
9722	0.02041697419850285
9777	0.05602146128573141
9826	0.009488237165452005
9891	0.029118353156565704
9981	0.033992834245786946
9991	0.01786116188468157
9997	0.015495893085357341
10021	0.02846115810081216
10102	0.05174185101046597
10121	0.03671452511788447
10128	0.00793019947854609
10135	0.013569900568408084
10166	0.05688047183402894
10167	0.06981358649216482
10169	0.01786116188468157
10173	0.0192950311237091
10181	0.0192950311237091
10211	0.010970606402929312
10216	0.02160728029224289
10228	0.01933847977917434
10355	0.02613256697467092
10357	0.015757072259176105
10375	0.03430429155777922
10380	0.035183140339526985
10403	0.012638828873776166
10448	0.04110884733603246
10452	0.00759733474461979
10477	0.01216091249666935
10501	0.03211467057759216
10526	0.031345711231553705
10558	0.010812520987780566
10573	0.04116524394244822
10618	0.022668302782018618
10641	0.02758938389516413
10660	0.014827265594482976
10723	0.02613256697467092
10769	0.036639957260020194
10771	0.017331524950650386
10821	0.019410584735956103
10828	0.031345711231553705
10840	0.024173301534892427
10853	0.01391230308146733
10873	0.04871251056104154
10878	0.036639957260020194
10880	0.014326957251796214
10892	0.04116524394244822
10939	0.035183140339526985
10976	0.011897474679460012
11064	0.019528220506937175
11065	0.021772570352583356
11117	0.02160728029224289
11135	0.02211626068666568
11175	0.036369770938938104
11211	0.030657853657098957
11316	0.012638828873776166
11322	0.02758938389516413
11364	0.04257749680830177
11372	0.014434870595581612
11400	0.035359599964021105
11401	0.01212262142704782
11404	0.01506255623574507
11427	0.06269142246310741
11428	0.029467547563358915
11465	0.04707237419689167
11481	0.014544597693693258
11536	0.01518345985128691
11544	0.007712888356866793
11559	0.02613256697467092
11567	0.010477647142081112
11574	0.05893509512671783
11577	0.015432198837166029
11592	0.005196603562310721
11605	0.018960157278009645
11636	0.026849984139187835
11660	0.021134572395424756
11775	0.01586039895709218
11833	0.04942324324110359
11861	0.04787174283676826
11867	0.01843758976389536
11876	0.016326479533581593
11916	0.04116524394244822
11933	0.05602146128573141
11957	0.04116524394244822
12057	0.018337914413197137
12097	0.035183140339526985
12214	0.02758938389516413
12262	0.013522419568904051
12267	0.035183140339526985
12287	0.02758938389516413
12323	0.04850862774941189
12329	0.04014604191406486
12377	0.01874608535692041
12434	0.2561736298156038
12435	0.12836540089237997
12451	0.03416398721962972
12467	0.015625176689321646
12488	0.008719277819413545
12509	0.030657853657098957
12516	0.010688752188020291
12537	0.025034560946624925
12548	0.02758938389516413
12564	0.035582081065026
12565	0.036639957260020194
12566	0.006892319187476177
12581	0.01933847977917434
12584	0.012556706927386826
12591	0.014326957251796214
12612	0.011034928190762131
12624	0.02439885894722602
12638	0.02782460616293466
12647	0.020694829265565328
12649	0.04143788319230732
12659	0.026489129003683148
12666	0.03841871480466706
12674	0.0496030926824271
12681	0.02758938389516413
12699	0.013335875202253539
12718	0.01518345985128691
12719	0.07205446527028601
12737	0.01609896234268716
12742	0.013335875202253539
12748	0.009774968656254863
12755	0.019770048473834293
12766	0.031179621373864326
12829	0.012480228631676237
12850	0.016169542583137297
