240
t_index	tf-idf
16	0.015989130232378936
320	0.019981435375611433
433	0.01719420813366809
554	0.043790337339236166
596	0.040698389539311194
604	0.01889306578889646
638	0.10478671832219577
658	0.17736976906139024
723	0.040877113442417755
738	0.01557436992490305
760	0.048821939598258465
858	0.019697272338515655
863	0.020810435092486628
871	0.017745935649410093
872	0.007772305403666243
902	0.042352987043757354
923	0.05532134684029175
1012	0.02578595716702628
1023	0.03216768960260453
1122	0.021547845162915077
1157	0.03216768960260453
1173	0.031270682137497924
1203	0.023847889046930384
1208	0.02648084261764472
1211	0.1095558830340436
1299	0.3316356447911573
1301	0.019798077949595212
1403	0.05912325635379674
1420	0.016472570417836226
1511	0.01236160154949615
1589	0.024892265768960854
1802	0.05912325635379674
1879	0.02020035573033588
1906	0.020969365381959655
1975	0.03255717076183232
1999	0.023325855981657213
2002	0.028047252404948365
2003	0.048821939598258465
2012	0.02992887380936201
2069	0.014350508593399482
2167	0.0698640579457634
2245	0.05542467199156813
2277	0.018957510459046336
2294	0.01622773503049723
2440	0.05994430612683431
2455	0.031270682137497924
2464	0.01652231410265246
2615	0.02653620519582012
2702	0.019353766432162644
2707	0.08571955322690888
2762	0.03967655488146999
2822	0.061273529200741216
2868	0.034718713329215216
2891	0.01926431209394439
2918	0.1135941452134806
2922	0.046124441869730165
3178	0.03707520392891277
3187	0.04507155033852659
3212	0.02207377716693634
3242	0.05481560296029406
3305	0.04564862126025065
3586	0.034718713329215216
3624	0.02992887380936201
3708	0.040877113442417755
3710	0.03255717076183232
3857	0.03507259165100291
3865	0.221285387361167
3886	0.027076386393476586
3918	0.046124441869730165
3928	0.03228536440905957
3981	0.012854359190129361
4029	0.02992887380936201
4090	0.03228536440905957
4138	0.023122007462108705
4139	0.05912325635379674
4148	0.11902966464440996
4200	0.01652231410265246
4209	0.020810435092486628
4260	0.03314464617675086
4264	0.02146298790868828
4304	0.050479346218871776
4353	0.019353766432162644
4417	0.023021721344685744
4457	0.01697063170412254
4564	0.015177181306267992
4620	0.0263258853256608
4727	0.10106301464087711
4828	0.023325855981657213
4836	0.021895168669618083
4895	0.025242359440785175
4921	0.04209970450074247
4949	0.01022456329071367
4985	0.019627557053823737
5033	0.03622219225884681
5239	0.03778613157779292
5314	0.015619558747770275
5329	0.025264897422193264
5333	0.04815277888969239
5337	0.0904187825888198
5414	0.031058795671664294
5484	0.011505807486947822
5556	0.040698389539311194
5672	0.03312562738566359
5725	0.03870753286432529
5797	0.0245338783523054
5816	0.034048666734437814
5842	0.035378557810905535
5868	0.03342332421764698
5899	0.02501483826725576
5913	0.02146298790868828
5934	0.015048437920881792
6194	0.031514245509289045
6213	0.07987866043089091
6241	0.040230190564900285
6323	0.05052979484438653
6327	0.048821939598258465
6353	0.021049852250371235
6388	0.013925102491547119
6587	0.07617741909278924
6668	0.07431382468639391
6696	0.019627557053823737
6708	0.03216488910403534
6742	0.0385206228427202
6947	0.061501303625721086
7112	0.030355159151929233
7165	0.044883073121961
7179	0.023122007462108705
7218	0.23649302541518696
7247	0.024302344055412015
7327	0.012687212828482385
7472	0.04292597581737656
7501	0.01305894903573247
7531	0.038573099849985984
7543	0.1472032701138324
7591	0.01373793734335663
7808	0.019022401116620336
7811	0.009395955582977383
7821	0.010614771991066082
7877	0.048821939598258465
7994	0.03176430466422655
8036	0.010301316755538272
8055	0.045020030084753485
8060	0.013590849423799867
8089	0.022128205520765568
8110	0.03342332421764698
8126	0.05912325635379674
8341	0.03905657800386561
8370	0.02322337777478024
8379	0.0273889707585109
8447	0.05912325635379674
8505	0.015310678561566163
8539	0.021295543055545686
8641	0.047376520684451036
8645	0.015134070137925412
8681	0.03507259165100291
8751	0.2912892687940919
8877	0.006405682437558766
8882	0.05027806857901761
8896	0.03962503462769688
8937	0.07088070209009416
8948	0.2604573660946586
8975	0.2956162817689837
8978	0.0415719988930362
8988	0.046124441869730165
8990	0.1302286830473293
9008	0.04507155033852659
9026	0.035378557810905535
9156	0.02539247303092975
9264	0.0385206228427202
9272	0.025139034289508803
9274	0.03801365275132234
9280	0.022348235665843822
9336	0.05262384911176345
9416	0.026923916975613697
9570	0.022922496475930858
9573	0.03962503462769688
9844	0.019981435375611433
9845	0.12790307357401948
9891	0.02661336659453489
9998	0.034410307030150446
10029	0.05912325635379674
10120	0.09542300763958378
10128	0.011389686342253246
10131	0.01637386779490268
10177	0.04232253235622518
10178	0.019153545388614662
10209	0.016472570417836226
10211	0.01575644676426077
10216	0.031033285594338687
10294	0.05912325635379674
10452	0.010911611998212506
10460	0.02839457591165137
10682	0.056438612174363856
10722	0.01976750983994335
10739	0.055756597916702365
10750	0.024892265768960854
10772	0.035823125114191896
10773	0.016673148388835077
10853	0.039962870751222866
10854	0.03753269283637198
10948	0.02024638595608427
11077	0.03255717076183232
11092	0.03507259165100291
11132	0.022922496475930858
11176	0.03753269283637198
11209	0.01908774397754601
11279	0.02418868614748606
11305	0.03257081227748812
11316	0.03630483621380893
11377	0.03544035104504708
11404	0.043266954759917396
11459	0.1501307713454879
11481	0.02088956351647761
11499	0.03905657800386561
11592	0.007463580806495219
11623	0.04649353893629658
11634	0.05912325635379674
11636	0.012854359190129361
11641	0.05912325635379674
11673	0.07944252785293417
11718	0.05944557003362706
11777	0.1693208030324024
11875	0.03663900143830655
11901	0.05532134684029175
11991	0.03663900143830655
12036	0.10106301464087711
12057	0.02633768468276828
12188	0.047573805139577124
12330	0.030801751297445296
12467	0.0224415365609805
12537	0.011985230118085114
12576	0.028940943803013788
12581	0.06943684695973892
12612	0.031697656847621075
12632	0.025920875503308544
12690	0.174245860382726
12748	0.014039221497680578
12766	0.029854323225980875
12788	0.05985774761872402
12829	0.005974876587444999
