36
t_index	tf-idf
612	0.09675917575596304
847	0.1238491985112219
1148	0.1351640936182525
1356	0.28836765540213805
1745	0.37576082167442837
1804	0.18788041083721418
2146	0.12777163397020586
2314	0.206423836894465
2397	0.18788041083721418
2506	0.06575721776352954
3222	0.2698242293448872
3294	0.08034328287692509
3295	0.28836765540213805
3900	0.057272627468886915
4673	0.12642642770098017
5970	0.062367984819917656
6168	0.09539388882082121
6556	0.1753526961608077
6824	0.1196614904977448
6836	0.12845937198117416
7195	0.1270940850460323
7421	0.1270940850460323
8103	0.06302603525055797
8731	0.12915761021395172
9503	0.20147705870069044
9997	0.10855065898878147
9998	0.027972127416250287
10102	0.12081936793503865
10167	0.29343171555265124
10821	0.1359735610486776
11049	0.1676737572738887
12146	0.16451845689091615
12435	0.12845937198117416
12488	0.0610796259363698
12520	0.10945630671940702
12588	0.17285669916982924
