66
t_index	tf-idf
536	0.40089330895169095
647	0.060485314415854356
902	0.03666740543157376
1203	0.1651718619926473
1456	0.13339803341771164
1710	0.07234116393782869
2219	0.08337723449734932
2577	0.12909298177703082
3073	0.12688192395576692
3365	0.05095335146387019
3438	0.07521663924813761
3809	0.11408997762295536
3871	0.05756454636521904
4135	0.10293086602283916
4177	0.1283925058239875
4219	0.10305617202729388
4276	0.14579249693848526
5091	0.05636492930930746
5414	0.05377875482230877
5450	0.07206713991202468
5654	0.11471500777694509
5769	0.04269794839737028
5913	0.0743269492286578
5970	0.044282245744135765
6085	0.12543850168615825
6168	0.13546230937073106
6182	0.14656415626064748
6609	0.0943030446644981
6769	0.09958030316906791
7337	0.17499207449739124
7501	0.13567055706613926
7821	0.1102777892169952
8144	0.1022325239604463
8248	0.18223791476690238
8386	0.049152755869513697
8504	0.07021111165441349
8651	0.0954069519821888
8761	0.11983456530733073
9347	0.2047455504302215
9376	0.07099359902005695
9477	0.2047455504302215
9495	0.032538466523944716
9891	0.01316612284293582
9960	0.11000070773491272
9998	0.019860648437002172
10104	0.14656415626064748
10228	0.09618472545447221
10558	0.05377875482230877
10695	0.1594497765942544
11140	0.18223791476690238
11209	0.13220282129818223
11350	0.18047758069736924
11404	0.07491735920927413
11418	0.08536998571212526
11454	0.054090984673648417
11636	0.044515018456722746
11658	0.07613139422783816
11660	0.0525590187714949
12193	0.041082109858854694
12196	0.15243373002163085
12512	0.08578364295397163
12566	0.03428065889160038
12595	0.2987791192381721
12753	0.12543850168615825
12834	0.049152755869513697
12835	0.06919628986407719
