168
t_index	tf-idf
191	0.03986278535269424
551	0.15110528639949455
716	0.04176347663578643
717	0.045891445846246416
872	0.024648977238654838
957	0.0468114406730721
1020	0.025732202392160692
1042	0.055614355613098715
1454	0.053486659825227434
1471	0.0348599457999643
1511	0.019601702416577826
2057	0.048156822269342626
2087	0.030060787600174194
2109	0.02859713076242395
2219	0.03817775708704559
2241	0.18010029688679138
2277	0.030060787600174194
2280	0.10505413684081807
2437	0.045025074221697846
2537	0.17289699811590162
2629	0.04958569511954654
2796	0.04745799933167526
2909	0.028995432345541874
2913	0.04745799933167526
3016	0.06915879924636066
3167	0.037066880591069114
3181	0.05609952394601581
3238	0.03016368424785278
3293	0.03817775708704559
3359	0.03325097144054247
3433	0.025809042388754797
3474	0.039665848615995584
3487	0.07138793698966034
3690	0.1875026423244332
3900	0.07447970521037561
3908	0.0580982003147905
3959	0.04649840792685685
4176	0.058789883457949374
4366	0.04920925713332772
4419	0.04884211486873007
4437	0.08772266066866441
4564	0.024066346928973695
4574	0.06840426350024238
4598	0.025886281555953076
4701	0.06027797498689936
4748	0.23806128127511847
4845	0.3470998658368257
4859	0.023136762610523293
4985	0.03112327565267118
4990	0.016831767385123597
5116	0.04958569511954654
5239	0.02995859815153727
5314	0.024767821647230424
5327	0.06283313160586093
5362	0.028229988497826302
5414	0.02462485413947327
5469	0.03037163877405059
5769	0.019551043061782458
6042	0.22654146213823415
6043	0.05451248076604966
6348	0.013828960568848712
6554	0.011419432011690718
6556	0.02850449179452353
6573	0.4687566058110829
6603	0.057455593670573755
6614	0.02557970355533464
6620	0.03226757137371322
6799	0.04176347663578643
6909	0.019400092463230177
7056	0.07565578747853234
7103	0.04176347663578643
7133	0.020872383240163127
7327	0.12070813123878929
7442	0.0834452579767647
7501	0.02070748129574822
7510	0.05951532031877962
7551	0.04199048114056552
7569	0.0580982003147905
7570	0.06592041879855061
7700	0.05664185531490752
7726	0.053096944325470144
7811	0.04469729699330406
7860	0.07313919479131281
7895	0.08772266066866441
7993	0.0937513211622166
8023	0.07894297257905472
8060	0.02155091190467158
8089	0.008772133972571712
8109	0.039665848615995584
8111	0.048133956924718065
8176	0.04474715012520438
8268	0.07741659748321252
8269	0.06982138350423152
8388	0.05161808477750959
8396	0.06840426350024238
8464	0.06753637804985571
8505	0.024278032563825054
8677	0.04110254532623449
8724	0.02320126816180159
8731	0.08398096228113104
8792	0.04559701035855171
8805	0.03557710205489374
8877	0.030472333317015134
8879	0.023727641935375562
8927	0.04713120581978668
8933	0.03558538266079452
9109	0.02420401926673298
9186	0.0320315583825945
9316	0.04649840792685685
9322	0.11903064063755923
9389	0.04199048114056552
9495	0.014899098997768019
9497	0.040677701959502474
9539	0.027180010758434837
9652	0.025131372918875284
9697	0.06283313160586093
9704	0.036825142634334784
9820	0.02542875295678236
9826	0.021608878864053365
9872	0.05743726900523856
9891	0.018085981480656543
10135	0.030904617208312606
10342	0.047792137129338615
10452	0.01730246444343933
10460	0.09005014844339569
10464	0.05206953982123832
10636	0.03588576674078653
10667	0.0834452579767647
10671	0.03634803732891428
10682	0.04474715012520438
10696	0.03226757137371322
10781	0.043180596639775554
10829	0.1944556318545047
10853	0.03168441795511363
10873	0.009244979876330571
10896	0.05451248076604966
10948	0.016052274089780875
11041	0.07313919479131281
11064	0.04447432584225731
11195	0.0801274466896834
11361	0.0937513211622166
11404	0.03430404904573244
11516	0.02333112493699151
11537	0.028878561995682995
11623	0.03686223467379136
11636	0.04076612930643895
11775	0.03612108696516087
11856	0.06193173403755578
11871	0.07313919479131281
11963	0.0834452579767647
12056	0.05680447111230874
12098	0.06108187380420845
12313	0.04848382027249749
12327	0.0348599457999643
12329	0.09143015098220408
12371	0.03457939962318033
12489	0.02542875295678236
12590	0.032149096593493416
12643	0.04006236561437964
12717	0.04269306095423684
12719	0.027349938393703317
12739	0.018198428609071643
12748	0.02226189226825333
12755	0.045025074221697846
12766	0.023669892504659194
12768	0.035437436104327175
12829	0.009474318709750726
12839	0.028049761973007906
