61
t_index	tf-idf
91	0.07913703435700885
647	0.08746758454346287
817	0.1340802300211238
872	0.03892271934851247
1020	0.08126643813508995
1049	0.1348315602356718
1051	0.12780997817479126
1075	0.08299209140925433
1329	0.16035818502909494
1737	0.06751628635751761
2565	0.27755972531567846
2577	0.12445391531921399
2784	0.18566791735091043
2909	0.04578612186003612
3242	0.1830063899218882
3318	0.08452343808909273
3825	0.1542512625182768
3878	0.17386691140791563
3953	0.23098535283436447
4219	0.07451457040917868
4587	0.05133109031631001
5135	0.22958590810882548
5414	0.07776925406590053
6018	0.12652340080063232
6182	0.21194587235888154
6348	0.04367408399070096
6466	0.19843714598006085
6554	0.03606440486410326
6603	0.060484671792247126
7187	0.08691837200640691
7281	0.09864144077529677
7501	0.06539755991376497
7584	0.09272292942471484
7832	0.14294185240563229
7878	0.1468494586502742
8037	0.037092363333400505
8078	0.25305537746406237
8504	0.10153202316682013
8651	0.06898381631251646
8761	0.08664615595931031
9081	0.19843714598006085
9376	0.1026635751884902
9390	0.09180517115676234
9894	0.06992487258968841
9987	0.11681292728275962
9998	0.02872040863188665
10121	0.17604659357599883
10452	0.05464396847374894
10873	0.029197134925724632
11055	0.14884793627896967
11454	0.07822076847370008
11751	0.12780997817479126
11802	0.1304939736223723
11833	0.08886939421255045
12055	0.05006872567564986
12188	0.17868268515109317
12196	0.07347794692925524
12387	0.1830063899218882
12566	0.04957313124292397
12659	0.09526177132048758
12835	0.10006449321182129
