254
t_index	tf-idf
3	0.018782896974040637
155	0.05916430926551512
180	0.04450371303258314
182	0.0322078748948833
184	0.031035395872919737
189	0.02439436204533676
190	0.0731830861360103
210	0.0626654684888215
250	0.03349337980629211
601	0.04633461394818568
687	0.03410703503745774
739	0.06742517069989798
743	0.04118808320963914
790	0.030788265666263297
854	0.03379668035696474
858	0.028032703342495056
872	0.03318409695370023
901	0.05708033123712616
902	0.030137896787481203
908	0.0406646965286063
991	0.03395095548304065
1000	0.07489304739954943
1154	0.046732991286222436
1175	0.04557185493368546
1265	0.03875506588743509
1301	0.02817616756140249
1323	0.05725467862434391
1387	0.03991620223997207
1490	0.02635073406451181
1544	0.1996580115882428
1775	0.0719152748572759
1912	0.10310117589444798
1996	0.03193827684118472
1999	0.1327872793158194
2063	0.04450371303258314
2069	0.020423312593697368
2085	0.04450371303258314
2201	0.05341566212036708
2241	0.04041050503783927
2264	0.03410703503745774
2288	0.13128648206219
2294	0.02309493792909727
2328	0.05482166130213986
2344	0.0499145028970607
2358	0.09428725658837236
2359	0.06023245116661745
2397	0.10964332260427972
2430	0.021477385279182352
2431	0.0359564188504429
2493	0.1115111690569346
2506	0.019187311249423942
2537	0.031035395872919737
2590	0.04557185493368546
2615	0.018882857364860364
2628	0.06023245116661745
2642	0.07496636983553603
2729	0.030307325335911434
2778	0.062321397338769714
2833	0.03613798151211434
2891	0.013708262157974466
2909	0.013011861558566725
2996	0.03991620223997207
3009	0.04173283842970861
3099	0.06948225753507185
3158	0.065643241031095
3159	0.03967575159453474
3167	0.03326793771592591
3294	0.023443382001102023
3305	0.0324830320612542
3359	0.02984311679965115
3426	0.04800487225588951
3471	0.03669797905226122
3672	0.04041050503783927
3698	0.055584420316640085
3758	0.0719152748572759
3834	0.04845727658989673
3900	0.0167115910114938
3936	0.04714362829418618
3939	0.029616930880079818
3948	0.065643241031095
4130	0.033253185909703324
4136	0.030666395871517656
4165	0.05916430926551512
4222	0.03542609808259414
4309	0.055584420316640085
4436	0.03875506588743509
4457	0.04830442265512776
4514	0.04092382408370811
4532	0.04320076185149506
4587	0.014587674467994003
4620	0.03746639234508376
4644	0.01848743140354181
4737	0.03426496173005717
4859	0.020765501849662166
4878	0.02972954462667259
4949	0.043654087420219
4955	0.18533845579274272
4979	0.07456501942189894
4990	0.015106698489005334
5091	0.046327805361838864
5234	0.132497567255738
5308	0.12278717503830883
5362	0.02533672874790736
5425	0.03875506588743509
5429	0.05410015316987505
5458	0.049410871437662304
5548	0.07018911464780524
5655	0.05098264479816303
5792	0.0322078748948833
5925	0.031035395872919737
5934	0.021416589503063244
5976	0.049410871437662304
6010	0.05098264479816303
6019	0.05100093767255181
6066	0.0499145028970607
6073	0.12960228555448516
6087	0.045206225218897306
6138	0.065643241031095
6155	0.03141489016015188
6173	0.02972954462667259
6227	0.03853448814183869
6234	0.06948225753507185
6298	0.028233378549313605
6351	0.052764574466966
6391	0.025918830677900774
6415	0.0626654684888215
6509	0.07873206390352627
6580	0.028032703342495056
6603	0.05156703453823233
6614	0.02295806852642888
6630	0.03708480757973126
6665	0.02984311679965115
6701	0.03319681982895485
7001	0.01537398224091871
7056	0.03395095548304065
7187	0.049402298229172456
7206	0.022294018608990707
7263	0.17749292779654538
7296	0.024546873988510326
7362	0.05043788957809356
7501	0.018585194842822433
7528	0.06948225753507185
7667	0.05482166130213986
7726	0.03177006550606669
7778	0.03789382192573177
7811	0.026744214219126136
7832	0.06093351605906348
7888	0.05482166130213986
7906	0.04230078157876958
7929	0.03508390882662935
7935	0.05482166130213986
8037	0.010541200629519385
8103	0.018390378977383173
8183	0.04201378880206455
8212	0.02439436204533676
8258	0.04800487225588951
8259	0.0499145028970607
8297	0.049410871437662304
8298	0.045947785420715634
8301	0.05916430926551512
8386	0.020199965961323334
8651	0.03920873099425037
8781	0.08414285376800384
8803	0.0626654684888215
8877	0.12762987146096716
8879	0.042591645235021826
8905	0.02972954462667259
9000	0.02833485926480338
9070	0.03632204856523104
9109	0.02172337657231271
9139	0.03154382497744512
9223	0.0719152748572759
9260	0.02172337657231271
9261	0.04987191678914398
9328	0.11116884063328017
9421	0.0625743783755673
9422	0.04351476809851158
9443	0.03201159927717134
9474	0.0640714676705943
9481	0.065643241031095
9503	0.029394514901850584
9529	0.04557185493368546
9549	0.03920747022144232
9628	0.05341566212036708
9630	0.04118808320963914
9652	0.022555686792329978
9781	0.055584420316640085
9844	0.02843711761787836
9845	0.02600410029567431
9891	0.048697108780298135
9892	0.05155058794722399
9946	0.05043788957809356
9986	0.023302910706383115
9998	0.00816199245190405
10087	0.0318054931607844
10121	0.025015155361602752
10128	0.016209538707150424
10131	0.023302910706383115
10137	0.028032703342495056
10167	0.02854016561856308
10178	0.05451776739525048
10209	0.023443382001102023
10216	0.04416585575191266
10228	0.01976418357230548
10404	0.06023245116661745
10413	0.05043788957809356
10452	0.03105830867111334
10475	0.03475027520473032
10636	0.0322078748948833
10696	0.08688151289673361
10773	0.023728839939714964
10873	0.01659494458699379
10890	0.026616749180941722
10976	0.024318754762195017
11057	0.03613798151211434
11141	0.06742517069989798
11147	0.09346598257244487
11153	0.022555686792329978
11197	0.045947785420715634
11211	0.0626654684888215
11235	0.05214378115070001
11305	0.015451342746131818
11544	0.01576534899314834
11567	0.04283317900612649
11592	0.010621995930477506
11711	0.10841394453634302
11775	0.03241907741430085
11795	0.06852992346011434
11833	0.025255606007040084
11889	0.05064434372990411
11911	0.05916430926551512
11934	0.05916430926551512
11950	0.0719152748572759
11987	0.06742517069989798
12026	0.0626654684888215
12044	0.05916430926551512
12055	0.014228925718953593
12337	0.4761090191344169
12339	0.03831749718561396
12343	0.06139358751915441
12387	0.13002050147837155
12405	0.03491604938345824
12451	0.03491604938345824
12469	0.06948225753507185
12489	0.0684677660545081
12509	0.0626654684888215
12537	0.017057102862656343
12566	0.04226425134210374
12624	0.07480787518371597
12649	0.028233378549313605
12719	0.024546873988510326
12829	0.03401322579194978
12853	0.06948225753507185
12891	0.065643241031095
