225
t_index	tf-idf
76	0.03829876420730374
80	0.0697983234962596
191	0.03171763790907453
222	0.03236604292222518
240	0.029300675547171987
278	0.02359654221724226
279	0.03724647718753236
551	0.08015333462462534
639	0.02615729280602117
687	0.030236904089797557
717	0.036514464546235414
738	0.01965000804132748
801	0.04337396675032125
918	0.02116491741680319
1020	0.02047435147485025
1100	0.024851827824197474
1105	0.02458988878120535
1119	0.03945386930081249
1203	0.015044307211156238
1243	0.04337396675032125
1387	0.03538690412208169
1420	0.04156651507991325
1488	0.022977816643009023
1531	0.05680126756021676
1727	0.29887212674042596
1905	0.03187643801343071
2109	0.022753890144300088
2173	0.036997406300731735
2349	0.04046581148941309
2393	0.04337396675032125
2430	0.03808068558718508
2451	0.07077380824416338
2537	0.1925966303307918
2615	0.016740216393936313
2626	0.030518594305843572
2631	0.02892105698344301
2635	0.030807155688131038
2762	0.025029732381867432
2796	0.03776092476662422
2797	0.05442724691567423
2801	0.018409236895414106
2909	0.023070806919687728
3016	0.027513804332970255
3167	0.019662012854084573
3214	0.02169373976090012
3216	0.028314235247353447
3300	0.02969288041994236
3359	0.026456813364769637
3433	0.02053549078479417
3439	0.030236904089797557
3475	0.03886222451374943
3488	0.08942938769023477
3528	0.061598094197377634
3561	0.0745951501334205
3575	0.05245092523685534
3709	0.049994462236774596
3808	0.021229741853756114
3888	0.0745951501334205
3900	0.04444597198620571
4098	0.03605046663909141
4099	0.04796139977703555
4110	0.04073408255449266
4298	0.019313575034088287
4364	0.05555480733982796
4430	0.01920352372752799
4442	0.05023939612732942
4497	0.049994462236774596
4504	0.08015333462462534
4564	0.05744663883371339
4587	0.06466204307960285
4620	0.03321507456408514
4640	0.018105875911329637
4659	0.04007666731231267
4684	0.03886222451374943
4752	0.05245092523685534
4845	0.3945386930081249
4856	0.031253640001930524
4894	0.04622701761679226
4990	0.026785077789604976
5091	0.02053549078479417
5116	0.3550848237073124
5239	0.023837169430753428
5314	0.01970702227285021
5362	0.044923531831971
5469	0.024165813623343215
5484	0.029033496793854793
5515	0.018720581973031673
5543	0.29887212674042596
5657	0.05442724691567423
5661	0.0745951501334205
5725	0.02441843027074093
5797	0.030954119443182052
5857	0.022753890144300088
5885	0.029300675547171987
6042	0.2523532664736399
6173	0.05271225649035833
6213	0.033594003639010654
6238	0.0451976355996137
6348	0.022006588857292047
6388	0.017569145798809162
6544	0.026558362744881634
6554	0.009086103905421668
6556	0.022680180060718654
6574	0.0425577514037851
6601	0.021360466168860275
6603	0.045715714538522675
6612	0.0586103919587035
6620	0.02567435105152485
6683	0.06639492083453853
6755	0.02253412351245798
6779	0.036514464546235414
6798	0.036211751822659274
6804	0.08760842324834779
6947	0.025865168577706578
6950	0.048601038261334786
6985	0.019480595645492014
7103	0.033229961680749404
7116	0.0745951501334205
7133	0.01660753728204257
7178	0.048601038261334786
7187	0.08759322243815923
7206	0.019764312603422946
7213	0.03455635754406113
7215	0.01909448673315108
7247	0.03066199521486747
7321	0.02441843027074093
7481	0.05895002412398244
7501	0.016476329687862227
7547	0.03750090484605396
7650	0.06871504420980627
7726	0.028165110880453918
7784	0.07890773860162498
7796	0.1395966469925192
7832	0.018006459946934682
7929	0.03110293184737249
7932	0.03416197335284605
7975	0.023837169430753428
8021	0.053736696162174045
8036	0.012997055936042856
8037	0.009345088838007918
8089	0.013959454492214305
8105	0.022247311158876192
8109	0.031560941179271614
8112	0.04156651507991325
8131	0.02494044569281828
8171	0.1265095010863652
8258	0.0425577514037851
8388	0.02053549078479417
8464	0.026868348081087023
8505	0.009658655801282058
8521	0.034964343840992694
8651	0.017379854878235547
8719	0.019368986986182325
8729	0.07659752841460749
8805	0.02830764661443919
8865	0.025301708271260888
8873	0.04007666731231267
8877	0.024245933289465678
8879	0.01887938207738785
8993	0.042169833695455065
9000	0.12559849031832354
9068	0.04194509692106048
9277	0.0697983234962596
9307	0.02400035036468888
9322	0.142063734122838
9364	0.034357522104903136
9381	0.026764114542110726
9383	0.05157419604920323
9420	0.031560941179271614
9421	0.027737026618449803
9495	0.011854771888154616
9553	0.02375641532782507
9570	0.02892105698344301
9580	0.018155898946297194
9704	0.029300675547171987
9820	0.020232905744706545
9837	0.05157419604920323
9891	0.043171439734448
9997	0.02807996164846527
9998	0.014471699617327381
10099	0.02400035036468888
10124	0.0697983234962596
10128	0.028740479299340548
10224	0.024082792720227116
10245	0.048601038261334786
10473	0.036997406300731735
10636	0.057106483929971925
10696	0.02567435105152485
10699	0.03287678828562616
10725	0.06639492083453853
10825	0.04622701761679226
10876	0.027737026618449803
10948	0.012772319161648274
11016	0.04298530224212079
11101	0.05977442534808519
11175	0.06590531875144891
11194	0.035825118299127996
11242	0.03915434874206402
11265	0.04179423293789262
11305	0.013698076310657845
11316	0.06870810764547158
11535	0.04935311797348839
11544	0.01397645221651447
11592	0.009416716282706468
11663	0.02103632451872014
11686	0.039761170478153585
11872	0.03829876420730374
11876	0.007396264878573347
11917	0.061598094197377634
11943	0.04337396675032125
12022	0.06375503663870993
12183	0.058345555518824414
12252	0.044714693845117386
12354	0.04073408255449266
12537	0.015121630559253512
12566	0.012489506567142743
12590	0.02558008417711751
12609	0.0451976355996137
12612	0.019996289254406878
12646	0.04796139977703555
12674	0.02996176540660271
12690	0.03140629283145696
12766	0.009416716282706468
12814	0.149190300266841
12829	0.015076869697502627
