325
t_index	tf-idf
3	0.011815214339239915
15	0.06641635282955188
28	0.08741439264515505
102	0.021859351646283196
153	0.03496488538861553
159	0.1696528165554341
179	0.02821271188253932
189	0.0153450565497442
269	0.049525704776880404
272	0.02821271188253932
304	0.02437852961788918
355	0.01635764808363258
375	0.032070179413971785
387	0.049525704776880404
393	0.017029553249469847
408	0.043707196322577524
469	0.01801826330695937
527	0.18095065694677598
534	0.02778213887378538
607	0.09075230132078757
616	0.02939697265675662
660	0.03768920417496254
687	0.021454727138230056
697	0.02607858579063757
729	0.018701105716418698
738	0.02788549777045181
764	0.0306901130994884
765	0.030776187230252775
841	0.021454727138230056
858	0.017633722793542788
872	0.020874161142659005
875	0.043108139040107414
901	0.017952937426360546
902	0.09478988006219632
971	0.03788868786827466
990	0.09905140955376081
1062	0.049525704776880404
1105	0.017447862803460622
1154	0.02939697265675662
1207	0.023205321291999835
1225	0.05879394531351324
1240	0.02439950970531299
1301	0.008861983842439537
1456	0.034485078612378456
1475	0.01884460208748127
1488	0.01630400998872039
1490	0.016575694973933578
1497	0.03271529616726516
1511	0.022133120897334428
1544	0.03139827424813452
1747	0.05052592180435878
1926	0.045237664236693995
1964	0.13112158896773257
2057	0.00906265475201253
2067	0.14133241673542116
2116	0.02992178937081734
2118	0.042413204138858525
2167	0.03127243736785437
2197	0.049525704776880404
2239	0.030481618996087017
2241	0.025419868896629148
2294	0.014527665362848703
2349	0.014356346492254679
2358	0.02965528021556511
2493	0.07014510942842428
2513	0.04129229712417085
2514	0.026793428816295855
2521	0.06155237446050555
2556	0.043707196322577524
2634	0.020974920361992982
2635	0.021859351646283196
2642	0.02357846420245375
2664	0.019680928178273976
2665	0.027372577974356584
2696	0.02625167095966891
2762	0.017759955748150875
2801	0.013062354308535673
2833	0.02273227596058455
2882	0.043707196322577524
2891	0.017246120855457913
2955	0.06406964004677022
2956	0.042413204138858525
3044	0.040303587066681336
3077	0.01884460208748127
3157	0.02939697265675662
3181	0.015836093204970345
3199	0.02625167095966891
3203	0.021554069520053707
3231	0.025108932116570212
3242	0.01635764808363258
3439	0.021454727138230056
3442	0.02590899753200564
3480	0.028666570158075593
3519	0.045237664236693995
3624	0.026793428816295855
3695	0.09905140955376081
3735	0.025419868896629148
3749	0.09905140955376081
3766	0.0324274390021989
3815	0.03019703807219205
3847	0.02590899753200564
3871	0.0446434896189462
3881	0.018990594172340253
3939	0.018630267040394582
3981	0.023015390430901835
4140	0.07577737573654932
4148	0.017759955748150875
4165	0.11165034810731216
4209	0.018630267040394582
4254	0.06216293871296453
4255	0.04711080557847373
4352	0.03547378866986799
4416	0.07094757733973597
4421	0.023968968718460385
4426	0.014271980623399896
4430	0.013625943993573648
4457	0.007596366896868441
4572	0.01944445244787652
4587	0.018352493844652
4600	0.03280058191265282
4620	0.011783950491956323
4640	0.012847103199540248
4655	0.03941915578239112
4657	0.04129229712417085
4738	0.045237664236693995
4768	0.036015546526494926
4949	0.00915340518498742
4955	0.02914637693431266
4990	0.028508203104008083
5195	0.0182847724622116
5234	0.11112855549514151
5252	0.021163565004047077
5308	0.03861909036695569
5314	0.013983203581800769
5333	0.021554069520053707
5369	0.01048550153441752
5418	0.02821271188253932
5419	0.03788868786827466
5464	0.045237664236693995
5469	0.03429391685222775
5480	0.043707196322577524
5484	0.030901266366304872
5559	0.07577737573654932
5561	0.07355884251216471
5655	0.032070179413971785
5791	0.036015546526494926
5808	0.049525704776880404
5842	0.015836093204970345
5913	0.01921445632667181
5946	0.018490358246831904
5970	0.011447520525564426
6019	0.016040843191980323
6131	0.03360064732808825
6180	0.25210882568546444
6207	0.049525704776880404
6391	0.06521603995488157
6476	0.032070179413971785
6477	0.03721678270243738
6534	0.13571299271008197
6554	0.03223542322016432
6584	0.03861909036695569
6601	0.015156411907690109
6603	0.010812594861347651
6625	0.024797678563240326
6744	0.0202600773363347
6760	0.01351015825038548
6798	0.025694206399080495
6803	0.045237664236693995
6805	0.013395947872368936
6827	0.016631103315650528
7001	0.009670866835673541
7167	0.0324274390021989
7182	0.043707196322577524
7248	0.05879394531351324
7263	0.18608391351218695
7281	0.017633722793542788
7313	0.0672012946561765
7321	0.017326203669753786
7340	0.029142094053607622
7416	0.03282326224086373
7547	0.026608930547896033
7564	0.03788868786827466
7577	0.03861909036695569
7592	0.03172750598630852
7667	0.034485078612378456
7671	0.021859351646283196
7726	0.00999233861647274
7757	0.03768920417496254
7769	0.013822541581075671
7779	0.021554069520053707
7803	0.02175635239953898
7929	0.022069220909739316
7955	0.02799466499223832
7975	0.016913767506281676
8015	0.036015546526494926
8036	0.018444235420398136
8037	0.01989254559658739
8060	0.012167028365620275
8089	0.024762479505139948
8103	0.011568304383394092
8105	0.03157135327449359
8212	0.0153450565497442
8258	0.03019703807219205
8301	0.07443356540487477
8313	0.04711080557847373
8454	0.026428400293416657
8504	0.09075230132078757
8541	0.02423977714822011
8605	0.02590899753200564
8692	0.036594695684555645
8696	0.049525704776880404
8765	0.036594695684555645
8775	0.019064553534408113
8777	0.03854130959862073
8803	0.31535324625912897
8874	0.024103280916514473
8877	0.02867301280759183
8917	0.034176101164627215
8938	0.060020888052455076
8971	0.036594695684555645
9008	0.02017485494655755
9065	0.08530972211061262
9068	0.014881163206315403
9073	0.040303587066681336
9096	0.05931056043113022
9260	0.013664896886174137
9261	0.01568574291779531
9270	0.045237664236693995
9307	0.05108865974840953
9329	0.0534713738698366
9330	0.05215717158127514
9415	0.040303587066681336
9441	0.036594695684555645
9443	0.11075136547275098
9457	0.049525704776880404
9481	0.04129229712417085
9495	0.016823210166687436
9529	0.028666570158075593
9541	0.04158084418718632
9580	0.012882597262115826
9587	0.028903045888473044
9628	0.0672012946561765
9704	0.02079042209359316
9799	0.031081469356482264
9820	0.014356346492254679
9823	0.05931056043113022
9826	0.012199754852656494
9891	0.02042165553537718
9946	0.03172750598630852
9986	0.014658488789275167
9998	0.0051342287820556115
10099	0.08514776624734922
10128	0.010196466201666435
10131	0.029316977578550334
10133	0.020699671660618275
10137	0.017633722793542788
10153	0.03403122033684219
10167	0.017952937426360546
10171	0.018084101552638607
10178	0.03429391685222775
10212	0.09518251795892554
10217	0.012847103199540248
10222	0.02914637693431266
10374	0.03721678270243738
10412	0.03788868786827466
10415	0.03788868786827466
10417	0.06279654849626903
10442	0.02625167095966891
10452	0.01953695292428237
10475	0.06557805493884959
10498	0.03403122033684219
10537	0.049525704776880404
10549	0.02757486085384185
10661	0.025742767678416465
10696	0.018217347735923036
10697	0.028666570158075593
10736	0.026793428816295855
10746	0.02466311054178414
10873	0.010438902343665523
10883	0.049525704776880404
10948	0.00906265475201253
10973	0.04711080557847373
10976	0.030594992921045006
11202	0.039848518448227184
11213	0.028436574036870877
11306	0.017952937426360546
11316	0.048752137366309324
11372	0.05568006349075892
11470	0.04711080557847373
11481	0.018701105716418698
11519	0.017146958426113874
11601	0.032070179413971785
11623	0.02081136319799761
11627	0.019924259224113592
11636	0.011507695215450918
11682	0.06718261028470934
11802	0.02332786848000979
11857	0.015017659438021046
11889	0.031857374134882134
11911	0.11165034810731216
12055	0.026851737634334797
12097	0.045237664236693995
12183	0.020699671660618275
12189	0.042413204138858525
12193	0.010620244929764237
12337	0.3743651816392486
12338	0.21287144438316827
12387	0.08178824041816289
12489	0.11485077193803743
12513	0.049525704776880404
12514	0.03941915578239112
12566	0.017723967684879074
12581	0.012432483949074147
12584	0.016145121965179633
12632	0.023205321291999835
12648	0.04129229712417085
12690	0.022284472018734736
12692	0.03360064732808825
12696	0.045237664236693995
12724	0.03403122033684219
12739	0.02054862439935017
12795	0.07230984274954341
12798	0.043707196322577524
12807	0.03019703807219205
12829	0.02139571726641897
