70
t_index	tf-idf
56	0.09047719329556567
240	0.10287571487946795
596	0.18028712097369817
604	0.08369315041708805
991	0.10567702749868398
1020	0.07188617686570722
1165	0.16626360921047326
1446	0.10920350090544736
1488	0.08067593218843182
1490	0.08202029099702171
1602	0.18107883824568358
1638	0.12132860146014288
1840	0.09470494731543205
1944	0.07712792981672133
2057	0.0448440672402897
2109	0.07988971828022172
2430	0.0668513213385626
2451	0.12424468006102714
3016	0.09660194643810215
3238	0.1685321689699658
3285	0.11081158797377223
3300	0.10425276014931181
3692	0.09360698749440637
3737	0.16045830883296897
3834	0.15082995096440896
3900	0.05201712993764101
3901	0.21633004056286612
4079	0.16839418192727326
4442	0.08819615410216415
4587	0.09081229402607602
4769	0.125783265636004
5058	0.1874818044937599
5544	0.0554747875082324
5578	0.10973264260094726
5594	0.09149447829664258
5857	0.07988971828022172
6428	0.09778317470272219
6547	0.10665441521365712
6660	0.10110791356350836
7199	0.20432363357228533
7343	0.26084047499443924
7448	0.1522875412689331
8112	0.07297075705660623
8379	0.12132860146014288
8505	0.06782376868628309
8719	0.06800520279768558
9000	0.08819615410216415
9186	0.17896845641762163
9820	0.0710384523122873
10128	0.050454422955848545
10137	0.08725565215586054
10184	0.12989921054025885
10452	0.04833663283997082
10541	0.08948422820881081
10577	0.15379814633670902
10690	0.12276105587199732
10792	0.1250068493599585
10867	0.07963091955286619
10985	0.13077370729013843
11013	0.17553233659553485
11016	0.07546146317256129
11071	0.13644665366919256
11374	0.11248444739383857
11418	0.10920350090544736
11537	0.16135186437686364
11567	0.06666208610752611
11775	0.050454422955848545
12420	0.0998297492890378
12690	0.11026861211948696
12829	0.02646771310405627
