257
t_index	tf-idf
56	0.030015021714896933
155	0.061092504338287314
190	0.025189386770262532
250	0.03458494616977577
433	0.025267902986870656
601	0.047844682694408114
633	0.0670833413508498
639	0.030466851004314285
645	0.07783032019521012
738	0.02288745519914403
790	0.03179167097757135
808	0.04309293296021072
872	0.011421861210323316
902	0.06224021248936387
979	0.055863304807634066
1014	0.14851806082921912
1116	0.04798081678127815
1123	0.024803379492287926
1154	0.14476813006040407
1157	0.02363615857943497
1175	0.04705706497384457
1301	0.0145472216303268
1490	0.05441903590655321
1528	0.05660832725863038
1561	0.030466851004314285
1775	0.07425903041460956
1912	0.05323064795151248
1996	0.03297916160435564
1999	0.13711488460492272
2057	0.014876629158959126
2087	0.027859179755641273
2109	0.026502718990680435
2129	0.035057434471657246
2167	0.025667338453725864
2328	0.05660832725863038
2344	0.05154124205350149
2358	0.0973601264627254
2359	0.062195457529782366
2430	0.02217734424068226
2431	0.03712825691502363
2455	0.04595411178234952
2493	0.2302907500806079
2615	0.019498259335791614
2628	0.062195457529782366
2634	0.06886196603589625
2712	0.039566283999682754
2720	0.08129798209935402
2734	0.08129798209935402
2833	0.037315736796620064
2894	0.08858382267966837
2898	0.03588280443154061
2909	0.04030777432802387
2996	0.04121709166872357
3017	0.12678887181881165
3075	0.06470776812982373
3099	0.07174671981456819
3159	0.04096880461387771
3293	0.035381674342725725
3476	0.03257185435280622
3563	0.047844682694408114
3598	0.05102119698747841
3672	0.041727504047369066
3710	0.047844682694408114
3785	0.050520066898663535
3819	0.04744524722755292
3839	0.07076334868545145
3840	0.07425651383004726
3871	0.02442789144374495
3900	0.08628115151210322
3966	0.06962259146823518
3981	0.018890238994989227
4136	0.03166582938393774
4192	0.05384317362462
4197	0.055863304807634066
4206	0.05384317362462
4222	0.036580652722349186
4309	0.05739594497919394
4329	0.047844682694408114
4429	0.03912880094657688
4457	0.02493934423685495
4532	0.04460869675644307
4553	0.04367938566672666
4572	0.03191867241790677
4621	0.06470776812982373
4635	0.05823132551614853
4765	0.03458494616977577
4828	0.03427872115123068
4858	0.08129798209935402
4878	0.030698445678278768
4895	0.018547568011014013
4936	0.1654695175351137
4979	0.03849756575432553
4987	0.03640284949756369
4990	0.015599033512501222
5095	0.13231917908683244
5234	0.045605243560252084
5414	0.022821366061748085
5425	0.040018113289100106
5435	0.06962259146823518
5458	0.05102119698747841
5484	0.016908462728011997
5515	0.043609802124103376
5538	0.03789398494276709
5548	0.018119153440454918
5556	0.029904341933245027
5701	0.06962259146823518
5725	0.02844150127977505
5809	0.06470776812982373
5911	0.06962259146823518
5925	0.0320468552839498
5935	0.055863304807634066
6046	0.047844682694408114
6086	0.03891516009760506
6087	0.04667951919980945
6138	0.06778258780093434
6176	0.05739594497919394
6234	0.07174671981456819
6351	0.054484198912297374
6388	0.04092751886022221
6414	0.12439091505956473
6415	0.06470776812982373
6554	0.010583089616692961
6580	0.028946303469539705
6603	0.12424447127242788
6604	0.04744524722755292
6609	0.040018113289100106
6614	0.047412567423213786
6671	0.0320468552839498
6705	0.08129798209935402
6763	0.03458494616977577
6805	0.043979728718171664
6909	0.017979258241592418
6910	0.04460869675644307
6959	0.037979461652006066
6964	0.07425903041460956
7001	0.03175005635695055
7057	0.047844682694408114
7169	0.036943293617989495
7187	0.07651851656061427
7362	0.05208168617392729
7366	0.02550617218687142
7376	0.13924518293647037
7416	0.02694020204378631
7522	0.07174671981456819
7528	0.07174671981456819
7591	0.04037741841125299
7726	0.03280546817586771
7811	0.027615821827203804
7832	0.04194624699021828
7929	0.03622731134366889
7932	0.039790346802056335
7944	0.03769852693179649
8049	0.042808808281178536
8089	0.024389027370097262
8103	0.07595892330401213
8118	0.07733385008572016
8183	0.0433830396487714
8292	0.03640284949756369
8297	0.10204239397495682
8306	0.04631204252284825
8505	0.033749917781844566
8509	0.06651509199278544
8645	0.022240408692785534
8709	0.02413469828216599
8775	0.03129505655608593
8844	0.08193760922775542
8856	0.08129798209935402
8865	0.02947030420050527
8877	0.12237586603595935
8880	0.03023908451727051
8905	0.030698445678278768
8922	0.040249707963064596
8936	0.0486800632313627
8937	0.05208168617392729
8986	0.06778258780093434
9065	0.04667951919980945
9068	0.02442789144374495
9070	0.037505802689058745
9109	0.02243135251576081
9235	0.03912880094657688
9383	0.06007132918344935
9411	0.05515650584503791
9422	0.04493293662751155
9443	0.01652743682799994
9446	0.045605243560252084
9541	0.034128123381940836
9629	0.04744524722755292
9655	0.06778258780093434
9722	0.04309293296021072
9783	0.03117364996691045
9820	0.023566388512744396
9844	0.029363897812819235
9845	0.02685158721277787
9883	0.04096880461387771
9891	0.07263269352497571
9892	0.05323064795151248
10087	0.032842050435956706
10116	0.025267902986870656
10121	0.025830412057939907
10128	0.016737815856922796
10131	0.02406236447442513
10167	0.05894060840101054
10206	0.0486800632313627
10217	0.021088918787731094
10404	0.12439091505956473
10452	0.01603525741097265
10570	0.04667951919980945
10620	0.04744524722755292
10696	0.14952170966622516
10748	0.16259596419870803
10773	0.024502174959127196
10825	0.05384317362462
10867	0.026416864764455844
10873	0.06854312924535275
11020	0.047844682694408114
11046	0.03339887604283629
11117	0.045605243560252084
11141	0.06962259146823518
11147	0.09651208670693605
11175	0.019190895840050657
11197	0.04744524722755292
11316	0.10670419623553228
11514	0.025830412057939907
11516	0.021622387682124627
11567	0.04422913419830384
11592	0.010968172205843759
11711	0.11194721038986019
11795	0.10614502302817717
11858	0.08129798209935402
11876	0.008614840293872668
11889	0.026147434386023193
11982	0.04096880461387771
12044	0.12218500867657463
12055	0.08815592207591423
12116	0.08129798209935402
12193	0.017433461796868416
12323	0.034128123381940836
12337	0.286781632297144
12338	0.04367938566672666
12387	0.08055476163833362
12405	0.03605398127546626
12434	0.02457686109715501
12451	0.03605398127546626
12488	0.0184032781194871
12537	0.03522600512274815
12564	0.05006736776997989
12566	0.0145472216303268
12624	0.025748634021282826
12638	0.029363897812819235
12649	0.029153518783896378
12698	0.03257185435280622
12748	0.1031573202024814
12755	0.041727504047369066
12766	0.043872688823375035
12829	0.04390216775219344
12853	0.07174671981456819
12891	0.06778258780093434
