277
t_index	tf-idf
56	0.026873124027118254
155	0.054697493202053235
190	0.022552624524950847
240	0.030555676459847598
250	0.030964680176470232
433	0.022622921859635197
601	0.04283642051962323
633	0.06006122432289194
639	0.054555313904591764
645	0.0348416180994822
738	0.020491653415211333
790	0.05692759614333963
808	0.038582072108156444
872	0.010226249237501293
902	0.055725062123501236
979	0.050015673249211134
1014	0.1329715602687647
1116	0.04295830442947098
1123	0.022207023527060058
1154	0.12961416290951314
1157	0.021161984391120478
1175	0.04213124865962235
1301	0.013024454715877322
1456	0.050682708606332824
1490	0.04872258681815943
1511	0.016264520223330404
1528	0.050682708606332824
1561	0.027277656952295882
1775	0.06648578013438235
1912	0.09531719270653709
1944	0.022908186565301056
1947	0.04438057684571683
1996	0.0590539702767807
1999	0.12276204011950849
2057	0.01331938068516321
2087	0.024942950232668213
2109	0.023728480400829966
2123	0.0777901952902429
2129	0.03138770958016117
2167	0.022980545417052196
2328	0.050682708606332824
2344	0.04614603325534275
2358	0.13075306651020302
2359	0.055684992001577394
2430	0.01985587510257104
2431	0.03324176348981086
2455	0.041143749860098194
2493	0.2233665288333935
2520	0.052135815450111485
2615	0.01745723013032455
2628	0.055684992001577394
2634	0.061653667007523574
2712	0.03542458397382873
2720	0.07278791189499834
2734	0.07278791189499834
2833	0.033409618444526085
2894	0.0793110888367436
2898	0.03212668186913323
2909	0.048117942589458854
2996	0.03690258920922171
3017	0.11351692862358549
3075	0.05793432018767187
3099	0.06423645194828786
3159	0.03668029222464585
3216	0.02952698513839035
3293	0.031678008829401284
3476	0.029162313795087616
3563	0.04283642051962323
3598	0.04568042521108826
3672	0.03735957289181253
3710	0.04283642051962323
3785	0.04523175217135632
3819	0.08495759392441246
3839	0.06335601765880257
3840	0.13296705395924344
3871	0.021870840631873688
3900	0.07724945554967069
3966	0.12466934412955455
3981	0.01691285584385573
4136	0.028351129262511234
4192	0.048207004365082275
4197	0.10003134649842227
4206	0.048207004365082275
4222	0.03275148113961664
4239	0.07278791189499834
4262	0.03910713640655807
4309	0.051387880466333705
4329	0.04283642051962323
4429	0.03503289555669053
4457	0.022328755820935155
4532	0.03993916952687165
4553	0.03910713640655807
4572	0.02857750531766731
4621	0.05793432018767187
4635	0.052135815450111485
4765	0.030964680176470232
4828	0.030690510029877122
4858	0.07278791189499834
4878	0.054970017745660696
4895	0.016606054804685057
4936	0.1975314409638456
4960	0.052135815450111485
4979	0.06893547298316074
4987	0.032592289913387716
4990	0.013966165550917007
5095	0.11846833710608663
5234	0.04083140029425091
5414	0.020432482324050504
5425	0.03582911689900636
5435	0.062334672064777275
5458	0.04568042521108826
5484	0.015138526978717962
5515	0.03904483669580245
5538	0.06785467403099152
5548	0.01622248560393565
5556	0.026774029929240262
5701	0.062334672064777275
5725	0.025464315790566204
5809	0.05793432018767187
5863	0.0777901952902429
5911	0.062334672064777275
5925	0.028692270320673
5935	0.050015673249211134
6023	0.06423645194828786
6046	0.04283642051962323
6086	0.0348416180994822
6087	0.04179322343652133
6126	0.0777901952902429
6138	0.060687275396821956
6176	0.10277576093266741
6234	0.06423645194828786
6351	0.04878092872282224
6388	0.036643328160815544
6414	0.11136998400315479
6415	0.05793432018767187
6554	0.009475278164411413
6580	0.025916276544869894
6603	0.11123886958677652
6604	0.04247879696220623
6609	0.03582911689900636
6614	0.042449537998360425
6671	0.028692270320673
6705	0.07278791189499834
6763	0.030964680176470232
6805	0.039376040295711644
6909	0.016097234285927627
6910	0.03993916952687165
6959	0.03400386623578511
6964	0.06648578013438235
7001	0.02842653956584873
7028	0.06923873534353243
7057	0.04283642051962323
7169	0.03307616168985627
7187	0.06850874890035209
7362	0.04662990503181131
7366	0.022836249633450698
7376	0.12466934412955455
7416	0.024120168817968163
7522	0.06423645194828786
7528	0.06423645194828786
7591	0.036150810856215826
7726	0.02937147350522252
7811	0.024725066405829707
7832	0.037555418368423535
7929	0.03243512665607229
7932	0.035625192440324034
7944	0.033752339062110975
8049	0.03832768889260116
8089	0.029114726336829107
8103	0.06800773247157021
8118	0.13847747068706487
8183	0.03884181115138754
8292	0.032592289913387716
8297	0.09136085042217652
8306	0.04146421330250066
8341	0.051387880466333705
8505	0.030217060479633486
8509	0.059552457891781374
8645	0.019912338124959336
8709	0.021608338199929623
8775	0.028019168010462496
8844	0.0733605844492917
8856	0.07278791189499834
8865	0.026385426184916613
8877	0.11799400877454658
8880	0.027073732493613556
8905	0.027485008872830348
8922	0.036036468819540826
8936	0.04358435550340101
8937	0.04662990503181131
8986	0.060687275396821956
9065	0.04179322343652133
9068	0.021870840631873688
9070	0.03357978871291188
9109	0.020083294424300614
9235	0.03503289555669053
9383	0.053783212118066796
9411	0.0493828602409614
9422	0.04022946877611176
9443	0.014797385920556193
9446	0.04083140029425091
9531	0.04662990503181131
9541	0.061111352919695196
9629	0.04247879696220623
9655	0.060687275396821956
9722	0.038582072108156444
9783	0.02791046996054562
9820	0.021099517681172193
9844	0.02629015815277172
9845	0.02404082996667724
9883	0.03668029222464585
9891	0.06502968413817935
9892	0.047658596353268544
9997	0.02928267717766819
10087	0.05880845285094729
10116	0.022622921859635197
10121	0.023126548882690806
10128	0.014985742996911156
10131	0.02154357611495638
10167	0.05277085236983323
10206	0.04358435550340101
10217	0.01888138331411725
10404	0.11136998400315479
10452	0.014356726618590583
10558	0.020432482324050504
10570	0.04179322343652133
10620	0.04247879696220623
10696	0.16064417957544158
10748	0.14557582378999667
10771	0.03275148113961664
10773	0.0219373483339503
10867	0.023651613181092435
10873	0.061368205257801386
11020	0.04283642051962323
11046	0.02990276491521007
11117	0.04083140029425091
11141	0.062334672064777275
11147	0.08640944193967542
11175	0.03436408135898362
11197	0.04247879696220623
11316	0.09553466683744727
11514	0.023126548882690806
11516	0.019359010013835148
11567	0.03959933863160152
11592	0.009820051267600513
11711	0.13363847377810434
11795	0.09503402648820385
11858	0.07278791189499834
11876	0.007713060276619928
11889	0.023410386103362203
11982	0.03668029222464585
12044	0.10939498640410647
12055	0.07892797980203461
12116	0.07278791189499834
12193	0.015608570453132574
12323	0.030555676459847598
12337	0.25676204557252097
12338	0.03910713640655807
12387	0.07212248990003173
12405	0.03227994034754044
12434	0.02200421651313712
12451	0.06455988069508088
12480	0.03324176348981086
12488	0.01647686881949093
12537	0.031538634675506
12564	0.04482644045951951
12566	0.013024454715877322
12624	0.023053331167153083
12638	0.02629015815277172
12649	0.026101801076416756
12698	0.029162313795087616
12748	0.11083088274018074
12755	0.03735957289181253
12766	0.03928020507040205
12829	0.03930659821840135
12853	0.06423645194828786
12891	0.060687275396821956
