143
t_index	tf-idf
371	0.05255116148054598
569	0.0505457621486771
604	0.06726386142171688
612	0.03531452119865594
639	0.03690539943474884
729	0.03718593692608358
847	0.04520165774553483
858	0.03506351514803893
871	0.03158990101601576
902	0.01884835343254172
983	0.02374479416397955
1006	0.04080480223868596
1122	0.03835775747488123
1157	0.02863117928904402
1177	0.07400316083714555
1240	0.024258422006901696
1582	0.08014107129722912
1747	0.050233760769010864
1912	0.06447986122828639
2002	0.049927484509557626
2069	0.025545632247913775
2086	0.05291013419361
2167	0.03109160765999425
2242	0.07838243699764348
2294	0.05777464242575226
2455	0.16699673203081108
2493	0.02324650080795804
2506	0.04799926503159961
2590	0.05700161722787633
2631	0.24482881343211574
2645	0.044311228623888886
2696	0.1043994933041308
2702	0.034452033296955516
2716	0.03718593692608358
2783	0.09367678421496005
2918	0.05777464242575226
3217	0.2104930224992729
3242	0.03252612327425091
3305	0.04063001961738902
3349	0.055665577343603695
3369	0.04170727001055976
3378	0.039134250401116316
3390	0.04028585097431305
3474	0.04452942242132614
3522	0.04452942242132614
3621	0.0505457621486771
3856	0.058453975268008725
3999	0.06766887649067893
4059	0.04170727001055976
4090	0.11494366778931635
4209	0.11113523642700572
4264	0.0382067013505678
4272	0.10524651124963645
4276	0.03747127016168846
4298	0.027249578403692715
4430	0.027094306699658077
4486	0.09367678421496005
4598	0.029060292582712623
4617	0.04063001961738902
4640	0.025545632247913775
4836	0.03897603511400071
4880	0.10524651124963645
4990	0.07558228613693879
5086	0.039134250401116316
5091	0.028973582840613306
5329	0.04497455780943327
5414	0.027644196967916673
5585	0.05896760311093088
5673	0.053276997045236155
5720	0.071614580538778
5842	0.03148904519365391
5855	0.04098143444586959
5927	0.16028214259445825
5934	0.02678803044020484
6323	0.04497455780943327
6587	0.04520165774553483
6623	0.071614580538778
6732	0.04266133469467064
6792	0.10524651124963645
7054	0.06857134426255272
7112	0.21614334501809723
7187	0.09268914655551459
7206	0.055771050665813636
7543	0.0436732558936143
7743	0.025973645130347032
7808	0.03386216315852355
7821	0.037791143068469396
8010	0.09585562452451876
8036	0.01833758349354186
8037	0.026370025283389106
8089	0.009847717188220991
8293	0.06681270996296708
8386	0.02526626860853052
8449	0.07276618111197475
8651	0.09808514836085853
8751	0.5656690390218311
8877	0.022805771207587873
8917	0.06795696262876662
8955	0.05086370676779277
8991	0.04792781226225938
9070	0.04543189019319994
9109	0.02717176200253135
9225	0.049927484509557626
9301	0.08014107129722912
9306	0.03544145403711022
9381	0.03776156596246067
9426	0.065483003178425
9453	0.07276618111197475
9485	0.060610724231041246
9495	0.016725931654497064
9509	0.09866258599427413
9570	0.04080480223868596
9595	0.05086370676779277
9845	0.09757836982275273
9891	0.02030356937659641
9998	0.030627243738745837
10120	0.12739832765954376
10131	0.029147455119251386
10340	0.08210705718028366
10375	0.029235075204009565
10635	0.06681270996296708
10687	0.05118782545312175
10722	0.03518854635301723
10727	0.038057000007945575
10873	0.010378540446094797
10876	0.039134250401116316
11065	0.055665577343603695
11089	0.04739787607625448
11376	0.0767915587615506
11381	0.05365210469219781
11457	0.06243343380246915
11459	0.13362541992593416
11673	0.14141725975545777
11775	0.020275012333159623
11777	0.08611754445666063
11833	0.03158990101601576
11889	0.0633463241785917
12183	0.04115995580339391
12405	0.0436732558936143
12517	0.049626727042621964
12564	0.09097212931208042
12739	0.020429804055948304
12870	0.09367678421496005
