42
t_index	tf-idf
738	0.07588113780158708
744	0.19306031174777324
807	0.12763494528386393
1014	0.24619861277167993
1183	0.16434245685825896
1861	0.21017810347370597
1908	0.1852093687689087
2069	0.06991826477406494
2294	0.07906445037547594
2349	0.07813207535139927
2996	0.27330253935894355
3305	0.11120415583435228
3808	0.08198149149399328
4155	0.14287043953888748
4514	0.14010081639424954
4734	0.12309513463982673
4735	0.3913416141808295
4990	0.05171708262166028
5484	0.11211673636178317
5978	0.0946248943969495
6964	0.24619861277167993
7366	0.08456323997852683
7501	0.06362555378499439
7821	0.10343416524332057
7965	0.2145323290671447
8442	0.1708799889151927
8546	0.2608944094538863
8549	0.14010081639424954
8724	0.21386379843480316
8877	0.03120963956175124
9823	0.16139402804323802
9891	0.018523588504350517
10006	0.12695812119406483
10178	0.09331952586399538
10687	0.14010081639424954
10750	0.12127960605250651
11147	0.15998823126482023
11305	0.052896956273991616
11623	0.05663122572405665
11711	0.12371670600311993
11876	0.02856166741955938
12516	0.07479593735964485
