363
t_index	tf-idf
3	0.013787296119045106
28	0.05100238056886421
30	0.061763765344841494
153	0.04080088729497632
161	0.03783991479703875
180	0.03266726484339726
182	0.023641694311300226
189	0.017906305593811702
211	0.03556931725658375
320	0.02087382803151584
321	0.034011209450181344
355	0.01908790915380732
469	0.021025698276071654
601	0.034011209450181344
604	0.01973685067424602
610	0.04202691467059547
616	0.03430363219701433
632	0.020431853760591402
633	0.02384366918968433
660	0.021989961566993805
742	0.02587758699860229
743	0.06046695571742808
758	0.018901323806563487
764	0.017906305593811702
770	0.04949240767286583
858	0.020576973963840083
863	0.02173985177820569
871	0.018538488453950598
872	0.016238850048037247
890	0.06126669406895859
901	0.02094946882866653
902	0.03318338816332496
956	0.04270272982807086
965	0.04421270272406925
977	0.018538488453950598
991	0.024921175759848826
1001	0.04421270272406925
1005	0.02861219200854723
1017	0.15884553546125418
1100	0.041153947927680165
1154	0.10291089659104297
1157	0.016802166819194293
1240	0.01423602043127668
1260	0.04202691467059547
1265	0.028447558981005528
1267	0.09013003394598319
1269	0.03591305198327588
1292	0.03873102289688856
1305	0.05278829944657274
1511	0.012913684131683983
1594	0.04703067363768193
1633	0.045065016972991596
1846	0.04342864961937453
1867	0.05563075224173325
1888	0.028447558981005528
1906	0.021905880067419996
1912	0.0756798295940775
2057	0.01057530579667048
2116	0.03491604626223769
2120	0.02861219200854723
2201	0.03920894375698279
2359	0.04421270272406925
2374	0.061763765344841494
2468	0.028949999089336282
2493	0.2728435183159286
2506	0.014084150186720865
2556	0.05100238056886421
2628	0.04421270272406925
2629	0.03266726484339726
2642	0.0550279087044387
2651	0.05100238056886421
2701	0.03702315570350902
2702	0.020218126709764705
2729	0.022246625190989296
2781	0.03491604626223769
2788	0.03083957432645566
2801	0.015242596680243694
2833	0.026526528519040995
2891	0.020124677243420555
2917	0.027969638120911286
2955	0.024921175759848826
3061	0.029662708582540758
3077	0.021989961566993805
3099	0.05100238056886421
3167	0.01627987806117244
3202	0.030431372156095194
3212	0.04611923216997923
3233	0.054974087500046516
3318	0.017631905730730923
3624	0.0625310597892364
3672	0.029662708582540758
3698	0.04080088729497632
3809	0.01720825334493402
3839	0.05030333441459722
3884	0.05100238056886421
3900	0.012266885891685297
3908	0.03827533912819662
3936	0.034605053965661596
3939	0.02173985177820569
3973	0.03430363219701433
3981	0.013428448864969736
3988	0.03083957432645566
3993	0.07327794354915912
4029	0.0312655298946182
4128	0.027815376120866625
4136	0.022510195385132898
4140	0.04421270272406925
4200	0.03452043727373143
4254	0.03626928886170465
4288	0.027078530021061482
4309	0.04080088729497632
4353	0.020218126709764705
4457	0.03545711718092271
4516	0.03023347785871404
4564	0.015855010745467066
4587	0.03212357303398452
4620	0.013750814011489263
4635	0.041394731810456574
4644	0.013570414169520489
4682	0.02165788113621055
4768	0.04202691467059547
4798	0.028779639411788776
4859	0.030485193360487387
4895	0.013184855346272556
4921	0.021989961566993805
4949	0.01068120341785886
4957	0.061763765344841494
4965	0.10557659889314548
4970	0.03263429049016842
4990	0.011088839263554872
5120	0.04202691467059547
5234	0.1945155954731269
5362	0.01859803535195422
5369	0.024471280919820593
5414	0.01622295764866868
5447	0.06983209252447538
5448	0.02384366918968433
5500	0.04270272982807086
5548	0.06440154767661478
5556	0.02125801196044529
5584	0.056571294570974824
5725	0.020218126709764705
5918	0.033182933089532976
5925	0.06834316245195558
6066	0.03663897177457956
6087	0.033182933089532976
6131	0.03920894375698279
6138	0.048184409655251545
6172	0.04202691467059547
6227	0.028285647285487412
6234	0.05100238056886421
6351	0.07746204579377712
6388	0.01454701272785278
6391	0.01902531830470527
6414	0.04421270272406925
6415	0.09199724320355554
6554	0.00752316991801165
6578	0.05779205841365919
6584	0.045065016972991596
6603	0.050469316218348284
6614	0.016852016466505252
6620	0.02125801196044529
6634	0.033182933089532976
6665	0.021905880067419996
6701	0.024367614102603904
6702	0.03083957432645566
6755	0.01865794645343266
6760	0.015765143743063724
6763	0.024585299384605776
6768	0.04080088729497632
6774	0.048184409655251545
6779	0.03023347785871404
6805	0.03126374093752147
6836	0.02751395435221935
6889	0.04703067363768193
6909	0.012780862645059782
6959	0.013499174331471537
7001	0.011285034783369103
7222	0.03292170602051858
7366	0.036262995830107704
7416	0.03830180503834795
7501	0.013642175915796431
7528	0.05100238056886421
7543	0.025629588067392843
7574	0.016037256645266548
7591	0.028702977160787766
7651	0.02133669057264775
7713	0.035237236825800496
7726	0.03498049061273531
7754	0.03515587251561786
7757	0.021989961566993805
7765	0.04703067363768193
7778	0.05563075224173325
7808	0.01987196225850203
7811	0.029446767563588428
7832	0.014909102868813596
7888	0.040240995792886945
7929	0.025752802705293305
7946	0.05053795840585182
7955	0.03266726484339726
8035	0.02094946882866653
8036	0.010761384775977269
8037	0.023212817713419567
8060	0.014197831554228046
8089	0.005779118817088054
8090	0.05779205841365919
8103	0.013499174331471537
8111	0.0317108536046438
8140	0.021576590756346724
8167	0.016802166819194293
8183	0.03083957432645566
8282	0.04342864961937453
8297	0.0725385777234093
8301	0.04342864961937453
8306	0.03292170602051858
8505	0.007997235066756779
8509	0.023641694311300226
8539	0.022246625190989296
8558	0.03266726484339726
8563	0.27039010183794954
8579	0.054974087500046516
8598	0.02812636841744273
8665	0.04144855301484875
8719	0.032074513290533097
8724	0.015285093209180057
8788	0.061763765344841494
8803	0.04599862160177777
8865	0.02094946882866653
8877	0.060225904696704094
8880	0.021495969440692434
8890	0.158554268023219
8905	0.04364502832750451
8912	0.05100238056886421
8929	0.05563075224173325
8938	0.023346332199237117
8956	0.03345131794809198
8985	0.03591305198327588
9001	0.04599862160177777
9008	0.07062674226311115
9070	0.159969840619782
9075	0.061763765344841494
9186	0.021102525607601594
9260	0.047837129584740234
9261	0.018303856049112607
9264	0.040240995792886945
9364	0.028447558981005528
9372	0.030431372156095194
9421	0.04593175830764968
9422	0.03194134505209359
9423	0.04342864961937453
9443	0.011748810609155629
9492	0.03873102289688856
9495	0.00981558918786281
9528	0.041394731810456574
9534	0.028779639411788776
9580	0.015032836318957282
9628	0.03920894375698279
9630	0.03023347785871404
9652	0.033113308708884286
9655	0.048184409655251545
9783	0.022160321244541308
9785	0.027663505876310814
9844	0.02087382803151584
9845	0.03817581830761464
9891	0.06751901783009905
9892	0.03783991479703875
9998	0.01198236960052962
10038	0.02929987322992787
10068	0.04599862160177777
10099	0.01987196225850203
10100	0.048184409655251545
10121	0.01836198936250364
10131	0.03421028511082281
10171	0.021102525607601594
10180	0.03783991479703875
10181	0.028949999089336282
10206	0.034605053965661596
10217	0.014991417929316039
10319	0.061763765344841494
10375	0.017156562277454854
10403	0.018963124860498337
10413	0.07404631140701803
10419	0.020576973963840083
10422	0.048184409655251545
10424	0.03194134505209359
10452	0.022797872937128077
10456	0.054974087500046516
10475	0.025507904085727385
10636	0.023641694311300226
10663	0.04202691467059547
10671	0.02394624012224983
10696	0.04251602392089058
10722	0.020650348348542916
10738	0.027969638120911286
10746	0.05755927882357755
10821	0.02912337413848091
10867	0.018778879280268116
10873	0.042634421833695875
11006	0.039711383865313546
11064	0.05859974645985574
11065	0.03266726484339726
11117	0.03241926591218782
11147	0.06860726439402866
11243	0.04421270272406925
11308	0.041394731810456574
11316	0.09481562430249169
11400	0.026526528519040995
11401	0.018188614313359008
11516	0.07685321699873168
11519	0.020008963576448848
11544	0.01157231151770867
11567	0.04716155262101378
11592	0.015593824900513302
11636	0.02685689772993947
11654	0.061763765344841494
11660	0.015855010745467066
11663	0.017417789346469256
11668	0.04421270272406925
11711	0.07957958555712298
11735	0.04949240767286583
11737	0.03827533912819662
11795	0.07545500162189583
11802	0.027221531605386377
11817	0.033182933089532976
11867	0.027663505876310814
11875	0.03827533912819662
11876	0.00612400628688901
11889	0.04646837524077921
11920	0.05779205841365919
11987	0.04949240767286583
11998	0.05779205841365919
12026	0.04599862160177777
12044	0.04342864961937453
12055	0.06266714211793094
12057	0.02751395435221935
12115	0.04949240767286583
12236	0.03827533912819662
12337	0.4077272379387328
12338	0.062100473904487564
12387	0.13361536407665123
12405	0.025629588067392843
12488	0.013082284413707058
12489	0.11726798703369454
12564	0.03559124307962161
12581	0.014507594426948633
12583	0.061763765344841494
12600	0.03591305198327588
12612	0.016556654354442143
12624	0.07321542419645043
12631	0.04949240767286583
12632	0.027078530021061482
12699	0.020008963576448848
12739	0.011989201435473145
12748	0.014666228413031474
12755	0.029662708582540758
12766	0.031187649801026604
12798	0.05100238056886421
12829	0.018725163240487282
12853	0.05100238056886421
12859	0.054974087500046516
12860	0.041394731810456574
12891	0.048184409655251545
12904	0.03556931725658375
