54
t_index	tf-idf
282	0.1636383392969516
738	0.07114298437067039
775	0.13220086093871797
875	0.10997980696721692
1475	0.09615472836936637
1488	0.08319133747261745
1596	0.11840533194587337
2241	0.1297050782814896
2328	0.1759603811943738
2493	0.23861064341638963
3044	0.2056493657291029
3159	0.12734674960452377
3167	0.035593223937417796
3793	0.2230163083664097
3808	0.07686242111039385
3881	0.09689965411513302
4457	0.07752104206516135
4598	0.0745713856927644
4708	0.06932864556762325
4717	0.10997980696721692
4828	0.10655140564512292
5053	0.14999828107646332
5234	0.14175857916912368
5538	0.11778903137411807
5769	0.05632127463748229
6068	0.18672471867398188
7366	0.07928296062002058
7531	0.08810004683938902
7584	0.25373283665313245
7840	0.23082553277331086
7858	0.25270529290113874
7926	0.11778903137411807
7975	0.08630262993717065
8018	0.11903062992355552
8036	0.047055927172035904
8037	0.06766791217048373
8653	0.09261286432991009
8877	0.08778256219727448
8938	0.10208568233280119
9421	0.10042208873681124
9692	0.12298717789735791
10558	0.07093755399722254
10809	0.1636383392969516
10890	0.08543143751557068
10920	0.0890278553351489
11437	0.09227426848949803
11537	0.1663826749452349
11544	0.050601837897758815
12188	0.0543287223145774
12337	0.25469349920904755
12338	0.27154454916636045
12387	0.0834650262680926
12576	0.13220086093871797
12829	0.05458590668218381
