396
t_index	tf-idf
16	0.01346518858728628
40	0.050408987129526024
44	0.013956322355954228
55	0.03289135686262162
175	0.03244000414898006
190	0.01443504605964134
231	0.022180186542466538
240	0.019557484167460108
263	0.03122274980310988
278	0.015750114705633842
528	0.08863397097658955
554	0.03687787528177316
557	0.019387659929268428
597	0.02574929734211686
632	0.016470999479642548
638	0.022061439602166555
698	0.028406258003923854
821	0.03708147490407772
841	0.020182393817411545
865	0.017525433155604547
872	0.026181676300669938
875	0.02027584488112384
932	0.07900347788433379
1006	0.01930409806249298
1012	0.021715551197060656
1020	0.01366612876087921
1075	0.013956322355954228
1157	0.013544952121260974
1225	0.027653639003459567
1240	0.022952541444673277
1301	0.00833644011220959
1317	0.026134569982091675
1397	0.05350039013150132
1475	0.017727057455056434
1496	0.03564176858814091
1511	0.020820556676407857
1524	0.055793256210631414
1540	0.049790437949287794
1565	0.026539608646710032
1667	0.041115221049133927
1706	0.022423175644322686
1707	0.041115221049133927
1716	0.01387231600280215
1756	0.08771471912945765
1786	0.02867396237704248
1879	0.01701165701236346
1906	0.035318551455914796
1981	0.0401800715473278
1989	0.02469486366615486
2057	0.008525210600811314
2061	0.049790437949287794
2069	0.012085229260456553
2098	0.045095065805912035
2106	0.11814502826908843
2115	0.04658867351012695
2125	0.04658867351012695
2157	0.028168063412934166
2167	0.014708941356418521
2198	0.02486111239026145
2199	0.016647137400685987
2247	0.044316985488294776
2271	0.018899059397874625
2294	0.01366612876087921
2422	0.027653639003459567
2440	0.016827294022062036
2537	0.01836479134286025
2576	0.025030936628453133
2615	0.011173684939692966
2621	0.016949723183329664
2631	0.01930409806249298
2650	0.05266898525622253
2677	0.049790437949287794
2689	0.01843893764088658
2741	0.09958087589857559
2806	0.03989796670326375
2837	0.0316080224430847
2868	0.02923823970981922
2891	0.008111685613267616
2909	0.007699599627590684
2917	0.022547532902956018
2986	0.08293993570586766
2987	0.042554927365070744
2989	0.10898656771084028
3000	0.05198648722050302
3115	0.04601139156074754
3146	0.028406258003923854
3158	0.0776870660546035
3161	0.03201306110770306
3167	0.019685868904715617
3181	0.014896962684854414
3187	0.056935266309917076
3193	0.01296548517989356
3254	0.03989796670326375
3268	0.027189003658053677
3320	0.027189003658053677
3335	0.02486111239026145
3343	0.020563022809665352
3355	0.03989796670326375
3365	0.012390939285563144
3369	0.019731041103769987
3392	0.03337008056630873
3433	0.04112081326398616
3438	0.018291334787833173
3457	0.19916175179715118
3475	0.025939584205705867
3495	0.06288879658978908
3515	0.03500970952826513
3562	0.04658867351012695
3651	0.018146440397410334
3672	0.023912390101879604
3808	0.014170333360255043
3869	0.02096293219659636
3871	0.013998663061804337
3914	0.049790437949287794
3981	0.01082525241512501
4011	0.016413149237593093
4029	0.025204493564763012
4059	0.039462082207539974
4062	0.023764787248826195
4065	0.09958087589857559
4083	0.10045017886831949
4112	0.049790437949287794
4128	0.04484635128864537
4130	0.019677139715491888
4143	0.023200509916049456
4144	0.04172208033423648
4162	0.024372511858867647
4206	0.030855403442620406
4209	0.017525433155604547
4218	0.03442451424227073
4219	0.025061408796597278
4264	0.01807497816559679
4276	0.03545411491011287
4298	0.03867401664560168
4304	0.014170333360255043
4349	0.0316080224430847
4442	0.01676678397331073
4454	0.027653639003459567
4457	0.028583513051715307
4499	0.049790437949287794
4505	0.04276835989072788
4564	0.012781408715934157
4598	0.027495917488337636
4724	0.049790437949287794
4736	0.041115221049133927
4737	0.02027584488112384
4745	0.03442451424227073
4859	0.024575430592884993
4895	0.03188664348701734
4960	0.03337008056630873
4990	0.053635152604351505
5041	0.01905859053525366
5239	0.047732182453112754
5296	0.029845964319860672
5337	0.025381950981627387
5366	0.03989796670326375
5369	0.029591034177768472
5383	0.037913456609973084
5411	0.023477609320284688
5418	0.026539608646710032
5484	0.00968957444270638
5500	0.06884902848454146
5501	0.041115221049133927
5544	0.031638582915023916
5584	0.022802281534494033
5652	0.02574929734211686
5690	0.051411003823951786
5769	0.010383373635099795
5806	0.02696655168798704
5817	0.041115221049133927
5842	0.02979392536970883
5882	0.03427400254930119
5913	0.01807497816559679
5970	0.04307458510029844
6019	0.015089570348672329
6036	0.03122274980310988
6220	0.08510985473014149
6255	0.23294336755063474
6348	0.007344429865847129
6379	0.02361989285840336
6388	0.011726975039972158
6440	0.12766478209521223
6453	0.049790437949287794
6456	0.09958087589857559
6460	0.2582537025231315
6554	0.006064752090377415
6559	0.01366612876087921
6561	0.08863397097658955
6612	0.03912100289072037
6630	0.021944451940635573
6668	0.06258312050135471
6708	0.02708754581271216
6744	0.01905859053525366
6760	0.012708963045210074
6789	0.03989796670326375
6805	0.025203051409207547
6909	0.020606410406303656
6922	0.03442451424227073
6959	0.021764534534612478
6985	0.026005642108560496
7001	0.018194707560322747
7103	0.022180186542466538
7133	0.01108512487813271
7179	0.01947211552279736
7206	0.013192195183345669
7215	0.038235308401149394
7254	0.03337008056630873
7296	0.014525293015895589
7327	0.032053472121316644
7366	0.014616583312670878
7418	0.07043282796085405
7455	0.029845964319860672
7488	0.03337008056630873
7490	0.04658867351012695
7551	0.022300746483055058
7584	0.03118540744944798
7726	0.009399761265442928
7738	0.0364371105227523
7743	0.024575430592884993
7784	0.026334492628111265
7808	0.048058940298002985
7811	0.015825540482039328
7821	0.017878384201450503
7928	0.0632160448861694
7932	0.022802281534494033
7939	0.025204493564763012
7944	0.259242502854518
7968	0.04782478020375921
8036	0.008675216900153868
8037	0.0124752363950522
8060	0.022890970039418864
8089	0.013976391590954875
8103	0.032646801801918715
8105	0.014849535979393976
8167	0.013544952121260974
8212	0.043305138178924014
8330	0.155374132109207
8351	0.029845964319860672
8371	0.022802281534494033
8414	0.016185895490107582
8505	0.025787665899839985
8521	0.02333784420754919
8541	0.022802281534494033
8560	0.049790437949287794
8561	0.07582691321994617
8593	0.029536257067272108
8605	0.024372511858867647
8677	0.021829172189292284
8708	0.03989796670326375
8709	0.01383064560149996
8778	0.019387659929268428
8800	0.026134569982091675
8877	0.010789044907186704
8880	0.01732882907350101
8882	0.021170747419706804
8905	0.01759207087361473
8933	0.018899059397874625
8954	0.049790437949287794
8965	0.018589352145286064
8991	0.022673879961958205
9006	0.0497222247805229
9008	0.018978422103305692
9026	0.08938177610912648
9036	0.01701165701236346
9070	0.02149309922699402
9109	0.01285452518944685
9178	0.019557484167460108
9221	0.03442451424227073
9261	0.014755528646249445
9264	0.03244000414898006
9267	0.02486111239026145
9272	0.021170747419706804
9275	0.027653639003459567
9278	0.02696655168798704
9306	0.01676678397331073
9329	0.050300351919932186
9330	0.024532042996246683
9385	0.14937131384786337
9389	0.022300746483055058
9420	0.021066156185717014
9421	0.037027573515799626
9426	0.046468439206810014
9443	0.009471223497256468
9449	0.02361989285840336
9495	0.015825540482039328
9510	0.02086104016711824
9514	0.10677255626541647
9539	0.05774018423856536
9587	0.027189003658053677
9588	0.037913456609973084
9651	0.042554927365070744
9652	0.04004110176962395
9668	0.022300746483055058
9670	0.023200509916049456
9704	0.019557484167460108
9740	0.11653059908190525
9844	0.03365458804412407
9845	0.1692634647673774
9891	0.0032017644391608446
9894	0.07055328135412421
9926	0.06884902848454146
9960	0.02675019506575066
9991	0.08641416761817265
9998	0.04346777467942926
10087	0.09410243192100504
10116	0.02896008122568721
10120	0.0200900357736639
10125	0.0316080224430847
10128	0.009591783437844987
10131	0.027578387886938158
10137	0.016587987141173533
10173	0.02333784420754919
10181	0.02333784420754919
10205	0.026134569982091675
10209	0.01387231600280215
10228	0.023390396491387137
10329	0.040998386282637626
10464	0.05530727800691913
10476	0.040740830291694875
10549	0.025939584205705867
10552	0.05847647941963844
10558	0.013078026601035667
10665	0.088296378639787
10705	0.08296091701037868
10725	0.044316985488294776
10736	0.025204493564763012
10771	0.02096293219659636
10821	0.07043282796085405
10853	0.016827294022062036
10873	0.004909921174106773
10876	0.018513786757899813
10948	0.008525210600811314
10976	0.014390306434453883
11086	0.026134569982091675
11089	0.3139244590205176
11129	0.042554927365070744
11157	0.029536257067272108
11175	0.03299264105594858
11184	0.01843893764088658
11186	0.11469584950816993
11199	0.022673879961958205
11202	0.07497075000589891
11203	0.03894423104559472
11279	0.020370415145847438
11305	0.009143130851677856
11372	0.01745935308193781
11418	0.02076044616061042
11481	0.03518414174722946
11492	0.044316985488294776
11493	0.028406258003923854
11516	0.02478187857112629
11544	0.009328939959137795
11592	0.03142713882347174
11623	0.019577183397999798
11636	0.01082525241512501
11656	0.027189003658053677
11716	0.12266021498123342
11746	0.08510697041903055
11775	0.02877535031353496
11857	0.014127064634340167
11876	0.014810477631632719
11897	0.055793256210631414
11958	0.033879710464916876
12032	0.03244000414898006
12082	0.028951061781277702
12188	0.010016027274610317
12193	0.01998086148836965
12327	0.037027573515799626
12339	0.04534775992391641
12405	0.020661117521098653
12411	0.06919657000382325
12488	0.021092388610015948
12489	0.013504969642312674
12494	0.07416294980815544
12537	0.030279955467851886
12546	0.03708147490407772
12555	0.024532042996246683
12568	0.03632885590361343
12581	0.011695198245693568
12584	0.015187665060105634
12590	0.017074080441962992
12600	0.028951061781277702
12638	0.016827294022062036
12647	0.025030936628453133
12690	0.04192586439319272
12698	0.018665647644338694
12719	0.014525293015895589
12737	0.01947211552279736
12748	0.03546923985310983
12753	0.03050438908944615
12766	0.03771256658816608
12786	0.028406258003923854
12788	0.07561348069428903
12790	0.02421613996246775
12792	0.05149859468423372
12829	0.010063441709016373
