377
t_index	tf-idf
3	0.04209951048496463
15	0.01577681037369261
28	0.051911925223951896
147	0.053729693065405294
153	0.041528504879647175
155	0.08840625815785849
159	0.05037502441279417
161	0.03851472824434734
180	0.033249832476579165
182	0.024063305547054725
184	0.02318731726639038
250	0.02502373828489997
277	0.01942831102434752
356	0.04694169380116357
372	0.05882268595006772
385	0.03461774415353135
394	0.030381607626697605
408	0.051911925223951896
464	0.04586867838765589
469	0.02140065746960706
527	0.053729693065405294
553	0.03491538178530581
585	0.035865635736939384
616	0.03491538178530581
618	0.029642742234446715
645	0.028156839591916737
738	0.016560086174465968
743	0.06154528570455392
762	0.03404786789548599
764	0.018225635483192604
872	0.016528443574873118
901	0.0639692057812979
902	0.06755032003598327
983	0.014183099606958342
988	0.05037502441279417
991	0.025365604470000226
1069	0.04904370037407034
1105	0.020723181200784126
1123	0.017946342144041925
1171	0.022044114284707747
1265	0.02895487501082357
1292	0.0394217278104441
1296	0.05882268595006772
1301	0.02105111657903118
1368	0.03768340357839278
1370	0.09000232899567216
1387	0.029822388900643374
1462	0.03809040377172026
1471	0.02337543832343158
1488	0.019364603969067973
1497	0.01942831102434752
1511	0.03943193616842434
1524	0.0352221789218387
1555	0.04732889510236254
1737	0.028670636279370186
1774	0.031179643045604437
1888	0.02895487501082357
1944	0.07405191488169949
1946	0.05882268595006772
1947	0.035865635736939384
2005	0.09808740074814068
2100	0.05882268595006772
2109	0.038351778869652374
2116	0.03553871726112828
2120	0.029122444001129785
2154	0.051911925223951896
2167	0.01857145466651884
2201	0.03990817161317365
2241	0.060383389665413935
2288	0.09808740074814068
2328	0.040958628621601816
2344	0.037292368352813424
2349	0.017051324456839895
2351	0.031179643045604437
2411	0.07536680715678556
2430	0.016046289487012515
2431	0.02686393610258156
2493	0.3054801634540456
2556	0.051911925223951896
2612	0.03851472824434734
2615	0.014107853059385587
2621	0.02140065746960706
2642	0.11201848423675995
2727	0.035865635736939384
2813	0.05351033784218827
2817	0.04786938934771764
2861	0.042132939647954525
2878	0.032510967084328275
2909	0.02916445758451845
2924	0.05037502441279417
2928	0.027561431641997258
2955	0.025365604470000226
3016	0.02318731726639038
3059	0.04681893233928947
3159	0.029642742234446715
3181	0.03761769939341984
3188	0.05037502441279417
3203	0.025600206358212446
3231	0.029822388900643374
3305	0.024268882319488618
3343	0.02596279614301747
3358	0.05595446110018616
3438	0.04618914258627182
3465	0.05882268595006772
3471	0.02741797419966584
3483	0.053729693065405294
3524	0.04681893233928947
3698	0.08305700975929435
3757	0.04904370037407034
3900	0.012485645886275905
3936	0.0352221789218387
3939	0.02212754674002354
3948	0.04904370037407034
3981	0.01366792344939154
3988	0.06277909613304643
4130	0.01242214172108149
4136	0.022911628174527555
4140	0.04500116449783608
4182	0.027137107169370175
4209	0.02212754674002354
4254	0.03691609274536756
4265	0.10745938613081059
4304	0.017891410213189796
4430	0.01618381056702009
4457	0.02706707797591461
4524	0.033249832476579165
4576	0.05037502441279417
4587	0.03269644480642912
4617	0.024268882319488618
4620	0.013996037454939473
4636	0.05858575511391461
4644	0.027624840949336604
4695	0.02727655168340095
4708	0.016137759121504648
4710	0.03990817161317365
4717	0.025600206358212446
4765	0.15014242970939984
4768	0.04277639646305521
4783	0.02686393610258156
4859	0.015514423645682172
4870	0.051911925223951896
4923	0.04500116449783608
4934	0.05037502441279417
4949	0.010871685339884057
4970	0.01660813503964717
4987	0.02633907175046334
5093	0.028627956535012464
5109	0.02596279614301747
5120	0.04277639646305521
5234	0.197984465322347
5239	0.020088825363246778
5240	0.033774696828697374
5301	0.04786938934771764
5425	0.02895487501082357
5458	0.11074827823610268
5484	0.024468041328080593
5490	0.05882268595006772
5508	0.08736733200338935
5515	0.06310724149477044
5538	0.02741797419966584
5548	0.013110008944704637
5560	0.044203129078929246
5561	0.029122444001129785
5578	0.02633907175046334
5590	0.04586867838765589
5925	0.02318731726639038
5934	0.016000867448411733
5946	0.02196137422289397
6019	0.05715610625070495
6066	0.037292368352813424
6068	0.04346426368667835
6131	0.03990817161317365
6172	0.04277639646305521
6173	0.022211683275013962
6227	0.028790075883079504
6388	0.014806435082780822
6391	0.038729207938135946
6476	0.1142712113151608
6513	0.05882268595006772
6545	0.03461774415353135
6554	0.007657333439634034
6556	0.038227540209447415
6559	0.01725480336072774
6580	0.0209439308877707
6584	0.04586867838765589
6601	0.03600315681694696
6603	0.012842338634043604
6620	0.021637114091380267
6625	0.014726353365264445
6632	0.05882268595006772
6696	0.020869803258355038
6701	0.024802170939305618
6717	0.04586867838765589
6744	0.024063305547054725
6760	0.03209257897402503
6798	0.04577629658856119
6805	0.04773191850069442
6826	0.028468431208094003
6828	0.02101861378550141
6874	0.2518751220639709
6889	0.04786938934771764
6909	0.013008788580605633
6959	0.013739910189765614
6985	0.03283462703331093
6986	0.02502373828489997
7033	0.02895487501082357
7051	0.03299741088705783
7057	0.03461774415353135
7128	0.05595446110018616
7187	0.018454843743884407
7213	0.029122444001129785
7284	0.03990817161317365
7327	0.053960792960878974
7340	0.034612657289087745
7362	0.03768340357839278
7416	0.03898485554823154
7531	0.04101442694710004
7559	0.04500116449783608
7574	0.0489697652431526
7584	0.019687289746777577
7726	0.04747241449598884
7754	0.017891410213189796
7803	0.025840461844664247
7811	0.029971902856261837
7832	0.015174982513552381
7888	0.040958628621601816
7929	0.026212062131870474
7955	0.033249832476579165
8025	0.053729693065405294
8037	0.00787559354377732
8081	0.05595446110018616
8089	0.005882180018792196
8095	0.04681893233928947
8103	0.027479820379531228
8111	0.03227636519611605
8140	0.02196137422289397
8212	0.018225635483192604
8300	0.04904370037407034
8301	0.044203129078929246
8311	0.0352221789218387
8321	0.11305021073517836
8504	0.04311534096395637
8505	0.032559411082649314
8604	0.03404786789548599
8651	0.014646909755862364
8663	0.03990817161317365
8665	0.02109386033307416
8773	0.037292368352813424
8803	0.04681893233928947
8865	0.021323068593765964
8877	0.05448883193797477
8879	0.015910639500231475
8880	0.02187931515696368
8892	0.029122444001129785
8965	0.023470846900581786
9000	0.042339358206466275
9026	0.01880884969670992
9065	0.06754939365739475
9223	0.053729693065405294
9260	0.016230075709103536
9261	0.018630275605440692
9329	0.021169679103233138
9339	0.025600206358212446
9421	0.07012631497029474
9443	0.023916663144354942
9516	0.03895791766154007
9527	0.03491538178530581
9541	0.024693206792115698
9549	0.029292877556957305
9591	0.051911925223951896
9628	0.03990817161317365
9630	0.03077264285227696
9652	0.03370383081025499
9719	0.053729693065405294
9755	0.029122444001129785
9823	0.0704443578436774
9826	0.01448989674349124
9871	0.04586867838765589
9885	0.03227636519611605
9891	0.03638282288610837
9892	0.03851472824434734
9986	0.017410185002690523
10050	0.05037502441279417
10099	0.020226346443254353
10167	0.021323068593765964
10178	0.020365790957285128
10211	0.016753686825065447
10212	0.03768340357839278
10403	0.019301301405754655
10413	0.03768340357839278
10419	0.0628317926633121
10474	0.03299741088705783
10475	0.02596279614301747
10490	0.04346426368667835
10722	0.02101861378550141
10773	0.017728407341684866
10809	0.07618080754344052
10836	0.04681893233928947
10873	0.030996241092944084
10948	0.032291697619639674
10952	0.04277639646305521
10971	0.04041957192512504
10974	0.08356407484165956
10976	0.018169147398779697
11016	0.054338932676352446
11064	0.029822388900643374
11127	0.024165564086843557
11136	0.051911925223951896
11150	0.03768340357839278
11235	0.03895791766154007
11381	0.03204715693542425
11401	0.018512978720424872
11481	0.022211683275013962
11506	0.051911925223951896
11514	0.037378891264193255
11516	0.015644753870543312
11519	0.020365790957285128
11537	0.07745841587627189
11544	0.023557369811961614
11567	0.016000867448411733
11592	0.015871915451041323
11608	0.035865635736939384
11636	0.02733584689878308
11669	0.032510967084328275
11699	0.04772376425232227
11711	0.0809987582680878
11720	0.029292877556957305
11728	0.09808740074814068
11775	0.024221100209808447
11795	0.07680061907463735
11802	0.027706983427415535
11856	0.041528504879647175
11857	0.01783677928072942
11872	0.03227636519611605
11889	0.08513471388923556
11911	0.044203129078929246
11940	0.04681893233928947
12043	0.05882268595006772
12055	0.04252313923833828
12057	0.028004621059189987
12081	0.04904370037407034
12082	0.03655350296056253
12136	0.05882268595006772
12257	0.03809040377172026
12262	0.020650670915881436
12329	0.02043625146417313
12337	0.2964274223444671
12338	0.15801983759115762
12386	0.04500116449783608
12387	0.07771324409739008
12391	0.053729693065405294
12409	0.053729693065405294
12469	0.051911925223951896
12489	0.11935927119787927
12498	0.04277639646305521
12507	0.10382385044790379
12516	0.016323255081050866
12534	0.028790075883079504
12537	0.025487572792133983
12555	0.030974066273170543
12576	0.06154528570455392
12584	0.038351778869652374
12624	0.018630275605440692
12649	0.02109386033307416
12685	0.033249832476579165
12690	0.026467720248032255
12692	0.03990817161317365
12698	0.02356717731400729
12739	0.024406018757215778
12742	0.020365790957285128
12748	0.01492777678615803
12762	0.028790075883079504
12768	0.023762676131243318
12795	0.028627956535012464
12798	0.051911925223951896
12829	0.02541212816877515
12855	0.050500683361446086
