412
t_index	tf-idf
3	0.05199978703680304
15	0.029230415155719003
16	0.015749353416428986
28	0.048089794130979385
147	0.0497737247672694
153	0.038470876231501326
155	0.0818971505364251
159	0.046666051064440044
161	0.03567899561210458
180	0.030801739519197877
182	0.022291591091574272
184	0.021480099398739464
250	0.023181309830387686
277	0.017997858361886117
356	0.043485507064489816
372	0.05449173470963527
385	0.03206893565284545
394	0.02814469411090079
408	0.048089794130979385
464	0.042491494800210625
469	0.019824986408058774
527	0.0497737247672694
553	0.03234465905119596
585	0.03322494843959884
596	0.020044033384508293
616	0.03234465905119596
618	0.0274602293284724
645	0.026083729576832002
731	0.02371533415811361
738	0.015340812953589028
743	0.05701387699446592
762	0.03154101780330884
764	0.016883732485587107
865	0.020498356837291436
872	0.015311500110853483
901	0.05925933055793312
902	0.06257677730113106
983	0.013138837315228316
988	0.046666051064440044
991	0.023498005356336497
1069	0.0454327487226823
1105	0.03839478167628723
1123	0.016625002740466556
1171	0.02042106728228708
1265	0.026823007860942962
1292	0.03651921531542538
1296	0.05449173470963527
1301	0.019501181243915148
1368	0.03490887907588885
1370	0.08337570710464702
1387	0.02762664910883008
1462	0.03528591297366762
1471	0.02165436962404483
1488	0.03587768376083096
1497	0.017997858361886117
1511	0.03652867206031718
1524	0.032628867565370534
1555	0.043844199807661556
1737	0.026559696839040484
1774	0.028883972395011743
1888	0.026823007860942962
1944	0.06859967774846933
1946	0.05449173470963527
1947	0.06644989687919768
2005	0.0908654974453646
2076	0.017997858361886117
2100	0.05449173470963527
2109	0.03552804374797997
2116	0.03292210006455695
2120	0.026978239211192398
2154	0.048089794130979385
2167	0.017204089961464903
2201	0.03696984360995763
2241	0.05593752813853751
2288	0.0908654974453646
2328	0.037942958381964716
2344	0.03454663468955667
2349	0.015795882723525407
2351	0.028883972395011743
2353	0.025399264794403617
2411	0.0698177581517777
2430	0.014864845691380548
2431	0.024886018985958634
2493	0.3087147340050673
2556	0.048089794130979385
2612	0.03567899561210458
2615	0.013069130962280897
2621	0.019824986408058774
2642	0.1037708738901603
2674	0.03292210006455695
2727	0.03322494843959884
2813	0.04957052006082566
2817	0.044344898960620605
2861	0.039030808144026416
2878	0.030117274736769492
2909	0.027017159450947507
2924	0.046666051064440044
2928	0.025532159863089907
2945	0.03696984360995763
2955	0.023498005356336497
3016	0.04296019879747893
3059	0.04337178418861351
3159	0.0274602293284724
3181	0.034848012507845735
3188	0.046666051064440044
3203	0.02371533415811361
3231	0.05525329821766016
3305	0.022482031816355868
3343	0.02405122746259126
3358	0.05183468930133818
3390	0.022291591091574272
3438	0.04278836410858833
3465	0.05449173470963527
3471	0.025399264794403617
3483	0.0497737247672694
3524	0.04337178418861351
3698	0.07694175246300265
3757	0.0454327487226823
3855	0.038470876231501326
3900	0.011566362404649973
3936	0.032628867565370534
3939	0.020498356837291436
3944	0.03651921531542538
3948	0.0454327487226823
3981	0.01266159214946541
3988	0.0581568453826906
4130	0.011507533875030156
4136	0.0212247085301742
4140	0.04168785355232351
4182	0.025139077224652955
4209	0.020498356837291436
4254	0.03419806321160593
4265	0.0995474495345388
4304	0.016574115295346775
4430	0.014992241475638284
4457	0.025074204086507755
4524	0.030801739519197877
4576	0.046666051064440044
4587	0.030289096248555723
4617	0.022482031816355868
4620	0.012965548030705022
4636	0.08140837265084333
4644	0.025590900518975473
4695	0.025268254825820794
4708	0.029899161340694123
4710	0.03696984360995763
4717	0.02371533415811361
4765	0.1622691688127138
4768	0.03962688901825472
4783	0.024886018985958634
4859	0.014372139656986067
4870	0.048089794130979385
4895	0.012431909494751455
4923	0.04168785355232351
4934	0.046666051064440044
4949	0.010071233297481054
4970	0.015385324114075236
4987	0.024399798940541995
4990	0.010455590334962087
5093	0.026520159485901078
5109	0.02405122746259126
5120	0.03962688901825472
5216	0.017424006253922868
5234	0.18340741818781048
5239	0.01860974086173934
5240	0.03128795956461451
5301	0.044344898960620605
5415	0.02968761364289887
5425	0.026823007860942962
5458	0.10259418963481778
5484	0.022666527299449582
5490	0.05449173470963527
5508	0.0809347176335772
5515	0.058460830311438006
5538	0.025399264794403617
5548	0.0121447553425596
5560	0.04094857526821255
5561	0.026978239211192398
5578	0.024399798940541995
5590	0.042491494800210625
5899	0.024639709777834914
5925	0.021480099398739464
5934	0.014822767951518321
5946	0.02034441914177132
6019	0.05294786065180613
6066	0.03454663468955667
6068	0.04026411048578416
6131	0.03696984360995763
6172	0.03962688901825472
6173	0.02057629863253652
6227	0.02667034243595656
6388	0.013716278328589314
6391	0.03587768376083096
6476	0.10585773892100288
6513	0.05449173470963527
6545	0.03206893565284545
6554	0.007093545213660484
6556	0.03541295243578937
6559	0.015984380040004218
6580	0.019401887337856645
6584	0.042491494800210625
6601	0.03335234422385657
6603	0.01189679285457379
6609	0.026823007860942962
6614	0.01588965051291839
6620	0.020044033384508293
6625	0.013642092805852416
6632	0.05449173470963527
6696	0.01933321752022538
6701	0.022976055874002657
6717	0.08498298960042125
6726	0.017821928320254084
6744	0.022291591091574272
6751	0.05449173470963527
6760	0.029729691382761096
6798	0.04240591481679163
6805	0.07369591618471981
6826	0.026372379566410704
6828	0.01947107154093678
6874	0.27999630638664025
6889	0.044344898960620605
6909	0.012050987553166616
6959	0.012728278705778143
6985	0.03041710450127682
6986	0.023181309830387686
7033	0.026823007860942962
7051	0.03056790303130175
7057	0.03206893565284545
7088	0.05449173470963527
7128	0.05183468930133818
7187	0.03419212955536123
7213	0.053956478422384796
7284	0.03696984360995763
7327	0.04998780941832163
7340	0.03206422332012402
7362	0.03490887907588885
7416	0.03611450874635282
7531	0.03799464843149547
7559	0.04168785355232351
7574	0.04536425723041838
7584	0.018237769199179032
7726	0.04397715226634069
7754	0.016574115295346775
7803	0.02393790029937039
7811	0.027765154766525912
7826	0.026978239211192398
7832	0.014057690634082624
7888	0.037942958381964716
7929	0.024282140687945212
7955	0.030801739519197877
8025	0.0497737247672694
8037	0.007295735431610906
8060	0.013387037799681959
8081	0.05183468930133818
8089	0.005449091416369991
8095	0.04337178418861351
8103	0.025456557411556287
8111	0.029899945934992376
8140	0.02034441914177132
8212	0.016883732485587107
8300	0.0454327487226823
8301	0.04094857526821255
8306	0.031041650356490792
8311	0.06525773513074107
8321	0.10472663722766652
8504	0.039940877975509645
8505	0.0527837658912169
8604	0.03154101780330884
8651	0.013568498409098942
8663	0.03696984360995763
8665	0.019540777893884195
8773	0.03454663468955667
8803	0.04337178418861351
8865	0.019753110185977706
8877	0.05047697034988257
8879	0.014739183236943962
8880	0.020268401857300673
8892	0.026978239211192398
8965	0.021742753532244908
9000	0.03922202867651138
9026	0.017424006253922868
9065	0.06257591912922902
9223	0.0497737247672694
9260	0.015035100243611831
9261	0.01725858007777516
9329	0.01961101433825569
9339	0.02371533415811361
9421	0.08661747849617932
9443	0.02215574556231906
9484	0.03386216990712828
9516	0.03608955422155475
9527	0.03234465905119596
9541	0.022875114454792816
9549	0.02713612421694778
9591	0.048089794130979385
9628	0.03696984360995763
9630	0.02850693849723296
9652	0.031222311214585605
9719	0.0497737247672694
9755	0.026978239211192398
9823	0.06525773513074107
9826	0.026846091658805783
9871	0.042491494800210625
9885	0.029899945934992376
9891	0.0374489517035879
9892	0.03567899561210458
9986	0.016128321362571005
10050	0.046666051064440044
10099	0.018737136645997073
10120	0.023498005356336497
10135	0.019197390838143615
10167	0.019753110185977706
10178	0.01886631424716492
10211	0.031040318650349792
10212	0.03490887907588885
10255	0.03322494843959884
10351	0.027796122632950046
10403	0.03576040021857867
10413	0.03490887907588885
10419	0.05820566201356992
10474	0.03056790303130175
10475	0.02405122746259126
10490	0.04026411048578416
10722	0.01947107154093678
10773	0.016423113873233967
10809	0.07057182594733524
10836	0.04337178418861351
10873	0.034456888583422315
10948	0.02991414947469157
10952	0.03962688901825472
10971	0.037443590935146674
10974	0.07741148374953757
10976	0.016831403462177725
10982	0.02566699507418957
11016	0.06711747700692722
11064	0.02762664910883008
11077	0.03206893565284545
11127	0.0223863206186601
11136	0.048089794130979385
11150	0.03490887907588885
11235	0.03608955422155475
11381	0.02968761364289887
11401	0.01714991943711733
11413	0.044344898960620605
11481	0.02057629863253652
11506	0.048089794130979385
11514	0.03462678715891546
11516	0.01449287402882024
11519	0.01886631424716492
11537	0.07175536752166192
11544	0.021822906001603703
11567	0.014822767951518321
11592	0.01470331033210681
11608	0.03322494843959884
11636	0.02532318429893082
11669	0.030117274736769492
11693	0.0290784226913453
11699	0.04420999583715416
11711	0.07503504432118566
11720	0.02713612421694778
11728	0.0908654974453646
11775	0.022437767770902912
11795	0.07114600247434083
11802	0.02566699507418957
11856	0.038470876231501326
11857	0.016523506686941886
11872	0.029899945934992376
11889	0.08762942333301114
11911	0.04094857526821255
11940	0.04337178418861351
12043	0.05449173470963527
12055	0.039392278420665075
12057	0.025942718472540077
12081	0.0454327487226823
12082	0.03386216990712828
12136	0.05449173470963527
12257	0.03528591297366762
12262	0.019130219284434025
12329	0.01893158694233063
12337	0.274602293284724
12338	0.20493938523414088
12386	0.04168785355232351
12387	0.07199143344754447
12391	0.0497737247672694
12409	0.0497737247672694
12469	0.048089794130979385
12476	0.025399264794403617
12480	0.024886018985958634
12489	0.12636706178820326
12498	0.03962688901825472
12507	0.09617958826195877
12516	0.015121419076806126
12534	0.02667034243595656
12537	0.02361099348915202
12555	0.02869353167023015
12576	0.05701387699446592
12584	0.03552804374797997
12624	0.01725858007777516
12649	0.019540777893884195
12685	0.030801739519197877
12690	0.024518975406000735
12692	0.03696984360995763
12698	0.021831991404471753
12739	0.022609071278477607
12742	0.01886631424716492
12748	0.013828685978849604
12762	0.02667034243595656
12768	0.022013096185948686
12795	0.026520159485901078
12798	0.048089794130979385
12829	0.029426379555236692
12855	0.04678245809317797
