100
t_index	tf-idf
3	0.027863046337511962
191	0.053072983559710525
194	0.08776590176000448
195	0.12481973556840698
346	0.11679322672236253
349	0.12481973556840698
462	0.12481973556840698
639	0.04376888263370059
729	0.04410159309668563
743	0.12219898481150991
765	0.2903098687056547
770	0.3000608465439129
774	0.09737692056351635
872	0.03281744494711755
1116	0.03446478170769065
1262	0.11109832806596166
1420	0.03477653313583503
1606	0.10307181921991722
1721	0.23358645344472506
1814	0.3744592067052209
2012	0.06318518879254677
2158	0.1565447316656291
2190	0.11679322672236253
2241	0.05994601237219884
2436	0.05684118914647762
2464	0.03488155092355303
2493	0.05513953953034439
2531	0.07404449425755917
2629	0.06601798541151473
2634	0.04946378129010145
2737	0.054723589760745636
2804	0.07329739402538302
2849	0.11679322672236253
2860	0.1649107995499069
2909	0.019302139709582954
3187	0.047577039407706426
3277	0.11679322672236253
3390	0.095556027578622
3474	0.052810783613152994
3475	0.06502798879994479
3981	0.027137844123672556
4061	0.11679322672236253
4200	0.03488155092355303
4514	0.12141496685292737
4708	0.06408347151874988
5024	0.06149942129175632
5091	0.034361946117688336
5234	0.06551679898219034
5369	0.024727271697072152
5469	0.040436549304693974
5754	0.11679322672236253
5797	0.051795391479745025
5842	0.03734522168673858
5918	0.13412022115214445
5934	0.03176993551846931
6668	0.10459315581813881
6708	0.022635271916959205
6909	0.025829123059216665
7133	0.027789318853562853
7212	0.12481973556840698
7340	0.034361946117688336
7574	0.03241004045864953
7726	0.04712855575818542
7778	0.056212698056180406
7918	0.10668102148952628
8089	0.011679146802982
8120	0.12481973556840698
8372	0.09295961398708098
8877	0.02704707545899334
9003	0.10307181921991722
9051	0.0764715061092354
9253	0.08935041171747192
9272	0.053072983559710525
9421	0.046412244251488544
9891	0.03210603538417778
9910	0.08493310514103652
10104	0.08935041171747192
10181	0.058505682269553855
10211	0.03326466842157306
10228	0.02931871284069413
10379	0.07827236583281455
10419	0.1663378153598291
10873	0.012308689938375928
11086	0.06551679898219034
11305	0.022920930648092405
11381	0.06363005709979533
11544	0.04677347164606658
11577	0.04679294457205593
11706	0.12481973556840698
11711	0.05360803792981577
11876	0.012376137385422384
11889	0.03756357972972579
11982	0.05885605967396837
12055	0.04221512977344853
12193	0.05009005644713235
12214	0.08365551306107104
12323	0.04902869110434477
12337	0.23542423869587348
12387	0.0771503408132482
12763	0.07329739402538302
