139
t_index	tf-idf
44	0.038185275086612694
91	0.03641153482395719
184	0.05024709170866774
542	0.08999258384393194
647	0.08048896515894396
706	0.13604277564946238
790	0.14954094494087902
872	0.035817262107850405
957	0.06802138782473119
1051	0.05880631627116888
1052	0.06896089783843565
1116	0.03761518064259381
1203	0.10989867849376132
1240	0.03139971572195041
1301	0.02280896433951927
1462	0.08254219276638884
1511	0.02848310120201024
1605	0.10894152100857914
1621	0.1014569801209439
1710	0.0962657709558523
1737	0.09319422815873908
1774	0.06756652205845716
2157	0.03853469498077167
2433	0.0993977726280846
2464	0.03807004640886783
2577	0.057262166929080004
2772	0.08758951775290968
2909	0.06319959993849582
3142	0.11249353418225219
3369	0.05398522713050396
3514	0.072613847044978
3522	0.057638176337046335
3557	0.07772110362572393
3729	0.06068622542493296
3811	0.10373332839496392
3825	0.07097214676362415
3939	0.04795056097090605
4080	0.11249353418225219
4087	0.057924343777127324
4098	0.06583717327610798
4191	0.06944643121222124
4219	0.03428470497271956
4241	0.08875765768703224
4292	0.1540253376371998
4330	0.05735574975505871
4457	0.019551520826614405
4553	0.06848603639663503
4564	0.03497064594557403
4587	0.02361781431146693
4617	0.05259085135052549
4708	0.03497064594557403
4869	0.11249353418225219
5118	0.08758951775290968
5173	0.25493840978036775
5548	0.028409488436200434
5649	0.1062780692616088
5654	0.1526534556914909
5655	0.08254219276638884
5656	0.05236695995975996
5769	0.028409488436200434
5882	0.046887789715819
5946	0.04759046387076535
5970	0.14731807916027323
5978	0.044750159901415065
6000	0.2925535904229616
6273	0.09578851469197133
6348	0.020094769068017243
6488	0.1074929836378909
6554	0.01659349941887588
6601	0.039009556422572284
6609	0.1254908658355845
6689	0.08648130941301221
6732	0.055220153287403664
6828	0.0455474948798838
6985	0.1067293272961398
7215	0.069742621878056
7327	0.029233361512112123
7341	0.09130239855367714
7366	0.1199753574871986
7501	0.030089901012205225
7650	0.06274543291779225
7691	0.10916305851237797
7700	0.041152948425532666
7730	0.08758951775290968
7826	0.12621711237171568
8011	0.09578851469197133
8021	0.04906832707511084
8037	0.03413294142724895
8089	0.025493457087384323
8131	0.0455474948798838
8156	0.055220153287403664
8212	0.07899017959271576
8497	0.06944643121222124
8592	0.08166022027234728
8604	0.07378198697910057
8651	0.03173996410607468
8660	0.07772110362572393
8761	0.03986653721242253
8778	0.10609143423359901
8873	0.07319002321341828
8905	0.14439865643377847
9010	0.0770126688185999
9109	0.03517069668840128
9130	0.06848603639663503
9376	0.0472362702684042
9390	0.04224023826207163
9420	0.057638176337046335
9471	0.09578851469197133
9495	0.021649779981012748
9891	0.043801028936441416
9894	0.03217295105947718
9900	0.11643265082887558
9987	0.1074929836378909
9996	0.11643265082887558
9998	0.026428944868986066
10116	0.039618197399321396
10135	0.044907290236652596
10329	0.07478257850365656
10558	0.03578220899559044
10641	0.09130239855367714
10671	0.05281708719638141
10705	0.07566189613286463
10907	0.10373332839496392
11134	0.046040413427511376
11344	0.072613847044978
11381	0.06944643121222124
11536	0.05024709170866774
11636	0.059236986766390026
11876	0.01350743049407856
11889	0.10249309346422
12063	0.07205263819675137
12196	0.03380774684249338
12313	0.14090302261845264
12489	0.036950348929712995
12516	0.03537261709143039
12645	0.1014569801209439
12766	0.017197280351545496
12834	0.09811276901315959
12835	0.2302020671375569
