216
t_index	tf-idf
15	0.0258730293496757
44	0.028897719657769116
56	0.03561490765542648
91	0.02755539467151056
117	0.042986220711904034
182	0.039462387892251864
184	0.03802581928562192
231	0.04592591058831254
250	0.04103744037916614
320	0.03484230392836576
357	0.04427771309744619
543	0.05371005436083108
607	0.035353295620571816
647	0.030456079541542416
706	0.05147698927486866
721	0.04617553991588378
764	0.029888956677798034
790	0.03772302538485084
902	0.0923154179813005
982	0.04642903961945993
983	0.046518877226552985
1023	0.056091887131155684
1051	0.1335097184338046
1171	0.036151034484567815
1203	0.020792184910731596
1240	0.023762567644423888
1273	0.030649577697575342
1393	0.10309521955705006
1462	0.06246599352997444
1511	0.02155534225306986
1605	0.08244438533063213
1654	0.18786852797472742
1665	0.1058626330975552
1680	0.08261203971216899
1681	0.05629708066676236
1737	0.0705272038225432
1740	0.04803857451639163
1755	0.18352396713906408
1884	0.054952454589323255
1885	0.19329174609920685
1895	0.05046530146623681
1944	0.03036018247276214
1999	0.0406740831288913
2069	0.02502346665986447
2109	0.031447316561571334
2121	0.07826413095743757
2237	0.04159808056125957
2349	0.05592631307254593
2437	0.04951258131527183
2464	0.028810517299832614
2506	0.0705272038225432
2577	0.04333466350994198
2615	0.02313603875692416
2629	0.10905548981850165
2645	0.04340548479547103
2665	0.05331604967261139
2702	0.033747816386157856
2716	0.036425837648299667
2718	0.05147698927486866
2781	0.05828137963046253
2782	0.07522190062787014
2829	0.06464928566012942
2909	0.01594265780341859
2914	0.10742010872166216
3077	0.03670533852887361
3167	0.013587073211192695
3182	0.049206957400931346
3218	0.05079562387976988
3392	0.06909551159449598
3401	0.0724904989612904
3433	0.056762696432233986
3587	0.10905548981850165
3729	0.09185182117662508
3811	0.07850294744048894
3881	0.03698970053728368
3939	0.14515143496827185
4191	0.05255542865283409
4216	0.10511085730566817
4219	0.10378343909831544
4284	0.10309521955705006
4472	0.025656464549765664
4564	0.02646496379806343
4587	0.017873407363282173
4644	0.022651546913884293
4708	0.05292992759612686
4717	0.041982813685093365
4920	0.06110508475602544
4946	0.10309521955705006
4949	0.017828916442343218
5120	0.07015074244712188
5135	0.039970731531434656
5185	0.06544702452412542
5195	0.03561490765542648
5239	0.06588895421985634
5324	0.04890694158246351
5411	0.048612331749614913
5474	0.03398478290140232
5476	0.06316186039241531
5531	0.04103744037916614
5544	0.021836767502898823
5548	0.021499633840212293
5612	0.08767156680343054
5638	0.08811349649916146
5797	0.04278055254908936
5842	0.030845393251862644
5855	0.08028750657470128
5857	0.12578926624628534
5858	0.04642903961945993
5970	0.022297372704208288
5978	0.03386587035285772
6006	0.045199106340375744
6233	0.05331604967261139
6312	0.05411378853660738
6335	0.07850294744048894
6348	0.07603624719188637
6356	0.06716971145297092
6488	0.0813481662577826
6628	0.05411378853660738
6760	0.026314959045406622
6947	0.03574730030879151
6985	0.10769366542366236
7001	0.018836823373780183
7280	0.07379922951749246
7327	0.022123121640870477
7341	0.06909551159449598
7501	0.022771330624394962
7650	0.047484270472085845
7700	0.06228717032909905
7754	0.029340847141373277
7757	0.03670533852887361
7906	0.051828624404897286
7955	0.05452774490925082
8018	0.04543780259943101
8021	0.037133757886410934
8037	0.02583100868652643
8089	0.009646424889536523
8131	0.03446927474444218
8156	0.04178931552906044
8212	0.029888956677798034
8292	0.0431945089217328
8320	0.07850294744048894
8505	0.026697747472272278
8537	0.04543780259943101
8541	0.04721400971798355
8573	0.0964657014925285
8645	0.026389789397332816
8719	0.053538332247245475
8777	0.02502346665986447
8805	0.01956147978547659
8826	0.06464928566012942
8880	0.03588077373046552
8894	0.057762275606977956
8922	0.047759073635817696
9008	0.03929639252379099
9174	0.05937181050390966
9376	0.03574730030879151
9381	0.03698970053728368
9426	0.032072248807953015
9458	0.042577439336409804
9636	0.06544702452412542
9660	0.0964657014925285
9688	0.24128624274604205
9704	0.04049538841737926
9821	0.05411378853660738
9891	0.06629518064521545
9894	0.024347733993563603
9987	0.3253926650311304
9997	0.1164248536047284
9998	0.0100004024842334
10128	0.019860580870477162
10228	0.048431750374682205
10252	0.09176198356953204
10329	0.028296849819492532
10403	0.03165298472438602
10532	0.05994556773713293
10695	0.04014375328735064
10771	0.04340548479547103
10773	0.029073532140518554
10876	0.11500297984416841
10982	0.04543780259943101
10984	0.03913206547871879
11016	0.05940840878329622
11134	0.03484230392836576
11168	0.08261203971216899
11209	0.06656788808918492
11315	0.06909551159449598
11344	0.054952454589323255
11533	0.09176198356953204
11544	0.01931634171005732
11557	0.06179853745375484
11592	0.013014498006045578
11636	0.022414580398639833
11660	0.02646496379806343
11701	0.0638886646403521
11746	0.0881105103968143
11760	0.05411378853660738
11814	0.04568003522777798
11876	0.040888425062207336
11889	0.0775643667635888
12196	0.025584909059820173
12270	0.20453103016982563
12327	0.038334326614722795
12591	0.03588077373046552
12604	0.07678026051164344
12638	0.03484230392836576
12649	0.06918534920158903
12664	0.057762275606977956
12670	0.05255542865283409
12690	0.04340548479547103
12698	0.038648767139336994
12717	0.04694814364294451
12739	0.02001220857249819
12742	0.03339868418814428
12766	0.013014498006045578
12829	0.02083718832815485
12834	0.024749813353959066
