147
t_index	tf-idf
15	0.06364914852671505
277	0.039190287032729344
357	0.05446286747628092
470	0.0730290437580842
618	0.059794573761420944
743	0.06207378009468031
901	0.04301234304726854
902	0.022710126715297933
991	0.05116684197057612
1017	0.08153331617455396
1105	0.041802265697322274
1589	0.05339000144286614
1632	0.07952049080752857
1888	0.05840702577022324
2057	0.04342531874924977
2234	0.11865560230790416
2288	0.09892968526179653
2328	0.08262068741518137
2493	0.14004697570147664
2642	0.05649019805051896
2718	0.12663637070798983
2801	0.06259058906970191
2878	0.06558028282282095
2909	0.019609930107645123
3159	0.059794573761420944
3167	0.016712492943417055
3235	0.07683497835378135
3365	0.03155819329712357
3433	0.03490987900144542
3442	0.06207378009468031
3688	0.07234723375493082
3708	0.08767498973083614
3757	0.09892968526179653
3840	0.054189237827709166
3900	0.02518572229253275
3944	0.07952049080752857
3988	0.12663637070798983
3995	0.060156952374976036
4001	0.09892968526179653
4011	0.041802265697322274
4130	0.025057623331247638
4165	0.08916540991015974
4225	0.06707070300214456
4276	0.045148627788668974
4426	0.034193364125265094
4457	0.018199670122019524
4532	0.06510704995528373
4620	0.028232445141140605
4682	0.04446681778551563
4709	0.05237148158385859
4895	0.02707044869827305
4990	0.02276701916887703
5053	0.07043040603522657
5109	0.05237148158385859
5234	0.3328076234676541
5327	0.08498947727708894
5369	0.025121570822098933
5425	0.05840702577022324
5447	0.07168778225205528
5448	0.0979091247687323
5508	0.05874504160802073
5548	0.026445171322445348
5725	0.0415107900312762
5740	0.05840702577022324
5942	0.11286989324650415
6144	0.12256998788148908
6476	0.07683497835378135
6603	0.05181046737505385
6665	0.04497599609412936
6760	0.032368160568265726
6874	0.10161519771554375
6897	0.18155037267697793
6909	0.026240992219196173
6985	0.03311658065478405
7057	0.06983001909441813
7187	0.037226633985868514
7222	0.06759310818984636
7340	0.06981975800289084
7416	0.039319621683789566
7726	0.023940031996386384
7751	0.11237552849430286
7757	0.045148627788668974
7811	0.020152849354428633
7821	0.02276701916887703
8060	0.05830047590535129
8092	0.08628744173963844
8106	0.11865560230790416
8212	0.03676428100441134
8260	0.1850502258864835
8505	0.03283900140229789
8724	0.03138254616380051
8775	0.04567559598692433
8805	0.02406118579005399
8877	0.054956731983836896
9264	0.08262068741518137
9308	0.10161519771554375
9322	0.16100346535647683
9421	0.09430466047852568
9435	0.07373478174612853
9443	0.024122037482253236
9449	0.060156952374976036
9451	0.07373478174612853
9495	0.020152849354428633
9871	0.09252511294324176
10049	0.08498947727708894
10135	0.041802265697322274
10167	0.04301234304726854
10212	0.07601398807938792
10351	0.06052598050716617
10403	0.038934086511627226
10475	0.05237148158385859
10687	0.061675520171110554
10738	0.11485156779902672
10836	0.09444194066294603
10873	0.025009926675475486
10948	0.021712659374624885
10984	0.0481335721099727
11064	0.060156952374976036
11101	0.10161519771554375
11265	0.07104926929238134
11401	0.07468780471704715
11592	0.016008208884086758
11619	0.11286989324650415
11623	0.09972134051324863
11638	0.08916540991015974
11650	0.1311605656456419
11663	0.03576128524415104
11728	0.09892968526179653
11795	0.10328014967622669
11876	0.037720458889372095
11889	0.019081282805324628
12057	0.05649019805051896
12183	0.04959307534404009
12188	0.05101917094690188
12337	0.17938372128426286
12338	0.19125212019619872
12387	0.07838057406545869
12430	0.0730290437580842
12436	0.06375070673206625
12489	0.20637294685502258
12498	0.17257488347927688
12576	0.12414756018936061
12584	0.038681108724115607
12610	0.10471539432319656
12649	0.04254999006581135
12768	0.04793345634019094
12855	0.05093433685006899
