85
t_index	tf-idf
3	0.04153311264150833
161	0.1139896778919213
321	0.10245601320022632
554	0.06890315213954172
597	0.09622071438194135
633	0.07182712184400433
764	0.10788259000163701
863	0.06548954232343329
902	0.0666415124239131
1020	0.051067982738953015
1170	0.15666977507751106
1171	0.06524261240491373
1301	0.031151849013256766
2014	0.14909186870492447
2109	0.05675370331316679
2344	0.11037193432587641
2430	0.1424736551467319
2493	0.1232878493564888
2642	0.08288355856414215
2718	0.09290171932606338
2801	0.04591708768734911
2891	0.030311979941824694
3133	0.06946522538272304
3276	0.09996089776293708
3293	0.07576735991036466
3624	0.09418487596823737
3651	0.0678101400333046
3735	0.08935650661111841
3809	0.05183846915070518
4128	0.08379156722383407
4136	0.0678101400333046
4419	0.09693178380293427
4430	0.09579646216868969
4587	0.03225655380499662
4920	0.055138883541612026
4990	0.06680845993589965
5369	0.036858875668918864
5458	0.10925829449907491
5842	0.05566739832210018
6391	0.05731223014049556
6519	0.14909186870492447
6986	0.07406122272629899
7362	0.11152925728880625
7416	0.11538108482586021
7726	0.03512529806012424
8035	0.06310857771734263
8089	0.0174091272666016
8306	0.0991739723796925
8333	0.16560498511014082
8621	0.10714968674376711
8645	0.04762626645808612
8653	0.06380291453053492
8877	0.04031681310271459
8880	0.06475486653872883
8927	0.09353632342034462
9443	0.03539234018189817
9460	0.1590204756710502
9522	0.07062254834565287
9892	0.1139896778919213
9998	0.01804795886132928
10099	0.11972535292834918
10378	0.14515163063856412
10558	0.04887034568510026
10661	0.09049156782039658
10696	0.12807607781312455
10738	0.08425626900211161
11064	0.08826349450488129
11308	0.12469827616698743
11372	0.06524261240491373
11481	0.06573855606336297
11514	0.055314005438787985
11581	0.1139896778919213
11592	0.023487567123851427
11623	0.03657829079981723
11627	0.14007642669763978
11795	0.07576735991036466
11857	0.05279042115889909
11876	0.018448072829836515
11997	0.14909186870492447
12188	0.07485635719120431
12337	0.3509272211607777
12338	0.46768161710172307
12387	0.11500156000578662
12489	0.05046575871273571
12739	0.036116498071974895
