63
t_index	tf-idf
161	0.14390593243416647
764	0.06809802867553653
768	0.23488880168646778
872	0.030878331391014213
902	0.04206569033943194
1020	0.06447062409062033
1171	0.08236534347848555
1301	0.0393275598475816
2014	0.18822058962809876
2109	0.07164854524913204
2344	0.1393387227463471
2430	0.17986544545405211
2493	0.1556443815576917
2642	0.10463610389305296
2801	0.057967891834683954
3276	0.126195340363808
3293	0.09565227990480056
3438	0.08629025745738779
3735	0.11280785805119024
4128	0.10578241674565315
4708	0.06029691444386448
4921	0.08362825181988445
5234	0.12329109922545789
5458	0.13793281143371364
5584	0.10757086713737948
5936	0.17885856718068602
6388	0.05532257252590764
6519	0.18822058962809876
6603	0.04798394795992366
6708	0.04259560294860637
6986	0.09349837205214072
7247	0.09654996739673671
7362	0.14079978170526264
7584	0.07355933475987693
8089	0.021978101337743403
8333	0.20906752469830486
8621	0.1352708057962103
8653	0.08054780114599114
8877	0.025448920856768874
8880	0.08174959014921657
8927	0.11808465544600358
9422	0.12147355689296348
9460	0.20075493018994667
9522	0.08915722772893679
9652	0.06296527874456671
9891	0.030208957517618856
9892	0.14390593243416647
9986	0.06505119004782886
9998	0.022784592399108253
10273	0.12329109922545789
10378	0.18324624771014192
10558	0.06169622367792323
10696	0.16168926644115722
11127	0.09029190107878325
11308	0.15742497072197903
11592	0.029651809796082087
11795	0.09565227990480056
11997	0.18822058962809876
12188	0.04725109360533045
12337	0.22151351732722
12338	0.35425396633801076
12387	0.14518338002242365
12489	0.0637103481460806
