482
t_index	tf-idf
3	0.008592076638805613
222	0.01670059008808355
250	0.015321262028217285
262	0.03849043356739324
277	0.03568606423797412
320	0.013008317848797649
355	0.011895354745991377
385	0.021195375485608063
394	0.018601719934387473
402	0.02195942095773237
497	0.015460004288241005
554	0.02850839372181114
601	0.021195375485608063
612	0.012915119142876692
638	0.034109134620311024
645	0.0172395631844726
660	0.013703878805287204
688	0.028083975002622687
738	0.010139229263037574
764	0.02231798731984578
841	0.015601973400018244
872	0.010119855476671349
875	0.015674215623781847
890	0.038180664743944596
901	0.013055456281201472
902	0.06203846173449775
915	0.023581378475865302
918	0.010920909017995866
983	0.008683873807201743
984	0.018601719934387473
1017	0.02474765542552473
1022	0.014859087036297349
1042	0.045665930540124834
1043	0.02706421060573737
1157	0.01047090769372064
1267	0.028083975002622687
1269	0.022380580812177944
1301	0.012888948462528848
1317	0.02020329547477857
1454	0.04391884191546474
1471	0.014312058873866976
1544	0.022832965270062417
1548	0.03849043356739324
1555	0.014489010297211972
1561	0.02699386057276495
1589	0.032410735166164675
1594	0.029308948526276003
1596	0.03375002657493842
1627	0.057656552198445336
1632	0.024136706295131746
1650	0.03425918823171829
1675	0.015674215623781847
1774	0.019090332371972298
1825	0.030843071483527842
1879	0.05260335767864208
1888	0.03545635124411485
1906	0.013651480228945181
1944	0.022669850097465086
1981	0.015530576133922617
1999	0.015185603186197024
2025	0.02137760981422659
2057	0.02636161205191875
2069	0.009342470826830186
2129	0.04659172840176784
2130	0.037440511265773836
2132	0.03849043356739324
2199	0.012869048005984388
2223	0.023321577707647246
2233	0.012299767273985919
2234	0.03601531371467209
2244	0.04135840729666906
2245	0.01804129023712864
2271	0.014609893389188744
2385	0.02661182614785289
2386	0.02619066629340732
2493	0.16153115009308117
2615	0.017275605340618873
2630	0.03849043356739324
2645	0.016205367583082338
2664	0.014312058873866976
2668	0.043130904449386887
2679	0.025426620821283014
2698	0.040715690834682544
2712	0.017528013537050732
2718	0.038437701465630233
2729	0.027727656959761024
2752	0.03289703148180342
2787	0.020357845417341272
2801	0.01899800478937249
2833	0.06612405043864347
2868	0.022602583337879904
2891	0.025082912227850588
2892	0.018259327581357915
2909	0.03571299311684934
2911	0.029308948526276003
2917	0.01743034110673565
2928	0.01687501328746921
2964	0.018720255632886918
3000	0.04018808661215103
3019	0.023852729666947736
3061	0.018485442196580517
3072	0.07203062742934419
3095	0.027552823043322197
3159	0.05444800642950897
3167	0.02029084727915332
3187	0.014671244625830495
3193	0.010022951525230622
3212	0.028740949197425043
3221	0.03601531371467209
3235	0.023321577707647246
3305	0.014859087036297349
3318	0.010987990975066426
3390	0.02946643745662509
3414	0.029308948526276003
3419	0.07698086713478648
3432	0.013055456281201472
3433	0.07417291334470626
3438	0.08484055599918001
3439	0.015601973400018244
3467	0.028083975002622687
3474	0.016285164754174835
3522	0.016285164754174835
3572	0.09535220513699141
3635	0.019090332371972298
3692	0.013756731054600532
3809	0.010723975918339556
3840	0.03289591662531916
3871	0.010821648348654638
3881	0.013810044901453688
3959	0.07636132948788919
3961	0.03849043356739324
3965	0.03178406837899714
3981	0.008368447358487083
3988	0.019218850732815117
4034	0.03425918823171829
4037	0.07203062742934419
4044	0.029308948526276003
4062	0.036742676004409905
4087	0.01636601887214255
4130	0.03802846842735439
4163	0.020052561972891948
4173	0.028665786146128473
4207	0.09609425366407558
4227	0.022380580812177944
4258	0.03178406837899714
4264	0.013972838459938438
4268	0.023321577707647246
4280	0.019218850732815117
4298	0.009965632825576734
4299	0.02507770319060105
4304	0.010954357850522074
4330	0.016205367583082338
4369	0.015821316637217003
4370	0.02661182614785289
4401	0.03178406837899714
4442	0.012961540633983951
4457	0.016572335807133166
4527	0.020357845417341272
4564	0.019761302906370664
4579	0.07698086713478648
4587	0.01334601549315629
4684	0.020052561972891948
4689	0.07203062742934419
4695	0.01670059008808355
4717	0.015674215623781847
4737	0.031348431247563695
4765	0.04596378608465185
4859	0.047495011973431214
4894	0.023852729666947736
4895	0.008216642815863866
4923	0.055105646086644394
4936	0.024434540810453518
4949	0.013312794266331019
4990	0.03455215437646631
5019	0.07698086713478648
5020	0.03178406837899714
5041	0.014733218728312545
5107	0.023852729666947736
5120	0.02619066629340732
5195	0.013296768201375783
5216	0.04606431083505074
5234	0.22223625022256424
5239	0.024599534547971837
5240	0.02067920364833453
5256	0.027552823043322197
5261	0.030843071483527842
5286	0.023581378475865302
5346	0.03601531371467209
5392	0.025796697560368394
5411	0.018149335476502996
5430	0.18007656857336046
5447	0.04351851774545136
5448	0.04457726110889204
5469	0.0124693447524086
5508	0.01783077293901524
5515	0.009659653683746454
5533	0.023581378475865302
5538	0.03357435745317624
5548	0.00802685353991645
5556	0.013247736639273871
5563	0.07698086713478648
5584	0.03525454841278392
5598	0.03289703148180342
5622	0.1154713007021797
5654	0.021565452224693443
5727	0.02020329547477857
5740	0.017728175622057425
5769	0.02408056061974935
5780	0.019761821469597565
5802	0.03289703148180342
5806	0.0208464578549261
5827	0.03601531371467209
5896	0.016531012609660868
5899	0.016285164754174835
5925	0.014196878161251682
5934	0.009796836910008017
5935	0.02474765542552473
5936	0.029308948526276003
5942	0.03425918823171829
5968	0.04203684812452614
5989	0.02137760981422659
5990	0.03849043356739324
6019	0.011664972813808861
6155	0.11496379678970017
6168	0.025465769628516335
6173	0.013599527603340291
6194	0.16413128071879826
6348	0.005677601995180108
6378	0.03601531371467209
6388	0.17224493444831582
6390	0.025426620821283014
6517	0.018371338002204952
6580	0.012823321974480563
6601	0.011021810433661327
6625	0.009016491303598922
6628	0.02020329547477857
6678	0.10277756469515485
6684	0.029308948526276003
6696	0.05111174366646053
6708	0.04885998181477349
6726	0.011779077008184423
6755	0.034882221532004286
6760	0.009824647421264774
6768	0.07627986246384903
6796	0.021195375485608063
6798	0.018684941653660372
6824	0.01597205013910362
6827	0.012094212612071505
6828	0.012869048005984388
6958	0.010409246597092399
6959	0.008412522616119312
7001	0.028130790226912145
7057	0.021195375485608063
7098	0.03178406837899714
7133	0.00856934142942457
7134	0.0606098864243357
7143	0.03178406837899714
7165	0.04382968016756623
7169	0.01636601887214255
7170	0.01678717872658812
7177	0.01687501328746921
7187	0.011299330798247667
7206	0.02039641879952232
7213	0.07132309175606096
7222	0.041032820179699565
7296	0.011228758952566057
7318	0.03002794289604334
7340	0.04238452191126072
7416	0.03580383435438272
7426	0.02137760981422659
7441	0.022602583337879904
7470	0.03178406837899714
7531	0.012555933390913172
7547	0.019350133140190358
7551	0.08619781592236299
7584	0.04821567767399955
7591	0.03577469830167921
7646	0.03002794289604334
7651	0.013296768201375783
7726	0.029065893086169362
7774	0.02706421060573737
7808	0.012383967183576202
7811	0.04281869750259127
7826	0.01783077293901524
7851	0.03178406837899714
7862	0.03122773979127719
7926	0.01678717872658812
7929	0.03209767203045256
7932	0.01762727420639196
7944	0.01670059008808355
8012	0.019218850732815117
8030	0.07698086713478648
8045	0.07857199888022194
8060	0.0353916694805069
8089	0.02160886283392159
8092	0.02619066629340732
8103	0.025237567848357928
8110	0.04351851774545136
8167	0.02094181538744128
8212	0.02231798731984578
8285	0.023852729666947736
8292	0.016126600081666324
8297	0.022602583337879904
8311	0.021565452224693443
8371	0.01762727420639196
8386	0.009240302807433121
8392	0.0199054609594568
8396	0.028083975002622687
8414	0.012512485544419019
8505	0.0647891456007547
8527	0.028665786146128473
8539	0.013863828479880512
8563	0.056167950005245375
8709	0.010691762668585012
8724	0.03810194287570234
8753	0.018964464063987493
8775	0.013863828479880512
8778	0.014987605397140166
8803	0.028665786146128473
8818	0.022166369476637103
8877	0.06672365753097495
8880	0.01339602887071701
8882	0.01636601887214255
8912	0.03178406837899714
8917	0.06213253352645933
8943	0.0208464578549261
8956	0.0208464578549261
8965	0.04311142379613756
8974	0.024434540810453518
9008	0.014671244625830495
9109	0.009937174048332793
9225	0.018259327581357915
9235	0.017334206889018492
9260	0.009937174048332793
9272	0.01636601887214255
9276	0.02850839372181114
9294	0.023581378475865302
9299	0.02507770319060105
9321	0.03849043356739324
9322	0.024434540810453518
9329	0.012961540633983951
9421	0.028624117747733952
9422	0.0796218438378272
9435	0.04476116162435589
9436	0.029308948526276003
9443	0.021965151171860608
9449	0.07303731032543166
9484	0.022380580812177944
9495	0.0367017407165068
9497	0.01670059008808355
9499	0.028665786146128473
9552	0.02619066629340732
9553	0.024516197751182797
9629	0.02101842406226307
9652	0.04127162914824929
9692	0.017528013537050732
9755	0.01783077293901524
9820	0.010439999290155546
9891	0.009900479410884584
9946	0.023072384060538645
9954	0.03601531371467209
9997	0.014489010297211972
9998	0.007467268203518903
10014	0.030843071483527842
10128	0.007414915763207826
10131	0.05329859259016515
10135	0.012688163759570317
10137	0.012823321974480563
10167	0.03916636884360441
10209	0.010723975918339556
10211	0.03077329488461106
10228	0.00904095785604154
10311	0.047162756951730604
10336	0.03849043356739324
10357	0.014733218728312545
10367	0.016126600081666324
10375	0.010691762668585012
10403	0.011817590679551333
10419	0.012823321974480563
10452	0.02131103913917278
10474	0.0606098864243357
10475	0.01589621814948381
10476	0.015747323044437635
10620	0.0630552721867892
10636	0.02946643745662509
10657	0.025426620821283014
10660	0.013863828479880512
10682	0.018371338002204952
10690	0.01804129023712864
10695	0.02997521079428033
10708	0.024136706295131746
10722	0.012869048005984388
10738	0.0697213644269426
10766	0.023321577707647246
10771	0.016205367583082338
10805	0.023321577707647246
10824	0.01962148433127279
10840	0.022602583337879904
10853	0.026016635697595297
10873	0.022773649225449003
10882	0.02661182614785289
10948	0.03954241807787812
10976	0.011124407750619144
10984	0.02921978677837749
11018	0.022380580812177944
11032	0.015460004288241005
11046	0.014795828473702708
11047	0.02507770319060105
11064	0.03651865516271583
11127	0.014795828473702708
11146	0.023321577707647246
11203	0.015052893684329586
11316	0.04727036271820533
11345	0.028665786146128473
11381	0.01962148433127279
11401	0.022669850097465086
11404	0.028167661095735028
11481	0.013599527603340291
11514	0.0228859405762138
11516	0.08620919609200865
11535	0.025465769628516335
11536	0.028393756322503363
11537	0.011856348883802789
11543	0.019218850732815117
11592	0.009717883585037933
11601	0.023321577707647246
11623	0.06053646507667754
11636	0.016736894716974166
11682	0.016285164754174835
11699	0.014609893389188744
11711	0.033062025219321736
11737	0.023852729666947736
11751	0.016615212519251153
11775	0.007414915763207826
11817	0.02067920364833453
11857	0.010920909017995866
11876	0.007632813700257573
11911	0.02706421060573737
11982	0.018149335476502996
11992	0.028665786146128473
12055	0.03254450589653141
12057	0.06858545791420657
12188	0.06968589220559196
12193	0.015446179094080028
12236	0.023852729666947736
12287	0.025796697560368394
12313	0.0199054609594568
12337	0.45373338691257487
12338	0.2515517308224746
12386	0.027552823043322197
12387	0.10705819271392238
12397	0.03178406837899714
12398	0.03601531371467209
12467	0.014609893389188744
12480	0.01644795831265958
12488	0.02445816554370376
12489	0.22967998438342202
12516	0.009994224899687454
12517	0.018149335476502996
12537	0.03901313392563595
12556	0.03849043356739324
12566	0.006444474231264424
12581	0.00904095785604154
12588	0.04614476812107729
12590	0.013199095771060702
12600	0.022380580812177944
12624	0.01140674230840655
12632	0.01687501328746921
12638	0.013008317848797649
12685	0.020357845417341272
12721	0.05971638287837038
12739	0.03735762860325004
12748	0.03655926657089089
12755	0.018485442196580517
12760	0.025796697560368394
12766	0.03401259254763276
12792	0.0199054609594568
12827	0.022602583337879904
12829	0.015559061157676345
12839	0.02303215541752537
12855	0.03092000857648201
12857	0.024136706295131746
