370
t_index	tf-idf
3	0.04574870641902448
17	0.026716490974600656
44	0.01914861073132659
56	0.02359964768855236
75	0.02529893120689541
183	0.03585763458696423
189	0.0198054380541673
240	0.053667240073027256
278	0.021609762785627797
375	0.041392089348803195
596	0.023512624468044932
604	0.021830129691756243
618	0.03221218242959956
631	0.04772998309518715
721	0.06119496276034887
723	0.047231756764275476
729	0.024136997449979342
738	0.017995518521289194
764	0.0396108761083346
776	0.06080460756476877
858	0.045518711947358896
860	0.0564116636834791
871	0.02050466986442493
896	0.09780375303228231
983	0.015412494172877643
984	0.03301509285596511
991	0.02756430131066666
1020	0.05625136189290256
1023	0.01858419495690626
1116	0.018862727846789325
1122	0.07469284123714377
1156	0.03861922202322827
1203	0.013777608054354625
1206	0.024606089448550802
1240	0.015745884560741028
1301	0.0343137488205725
1346	0.048901876516141154
1416	0.04392315037120421
1446	0.028484130131072205
1490	0.021393788869190338
1497	0.02111236180733749
1507	0.1807570152419712
1587	0.03322547485862452
1602	0.047231756764275476
1638	0.0632935692346346
1643	0.04578503323009286
1675	0.05563847709661981
1797	0.048901876516141154
1826	0.054741543931613436
1840	0.024702395262261607
1868	0.040949810278511516
1885	0.03202041932257659
1888	0.03146469070567457
1894	0.053667240073027256
1895	0.033440023111173556
1944	0.1609415061915918
1954	0.04052488002330307
1988	0.0583869960889781
1995	0.043367421754302186
2057	0.011696916639924743
2087	0.02190459275259738
2105	0.043367421754302186
2109	0.04167612050457663
2121	0.0259302359438356
2157	0.019323832869175668
2233	0.043660259383512486
2237	0.02756430131066666
2279	0.04392315037120421
2280	0.0382752460627549
2281	0.07340459173079772
2294	0.018750453964300855
2373	0.03532902571564786
2430	0.017437185810466584
2440	0.023087694212836483
2451	0.06481480182610509
2487	0.041853194371189534
2490	0.05201871980218945
2493	0.015089057237900314
2506	0.015577907045498524
2615	0.015330725236035002
2621	0.023255671728078985
2627	0.0564116636834791
2642	0.030432068507553554
2665	0.07065805143129572
2681	0.041853194371189534
2778	0.02529893120689541
2813	0.03876575140067045
2827	0.09296853008070097
2891	0.03338863338530496
2899	0.041853194371189534
2909	0.03169243994845816
2918	0.03750090792860171
2936	0.06080460756476877
2986	0.022759355973679448
3016	0.15118319781562117
3167	0.009003256276978141
3214	0.01986717231068027
3216	0.0259302359438356
3238	0.021979571132837623
3246	0.05329482039743081
3285	0.057807152073056596
3300	0.19034961456330282
3366	0.039721969596937516
3496	0.05201871980218945
3501	0.06392145085081706
3538	0.04984458672351913
3624	0.03458153399172287
3692	0.024416008560722957
3730	0.04450893263485149
3746	0.06080460756476877
3747	0.06831439473210672
3809	0.01903335078573059
3829	0.06080460756476877
3834	0.039341778563063964
3840	0.02919250869806091
3900	0.0542716189830412
3901	0.02821325770493422
3944	0.04283881288298582
3946	0.024702395262261607
3981	0.014852662419132622
3987	0.04392315037120421
4001	0.05329482039743081
4020	0.03730435812114685
4079	0.04392315037120421
4119	0.03322547485862452
4130	0.026997792047783242
4135	0.03434340720385159
4143	0.031831991395726005
4144	0.028622148974675445
4211	0.050877208921640146
4266	0.047231756764275476
4314	0.05201871980218945
4344	0.02479956481677125
4353	0.022362449586470576
4365	0.060538286282034816
4415	0.08586644692402635
4442	0.02300467210003912
4472	0.01700084498790068
4478	0.10522226543401388
4484	0.10175441784328029
4501	0.058679833718188405
4555	0.04512820590725214
4564	0.017536584055397028
4587	0.03553058069236646
4682	0.023954903538336614
4717	0.08345771564492972
4726	0.03559010660681805
4751	0.0564116636834791
4755	0.054741543931613436
4769	0.06561743674846673
4802	0.04450893263485149
4828	0.026952029222809776
4895	0.014583233512110008
4920	0.02024515248183736
4949	0.011814045701837713
4990	0.0245298303412015
5058	0.048901876516141154
5198	0.041853194371189534
5216	0.02043920541930412
5219	0.04803466719064102
5252	0.02731522522150526
5324	0.032407400913052546
5368	0.048901876516141154
5448	0.05274503002825457
5450	0.024045567939420892
5531	0.027192802080471833
5548	0.014246387747816619
5594	0.04772998309518715
5656	0.026260241131638808
5690	0.023512624468044932
5823	0.04578503323009286
5857	0.06251418075686495
5882	0.0705378734041348
5899	0.028903576036528298
5944	0.04450893263485149
5951	0.054741543931613436
6019	0.02070347053759626
6173	0.048273994899958685
6227	0.03128560674896284
6246	0.05121997209201134
6323	0.02919250869806091
6391	0.021043132608821145
6428	0.12752652844313575
6544	0.02432220422838805
6547	0.027819238548309904
6554	0.008321072987475869
6556	0.020770556403358294
6559	0.018750453964300855
6603	0.013955515708724999
6614	0.03727866325821255
6671	0.025197199635936862
6726	0.020905987325605755
6755	0.06191039253163497
6763	0.027192802080471833
6770	0.0564116636834791
6798	0.033162798164889186
6813	0.048901876516141154
6958	0.018474756322308893
6959	0.014930888987886009
7001	0.037445757222815734
7133	0.015209217427465638
7135	0.06080460756476877
7199	0.05329482039743081
7321	0.04472489917294115
7327	0.0146595319450725
7343	0.31750324120333345
7347	0.0583869960889781
7366	0.020054514143328706
7448	0.039721969596937516
7472	0.02479956481677125
7574	0.01773815885038724
7731	0.033882302181465235
7755	0.030269143141017408
7769	0.017840370294347953
7821	0.01226491517060075
7973	0.050877208921640146
8035	0.023171357429377006
8036	0.02380546209725523
8089	0.012784097662118086
8098	0.03322547485862452
8112	0.09516675392865294
8153	0.04450893263485149
8167	0.01858419495690626
8180	0.054741543931613436
8203	0.04512820590725214
8207	0.04233479955618118
8212	0.0396108761083346
8351	0.040949810278511516
8379	0.2215274923212211
8386	0.016400067105659555
8388	0.018806445472404086
8407	0.02794899258664208
8414	0.022207670772649866
8464	0.049212178897101604
8505	0.07076333770334131
8719	0.15964342965348513
8721	0.09296853008070097
8768	0.0564116636834791
8800	0.03585763458696423
8805	0.0388863030900192
8833	0.0564116636834791
8877	0.022204476489722895
8902	0.046484265040350484
8905	0.024136997449979342
8927	0.03434340720385159
8940	0.04392315037120421
8956	0.03699914546751354
8965	0.02550530568862715
8993	0.03861922202322827
9000	0.18403737680031296
9067	0.06021726314515245
9111	0.07340459173079772
9139	0.02560998604600567
9156	0.029339916859094203
9186	0.07002194196645536
9260	0.017636902667538038
9264	0.04450893263485149
9406	0.048901876516141154
9443	0.012994882697086976
9495	0.010856624925051834
9506	0.06080460756476877
9527	0.03794185567489152
9662	0.0746087162422937
9693	0.04450893263485149
9696	0.09606933438128204
9697	0.04578503323009286
9701	0.03221218242959956
9702	0.05329482039743081
9820	0.05558801237677783
9826	0.015745884560741028
9831	0.03794185567489152
9891	0.026357663287737955
9943	0.04984458672351913
9975	0.06080460756476877
9998	0.006626606410298326
10075	0.047231756764275476
10128	0.026320591139415712
10131	0.01891930412524512
10133	0.026716490974600656
10148	0.03761841873991417
10184	0.06776460436293047
10190	0.027439047514436345
10191	0.029339916859094203
10217	0.033162798164889186
10262	0.06080460756476877
10324	0.05201871980218945
10351	0.032606201586223876
10357	0.026149118796444236
10373	0.0564116636834791
10375	0.018976177393399664
10396	0.039721969596937516
10419	0.022759355973679448
10475	0.02821325770493422
10541	0.023340647322151784
10543	0.04803466719064102
10559	0.04052488002330307
10566	0.04052488002330307
10577	0.040115988753561836
10619	0.03641336320386625
10690	0.03202041932257659
10696	0.023512624468044932
10738	0.030936081834358205
10771	0.028761948755687883
10792	0.032606201586223876
10818	0.0583869960889781
10873	0.06062940522430795
10876	0.02540162707251924
10880	0.02377581958162488
10966	0.04052488002330307
10974	0.030269143141017408
10976	0.019744053568689683
10985	0.03411040182127748
11013	0.04578503323009286
11016	0.039366029826267745
11071	0.03559010660681805
11116	0.029640889899014852
11132	0.026485964560737624
11153	0.018312643581515065
11175	0.030178114475800627
11187	0.046484265040350484
11197	0.03730435812114685
11226	0.04512820590725214
11239	0.046484265040350484
11258	0.038974477873012524
11305	0.01254472697599075
11336	0.047231756764275476
11374	0.058679833718188405
11401	0.0804707530957959
11437	0.04668129464430357
11453	0.02540162707251924
11537	0.06312939782646344
11553	0.029640889899014852
11567	0.05216347973512991
11592	0.017247696990125183
11623	0.013430324069010674
11636	0.014852662419132622
11656	0.03730435812114685
11667	0.040115988753561836
11680	0.046484265040350484
11702	0.02432220422838805
11736	0.03434340720385159
11775	0.03948088670912357
11814	0.030269143141017408
11857	0.019382875700335225
11867	0.06119496276034887
11876	0.006773514867311766
12045	0.040949810278511516
12082	0.039721969596937516
12166	0.03458153399172287
12193	0.0274145099947561
12237	0.05201871980218945
12371	0.050394399271873724
12420	0.026039124626263895
12534	0.12514242699585135
12537	0.013848420938496255
12564	0.019683014913133873
12584	0.04167612050457663
12609	0.041392089348803195
12624	0.02024515248183736
12662	0.05201871980218945
12670	0.06965002477768643
12690	0.028761948755687883
12699	0.0442622054633538
12738	0.041853194371189534
12766	0.008623848495062592
12829	0.02071114327132942
12855	0.027439047514436345
12860	0.04578503323009286
12867	0.11561430414611319
12868	0.023087694212836483
