289
t_index	tf-idf
15	0.01919579777575906
117	0.03189246952020322
177	0.04447500059939807
181	0.0376864460172617
231	0.03407349330479113
320	0.05170061929828314
543	0.07969745854661295
604	0.0488845362391421
612	0.05133020777621555
647	0.09038427406711214
729	0.0270251698732045
762	0.04142637018109365
790	0.027987583401651372
817	0.03463781559895727
854	0.06144466989096911
871	0.022958207102123842
872	0.01005515858073437
875	0.031148018682494314
902	0.04109456386890222
918	0.021702181869071514
982	0.03444677634816773
983	0.017256714471424416
991	0.030862576296025485
1020	0.04198817227661139
1049	0.034831911607155784
1051	0.16508990382205144
1075	0.021439885342922408
1123	0.0436709761291225
1203	0.04627860597246941
1207	0.033534260454342865
1591	0.040148268978867155
1596	0.033534260454342865
1602	0.05288339001608143
1638	0.03543355928988786
1654	0.11150719840937696
1665	0.03927096571270884
1737	0.10465152139474923
1884	0.04077049468470743
1885	0.21511141310692217
1906	0.027128410851368055
1944	0.022524920267583265
1993	0.05580886463837825
1999	0.03017704126967248
2063	0.040455392768271814
2109	0.11665745072750221
2121	0.1451649138809993
2180	0.04686124237124662
2199	0.05114710137177539
2233	0.0488845362391421
2294	0.020994086138305695
2349	0.020746511387887374
2397	0.049834759597777
2430	0.01952367561935065
2498	0.07648872343158453
2506	0.03488384046491642
2541	0.05696504781223388
2565	0.07170380436897406
2577	0.016075493638085296
2629	0.040455392768271814
2665	0.039556408099177674
2702	0.025038284074387067
2782	0.05580886463837825
2785	0.06316174151468076
2801	0.018876549305971404
2909	0.03548467762315429
2914	0.07969745854661295
2928	0.033534260454342865
2992	0.028326137701831188
3018	0.058243149014460364
3115	0.023561100944568696
3167	0.020161126569414062
3182	0.036507777680873245
3241	0.02662077436929191
3242	0.023638613934905097
3365	0.019035123351120307
3392	0.05126355518153445
3401	0.05378237468517557
3433	0.02105677744947987
3438	0.028099388264189888
3692	0.027337566751895973
3719	0.04584976160956658
3729	0.06814698660958227
3731	0.04584976160956658
3824	0.025943983795805085
3825	0.039848729273306474
3881	0.027443512767803668
3939	0.05384560027461789
3991	0.08727613179066022
3995	0.07257037803805522
4120	0.03673452711851455
4200	0.021375187900427552
4216	0.03899208580501154
4219	0.07699932939739199
4220	0.04686124237124662
4227	0.04447500059939807
4248	0.03371135471944532
4303	0.07157013093136412
4472	0.019035123351120307
4564	0.019634967608336044
4587	0.013260693545869149
4598	0.021119794431263973
4618	0.03927096571270884
4635	0.05126355518153445
4644	0.016805705585940297
4708	0.019634967608336044
4859	0.018876549305971404
5041	0.02927805660057834
5086	0.02844112189651038
5093	0.034831911607155784
5135	0.11862083392816053
5248	0.029032982776199864
5317	0.07648872343158453
5324	0.03628518901902761
5337	0.03899208580501154
5345	0.03407349330479113
5357	0.04363806589533011
5414	0.020090635891501153
5421	0.04855665839555051
5531	0.09133987320620222
5535	0.05126355518153445
5538	0.03335971439673078
5544	0.03240240386208715
5548	0.01595107468367458
5583	0.03189246952020322
5612	0.032522779692662825
5638	0.06537343722891724
5656	0.05880495110997811
5690	0.02632608599021593
5764	0.07587314652926137
5797	0.0317398795621838
5816	0.04404931686238832
5857	0.04666298029100088
5858	0.06889355269633546
5882	0.05265217198043186
5904	0.07648872343158453
5934	0.019468410185660888
5970	0.03308587112672813
5985	0.0449161670975566
6006	0.033534260454342865
6017	0.03793657326463069
6018	0.06537122177064913
6076	0.05696504781223388
6315	0.03444677634816773
6348	0.04513043772329269
6357	0.06808033401490117
6554	0.03726700663243615
6559	0.020994086138305695
6614	0.02086966718389498
6662	0.06537343722891724
6708	0.013870747647163126
6726	0.023407545201610785
6760	0.01952367561935065
6798	0.05569646280989841
6883	0.06316174151468076
6947	0.026521747356402715
6976	0.06316174151468076
7001	0.02795094825069707
7119	0.03204700335158846
7133	0.01702911414178871
7187	0.022454186879342128
7215	0.019579193984968015
7280	0.05475335209799741
7321	0.025038284074387067
7324	0.040455392768271814
7327	0.04924096403021221
7366	0.022454186879342128
7501	0.03378915177215721
7565	0.040148268978867155
7584	0.023953715851340707
7591	0.017772994161356994
7650	0.03522967647864676
7651	0.026423522190472424
7755	0.03389107269856543
7779	0.031148018682494314
7784	0.040455392768271814
7832	0.01846354799741773
7903	0.09835776820278158
7995	0.05696504781223388
8015	0.05204645531201347
8018	0.06742270943889064
8034	0.05052813355281204
8036	0.013326981916903758
8037	0.03832924335137062
8049	0.1507457840690468
8103	0.0334349632419523
8111	0.03927096571270884
8212	0.06652592091493445
8292	0.03204700335158846
8326	0.07301555536174649
8386	0.01836245789812527
8504	0.026229426182273908
8532	0.04740047522169489
8537	0.10113406415833597
8645	0.019579193984968015
8719	0.03972132467288397
8761	0.022383863542031895
8777	0.018565487603299468
8826	0.04796479751586103
8873	0.08218800060401583
8880	0.02662077436929191
8891	0.04740047522169489
8907	0.058243149014460364
8927	0.03845285295456327
8943	0.04142637018109365
9000	0.025757353319083083
9026	0.06865472803832383
9177	0.07157013093136412
9376	0.026521747356402715
9390	0.02371662540448849
9426	0.0237951418061918
9510	0.03204700335158846
9539	0.04435061394328964
9631	0.07648872343158453
9665	0.07587314652926137
9668	0.03425869906582492
9688	0.29835972299108904
9702	0.059671944598217806
9726	0.13616066802980234
9826	0.017629997514801016
9891	0.0196743700008816
9894	0.018064145938298477
9939	0.05580886463837825
9987	0.3923015365057423
10023	0.029655208482040132
10120	0.030862576296025485
10121	0.045479258531621915
10128	0.014735023446474276
10171	0.026133530491475754
10180	0.04686124237124662
10212	0.04584976160956658
10224	0.024694126475285946
10225	0.05052813355281204
10252	0.06808033401490117
10269	0.07648872343158453
10284	0.04211974413612868
10351	0.07301555536174649
10403	0.02348408010351987
10452	0.028233061701799816
10477	0.022596068516778034
10661	0.03720115163590828
10722	0.025573550685887694
10755	0.06537343722891724
10835	0.037441372192883224
10853	0.02585030964914157
10873	0.03017074106796489
10876	0.02844112189651038
10948	0.013096540273568661
11016	0.022038234985384052
11039	0.04584976160956658
11209	0.024694126475285946
11305	0.01404579746265877
11333	0.07648872343158453
11430	0.04917888410139079
11454	0.06062183561231732
11557	0.04584976160956658
11592	0.009655756521615119
11693	0.03819196673379427
11760	0.08029653795773431
11762	0.04176810381341414
11802	0.03371135471944532
11814	0.03389107269856543
11876	0.015168033249134176
11889	0.10358422981618025
12055	0.03880373609788802
12193	0.015347430663949054
12252	0.04584976160956658
12270	0.03793657326463069
12271	0.11393009562446776
12371	0.028212233186892227
12385	0.04077049468470743
12387	0.023638613934905097
12512	0.03204700335158846
12553	0.1593949170932259
12566	0.02561309714914398
12567	0.03407349330479113
12590	0.026229426182273908
12591	0.02662077436929191
12604	0.05696504781223388
12624	0.022667636522083267
12649	0.05133020777621555
12659	0.02460959134772693
12664	0.04285516576485109
12718	0.056424466373784454
12739	0.014847519539060173
12748	0.018162770397911046
12766	0.009655756521615119
12829	0.01545959106515222
12834	0.01836245789812527
12835	0.05170061929828314
