244
t_index	tf-idf
44	0.02041894462777983
76	0.03740093109368938
91	0.01947046634328204
184	0.026868801677585985
320	0.02461935000557407
542	0.04812204658083776
554	0.0809318466029239
616	0.04045894822193982
639	0.02554409067979502
647	0.08608028717875955
665	0.03795118227102072
706	0.07274662541241525
731	0.17798873228196385
743	0.07131692109043426
790	0.10661939774455767
872	0.028729033248025893
875	0.029664788713660642
957	0.036373312706207625
977	0.02186496579031938
1020	0.01999437382767609
1023	0.019817085066966892
1051	0.031445705523427764
1052	0.036875700155389615
1116	0.020114096047833162
1158	0.052146065465942894
1170	0.030670039057645267
1203	0.08814975245328331
1240	0.033580957853532
1301	0.01219671663512331
1462	0.04413807311141547
1511	0.015230867525560824
1605	0.058254677492690456
1621	0.05425244297683759
1710	0.07721479453426337
1737	0.04983407295313991
1774	0.036130080756888026
1879	0.04977816844622203
1975	0.08022810845262066
2069	0.0176814221389783
2157	0.04121158228013489
2294	0.03998874765535218
2349	0.01975858827942469
2433	0.053151315809927525
2464	0.02035732799715276
2577	0.045929995782647476
2621	0.049596942562586864
2626	0.029803150736948374
2664	0.02708679099109507
2772	0.04683704671274249
2801	0.017977671469657574
2833	0.031286350019608146
2891	0.023735774389677323
2906	0.053151315809927525
2909	0.045059921787998565
2918	0.05998312148302827
3046	0.05425244297683759
3073	0.045143323455400085
3109	0.06816205017499775
3142	0.06015405782047033
3157	0.04045894822193982
3218	0.035891864258420954
3241	0.02535312615254405
3369	0.05773541560172436
3475	0.03795118227102072
3476	0.0273089726627586
3514	0.038829054358215064
3522	0.030821062003687637
3557	0.041560075388849885
3563	0.08022810845262066
3598	0.08555462999804472
3729	0.03245095586741239
3735	0.034985274555502065
3811	0.055469682587010065
3825	0.03795118227102072
3871	0.020480891644064216
3939	0.02564076982855551
3967	0.04624445062231015
3974	0.053151315809927525
4080	0.06015405782047033
4087	0.030974085311756872
4098	0.03520534008266708
4148	0.07332889053865488
4191	0.03713533110087266
4219	0.018333179238066044
4241	0.047461690232482624
4292	0.08236250317315869
4330	0.030670039057645267
4342	0.3659136147831831
4393	0.047461690232482624
4457	0.010454852564031572
4553	0.03662177584912231
4564	0.018699974834297094
4587	0.012629235786862267
4617	0.028122088402360596
4618	0.03740093109368938
4708	0.03739994966859419
4828	0.0287400480394397
4869	0.06015405782047033
4950	0.04624445062231015
5118	0.04683704671274249
5173	0.1363241003499955
5314	0.019245033027674344
5484	0.028352868179196564
5548	0.030383008631811655
5556	0.025072470468124122
5649	0.05683044069940316
5654	0.08162891198069659
5655	0.04413807311141547
5656	0.02800236618220352
5769	0.015191504315905827
5882	0.025072470468124122
5946	0.07634464157060876
5970	0.17330699667050511
5978	0.047858816522269226
6000	0.20858426186377158
6168	0.024098069517255467
6273	0.051221324791721944
6312	0.038236458267782714
6348	0.010745345580912632
6488	0.0574800960788794
6554	0.008873099514056145
6556	0.02214849145136749
6601	0.020859715446334748
6609	0.0671041660686449
6665	0.025836589615746548
6689	0.04624445062231015
6732	0.02952806414921732
6828	0.02435576996046025
6909	0.015074213045964423
6985	0.057071743473811075
7001	0.026619958805578596
7215	0.03729371416322397
7327	0.01563205682414891
7341	0.04882244834487573
7366	0.08553978553853807
7501	0.016090077162728034
7591	0.016926666250591804
7650	0.03355208303432245
7691	0.05837314101070321
7700	0.022005858888402497
7726	0.01375241986378623
7730	0.04683704671274249
7754	0.02073205568491226
7783	0.19451529916179178
7811	0.011576861961402984
7985	0.14238507069744788
8003	0.07324355169824462
8010	0.033173259232051916
8011	0.051221324791721944
8021	0.026238476775455797
8023	0.030670039057645267
8036	0.012692367587987698
8037	0.0638820916680283
8089	0.013632204755819088
8096	0.07284642540845802
8131	0.02435576996046025
8156	0.02952806414921732
8212	0.04223869278363558
8296	0.053151315809927525
8390	0.033361118507071484
8497	0.03713533110087266
8592	0.043666452899744565
8596	0.04118125158657934
8604	0.0394536978779552
8651	0.016972421125672946
8660	0.041560075388849885
8761	0.02131797175731673
8778	0.08509596105504058
8844	0.03434916394712091
8865	0.024708563505701685
8873	0.11741146511928487
8875	0.04956806774337731
8894	0.040814455990348296
8905	0.10295305937901784
8931	0.04045894822193982
8936	0.040814455990348296
8956	0.1578147915118208
9010	0.04118125158657934
9109	0.07522779464827577
9304	0.06226043533136502
9353	0.04235715630164834
9376	0.025258814683033027
9390	0.022587269154958903
9420	0.030821062003687637
9426	0.022662046703117836
9443	0.013856973435791948
9446	0.038236458267782714
9471	0.051221324791721944
9528	0.09764489668975146
9553	0.023199496670433258
9578	0.0432133324371945
9580	0.017730272490227024
9891	0.05152812756806293
9894	0.017203953741478987
9900	0.06226043533136502
9982	0.06816205017499775
9987	0.0574800960788794
9996	0.06226043533136502
9998	0.0070662206914369925
10023	0.028243064281122054
10116	0.02118517614746232
10128	0.014033359928481056
10135	0.024013431110447132
10171	0.04977816844622203
10228	0.017110783148960675
10329	0.05998312148302827
10419	0.048538459098781364
10558	0.019133944759684562
10641	0.04882244834487573
10671	0.05648612856224411
10704	0.055469682587010065
10705	0.04045894822193982
10876	0.05417358198219014
10907	0.055469682587010065
11092	0.0432133324371945
11134	0.02461935000557407
11209	0.023518222838664008
11214	0.05036514865617577
11344	0.038829054358215064
11377	0.043666452899744565
11378	0.04882244834487573
11457	0.0432133324371945
11536	0.026868801677585985
11553	0.03160728984771486
11636	0.04751399917727058
11678	0.04956806774337731
11876	0.007222875171033393
11889	0.14249686739495696
12063	0.03852895720373425
12196	0.018078133762322642
12313	0.07534556213637615
12489	0.01975858827942469
12516	0.018914922259727164
12533	0.20448615052499328
12612	0.019527518759754895
12645	0.05425244297683759
12690	0.06134007811529053
12692	0.04624445062231015
12766	0.055175768321709326
12788	0.036875700155389615
12834	0.05246418136870283
12835	0.3446709000780369
12839	0.02179515838242094
12850	0.028613783494594876
