181
t_index	tf-idf
15	0.028619310618501113
44	0.03196505534294639
91	0.030480249864101666
184	0.042062053072723954
231	0.05080069607623664
320	0.03854062488444632
543	0.059411084350216296
604	0.03644135407688362
647	0.033688826648051735
651	0.0974662646538265
706	0.05694099155734088
790	0.041727119247139136
817	0.1549261586342777
902	0.04084567889405989
1051	0.14768104850828265
1075	0.03196505534294639
1171	0.03998827006729924
1203	0.0689974865743734
1273	0.033902863580363374
1378	0.049736512106320546
1392	0.1140382160863111
1462	0.06909641881382658
1605	0.09119540818510036
1654	0.08312389994821666
1665	0.05854968775717259
1681	0.062272709420363295
1737	0.02600442757040357
1755	0.10150201877226833
1840	0.041236068910719646
1884	0.060785358602031346
1885	0.10690430654335013
1999	0.044991415711553184
2069	0.027679571472342658
2109	0.034785278083612786
2121	0.08657144255842736
2237	0.04601349044312985
2349	0.030931293431837613
2397	0.07429941079751304
2506	0.02600442757040357
2577	0.04793440222162468
2629	0.060315568300617364
2709	0.04999674551252695
2842	0.08320629603467841
2909	0.0176348841720085
2914	0.11882216870043259
3167	0.030058534188020247
3182	0.054430008153114016
3343	0.04709680282275773
3392	0.07642962414418286
3433	0.031393873882768805
3522	0.04824916128798861
3587	0.060315568300617364
3729	0.10160139215247328
3809	0.03177265023369354
3811	0.08683560811155579
3881	0.04091595595763232
3939	0.08027923495031719
3991	0.06506066469538473
4011	0.037592082666954865
4020	0.062272709420363295
4120	0.05476807238280817
4148	0.0382644987621939
4191	0.05813390140659293
4219	0.17219922958006142
4283	0.0753331727086218
4472	0.028379758643589582
4564	0.02927407568737821
4587	0.019770572290839575
4598	0.031487826871698356
4644	0.025055885352912127
4708	0.02927407568737821
5120	0.07759686200942746
5135	0.04421340716954676
5411	0.053772266224762395
5416	0.05897525820844885
5476	0.06986614815692596
5531	0.13618002406984825
5544	0.07246386462402621
5769	0.02378170297498565
5797	0.04732147539765553
5842	0.0341194638901432
5857	0.034785278083612786
5934	0.05805150532013118
5970	0.024664117478235062
6006	0.04999674551252695
6019	0.03456060550871499
6076	0.08493006733978375
6312	0.05985767271169828
6348	0.03364283242197157
6488	0.08998283142310637
6628	0.05985767271169828
6671	0.08412410614544791
6702	0.05694099155734088
6760	0.029108148746527337
6985	0.02978119048942522
7057	0.06279697539457907
7133	0.050777937220948796
7167	0.06986614815692596
7170	0.049736512106320546
7187	0.03347729312908711
7341	0.07642962414418286
7650	0.05252446738134199
7755	0.0505287223841934
7757	0.04060141046947939
7926	0.049736512106320546
8018	0.10052155616107265
8021	0.04107530421043374
8036	0.019869402644399025
8037	0.02857282969062788
8049	0.11237460586685481
8089	0.02134068079470149
8131	0.03812800068261088
8140	0.03983817866900299
8156	0.04622502396209448
8212	0.03306150677850744
8292	0.047779370986574615
8386	0.027376871357190333
8573	0.1067050107559548
8719	0.059221134868756235
8761	0.033372446982147974
8805	0.021637824414445783
8831	0.09138085816689062
8880	0.03968932260486223
8943	0.061763213483470296
9115	0.07759686200942746
9174	0.06567380509756487
9176	0.08683560811155579
9390	0.03535948217431409
9426	0.035476543487172454
9443	0.021692547329709308
9451	0.06630846353880514
9458	0.09419360564551546
9514	0.040757999410398635
9522	0.04328572127921368
9554	0.06506066469538473
9688	0.26689746437467676
9726	0.304506056316805
9821	0.05985767271169828
9840	0.05345215327167507
9891	0.03666602665178141
9894	0.02693211346073665
9987	0.26994849426931905
9998	0.011061890787438591
10228	0.02678625855978692
10252	0.10150201877226833
10351	0.10886001630622803
10452	0.0210465533132333
10532	0.06630846353880514
10671	0.04421340716954676
10695	0.04440479424329813
10729	0.053772266224762395
10824	0.05813390140659293
10861	0.05985767271169828
10867	0.03467259292346276
10876	0.04240330677596427
11016	0.09857143212772002
11168	0.09138085816689062
11315	0.07642962414418286
11344	0.060785358602031346
11533	0.10150201877226833
11544	0.02136666626632063
11557	0.06835811590729916
11669	0.05897525820844885
11714	0.1352975472619473
11746	0.048731480796482526
11889	0.0686379217627198
12052	0.05222551991890497
12196	0.028300607927779227
12270	0.22624088599913533
12327	0.08480661355192853
12514	0.08493006733978375
12537	0.02311737117237764
12604	0.08493006733978375
12649	0.0765289975243878
12670	0.05813390140659293
12690	0.048012740801215203
12698	0.04275112345113419
12742	0.0738875455294688
12748	0.05415830837380017
12829	0.01152447123836978
12834	0.027376871357190333
