443
t_index	tf-idf
3	0.04798577187144227
15	0.013487017094677277
34	0.04278375388018107
39	0.05028535883820171
75	0.039804035015749466
76	0.02759188193577671
102	0.022194643094042697
137	0.04437760271749901
153	0.07100239426875966
159	0.043063762529150715
161	0.03292482991964767
163	0.039211452433764435
189	0.01558042795095362
211	0.030949163794699065
277	0.016608551202656884
278	0.01699984373977677
279	0.05366754893287165
282	0.032562090476093604
316	0.023685684892974426
328	0.05028535883820171
353	0.05028535883820171
355	0.016608551202656884
385	0.029593441013677127
393	0.017290762440671226
410	0.03330369631306173
469	0.03658927581600493
557	0.02092601834573312
601	0.029593441013677127
607	0.018428862579008665
616	0.029847880519044762
748	0.02565045888805966
764	0.01558042795095362
775	0.07891921441024176
841	0.02178381221997745
858	0.017904199088563274
872	0.007064780388513587
874	0.033700190614431046
878	0.05028535883820171
890	0.0266543343553909
901	0.036456620042114085
902	0.07699505789377903
906	0.05028535883820171
962	0.08184357384696408
965	0.03846984659679631
977	0.01613049560464238
984	0.05194424623475311
1023	0.014619707464214803
1044	0.023685684892974426
1063	0.04593154583851901
1090	0.04092178692348204
1100	0.017904199088563274
1105	0.03543097653973435
1123	0.03068334061835717
1155	0.036017906270110575
1207	0.023561258004928
1208	0.04814050088875916
1301	0.008997914104262195
1366	0.04593154583851901
1382	0.040023789717816304
1386	0.043063762529150715
1524	0.03011015014940787
1552	0.06249650057549062
1621	0.040023789717816304
1656	0.043063762529150715
1737	0.04901895281189669
1804	0.03501403080277934
1864	0.0341160335971136
1894	0.02110931767824227
1981	0.04336825163014802
2007	0.04437760271749901
2018	0.02739594019235903
2057	0.018403326041890992
2067	0.04783341851151598
2075	0.026306404803413917
2157	0.015201561557539565
2172	0.03550119713437983
2237	0.02168412581507401
2241	0.025809773628577438
2275	0.043063762529150715
2307	0.04437760271749901
2322	0.029346377614748335
2344	0.0637597584761585
2351	0.0266543343553909
2353	0.07031586448213689
2411	0.06442832184823324
2430	0.05486953965760954
2460	0.04593154583851901
2493	0.21366310772824237
2612	0.03292482991964767
2615	0.03618085992180076
2634	0.021296645888376955
2637	0.028208277476410897
2642	0.09576049759336823
2753	0.05028535883820171
2801	0.013262712295274091
2813	0.015248009031934521
2898	0.022194643094042697
2909	0.008310542048374083
2928	0.023561258004928
2955	0.02168412581507401
3063	0.04593154583851901
3093	0.021391876940090534
3095	0.03846984659679631
3135	0.0341160335971136
3159	0.025340494167042607
3164	0.09900984672957572
3167	0.021247889397414274
3214	0.015628992700345953
3216	0.020398648682711212
3238	0.017290762440671226
3300	0.021391876940090534
3359	0.019060491529342617
3378	0.019982805700028663
3395	0.036017906270110575
3442	0.026306404803413917
3480	0.029106274682076636
3555	0.03715600640844801
3729	0.023940124398342057
3757	0.04192566239081328
3869	0.02262628420999376
3900	0.010673521169214445
3919	0.04192566239081328
3939	0.01891602891060916
3959	0.0266543343553909
3981	0.011684206936914514
3984	0.04783341851151598
4005	0.0682320671942272
4136	0.019586311398659347
4138	0.0420343505247018
4140	0.19234923298398152
4141	0.033700190614431046
4165	0.03778763535878196
4209	0.03783205782121832
4222	0.04525256841998752
4225	0.028424063444062293
4248	0.023685684892974426
4265	0.09186309167703802
4309	0.03550119713437983
4329	0.029593441013677127
4358	0.03783205782121832
4416	0.036017906270110575
4426	0.014490892562008513
4430	0.027669893293308514
4457	0.01542576877993204
4472	0.01337412682894855
4478	0.02759188193577671
4501	0.023080956829122055
4510	0.029593441013677127
4526	0.05028535883820171
4587	0.055901985204157525
4600	0.03330369631306173
4640	0.026088319079181133
4644	0.02361546429832895
4645	0.02504140767399636
4695	0.02331772456689378
4708	0.013795578953299904
4709	0.022194643094042697
4738	0.04593154583851901
4768	0.03656797392379933
4769	0.025809773628577438
4870	0.04437760271749901
4894	0.03330369631306173
4895	0.034416762467854724
4949	0.018587610873673728
4968	0.022850589009396953
4987	0.022516307323359585
4990	0.03859397133604825
5001	0.040023789717816304
5032	0.09186309167703802
5053	0.029847880519044762
5058	0.03846984659679631
5087	0.05374117463221868
5109	0.08877857237617079
5216	0.016078996411957806
5234	0.1974579423348763
5308	0.15684580973505774
5314	0.01419768609020833
5324	0.025494067519362052
5327	0.036017906270110575
5347	0.029847880519044762
5364	0.031558215008762366
5369	0.031939002764247715
5448	0.020746578234688198
5458	0.06311643001752473
5459	0.05028535883820171
5469	0.01740996844619108
5484	0.020916831973550258
5508	0.09958284108857902
5515	0.026974034189354554
5544	0.011383006319968525
5548	0.01120726626995767
5560	0.03778763535878196
5561	0.024895710272144756
5584	0.02461158094665419
5590	0.039211452433764435
5655	0.0976862714282808
5740	0.02475246168239393
5792	0.020570838184677344
5868	0.030380747177070573
5915	0.026306404803413917
5934	0.013678555277956646
6061	0.025340494167042607
6131	0.0341160335971136
6168	0.017777928772271724
6176	0.03550119713437983
6328	0.04192566239081328
6348	0.007927190525951556
6353	0.03826730310658731
6388	0.050629915259849854
6391	0.01655409037545194
6414	0.03846984659679631
6415	0.040023789717816304
6477	0.03778763535878196
6510	0.04783341851151598
6517	0.12825229444029834
6534	0.09186309167703802
6554	0.006545973777576464
6559	0.014750499142683306
6584	0.039211452433764435
6600	0.04092178692348204
6603	0.010978444729347494
6614	0.014663082063974639
6620	0.01849677600971424
6625	0.012589019889011538
6627	0.04593154583851901
6708	0.009745623121196178
6716	0.028424063444062293
6726	0.01644620171385776
6744	0.020570838184677344
6755	0.016234437020382457
6798	0.013044159539590566
6811	0.04192566239081328
6824	0.02230052135570819
6827	0.016886200850050197
6841	0.05227525043932032
6874	0.12919128758745213
6909	0.011120736689605414
6946	0.09566683702303196
6959	0.011745745763522596
6985	0.014034559762283839
7001	0.009819204215248732
7051	0.028208277476410897
7187	0.03155273938874261
7206	0.014238960216670173
7242	0.05028535883820171
7247	0.022090063984953164
7263	0.03778763535878196
7284	0.0341160335971136
7327	0.02306455233559922
7340	0.014794546219828572
7356	0.1865803404877363
7362	0.09664248277234987
7377	0.019207445005245294
7416	0.08331681131334097
7481	0.014156610875971152
7501	0.01187017265156902
7531	0.017530865373342926
7559	0.07693969319359262
7591	0.02497470320098145
7592	0.06442832184823324
7700	0.016234437020382457
7713	0.030660217803096624
7726	0.02029121383434463
7754	0.030589422028617176
7769	0.014034559762283839
7779	0.021884678373025632
7784	0.028424063444062293
7811	0.008540627173843598
7832	0.01297253650921629
7862	0.014533614909395687
7929	0.02240773145431024
7955	0.028424063444062293
8025	0.04593154583851901
8036	0.009363571914719673
8037	0.013465112686246226
8060	0.012353653322373434
8089	0.010056920326519878
8135	0.12577698717243982
8193	0.04092178692348204
8212	0.01558042795095362
8250	0.03187987923807925
8301	0.03778763535878196
8306	0.028645454864370923
8388	0.029589092439657145
8464	0.0387139534868505
8474	0.04593154583851901
8497	0.02739594019235903
8505	0.027833847492808303
8558	0.028424063444062293
8563	0.07842290486752887
8571	0.04783341851151598
8577	0.08385132478162656
8588	0.04783341851151598
8605	0.052612809606827834
8621	0.06189832758939813
8635	0.03501403080277934
8645	0.027512784522947406
8653	0.03685772515801733
8663	0.0341160335971136
8719	0.013954152652174109
8722	0.02083582607067125
8725	0.05374117463221868
8776	0.0341160335971136
8777	0.013044159539590566
8877	0.06404819553593527
8943	0.05821254936415327
9000	0.03619436593219467
9026	0.016078996411957806
9067	0.023685684892974426
9089	0.05028535883820171
9172	0.04437760271749901
9178	0.02110931767824227
9260	0.013874497021374334
9278	0.029106274682076636
9299	0.03501403080277934
9322	0.0341160335971136
9329	0.018097182966097334
9330	0.026478594305380042
9389	0.02407025044437958
9421	0.019982805700028663
9435	0.03124825028774531
9443	0.07155917638757774
9460	0.04593154583851901
9492	0.033700190614431046
9514	0.019207445005245294
9541	0.02110931767824227
9553	0.017115022390660373
9587	0.029346377614748335
9603	0.03846984659679631
9628	0.0341160335971136
9652	0.028812169984117494
9692	0.02447299105636787
9719	0.04593154583851901
9785	0.02407025044437958
9820	0.014576552483622383
9826	0.012386881787299759
9891	0.04146978952820364
9892	0.09877448975894303
9922	0.04092178692348204
9986	0.02976665842980816
9997	0.02022986909895745
9998	0.005212980568902712
10066	0.03550119713437983
10081	0.04192566239081328
10099	0.03458152488134245
10121	0.01597692225232293
10131	0.02976665842980816
10177	0.03846984659679631
10178	0.01740996844619108
10217	0.026088319079181133
10228	0.012623180617940837
10263	0.043063762529150715
10357	0.020570838184677344
10367	0.04503261464671917
10412	0.03846984659679631
10419	0.017904199088563274
10474	0.028208277476410897
10558	0.014115732665916677
10577	0.031558215008762366
10665	0.019060491529342617
10806	0.05374117463221868
10838	0.04783341851151598
10841	0.043063762529150715
10867	0.016339661695877004
10873	0.03179706089552979
10890	0.01699984373977677
10948	0.018403326041890992
10958	0.04437760271749901
10974	0.07143586562779794
10976	0.015532138357425082
11032	0.02158559187997939
11057	0.023080956829122055
11086	0.028208277476410897
11132	0.02083582607067125
11175	0.03561051795470706
11187	0.03656797392379933
11197	0.05869275522949667
11242	0.028208277476410897
11260	0.05028535883820171
11305	0.009868613573668606
11306	0.018228310021057043
11316	0.016499975333607537
11350	0.023685684892974426
11353	0.03778763535878196
11374	0.04616191365824411
11498	0.05028535883820171
11507	0.036017906270110575
11516	0.01337412682894855
11536	0.03964397580298961
11537	0.01655409037545194
11544	0.04027666452648092
11592	0.02035247841069451
11638	0.03778763535878196
11652	0.0266543343553909
11660	0.013795578953299904
11686	0.028645454864370923
11699	0.020398648682711212
11713	0.027017073798944972
11716	0.026478594305380042
11728	0.04192566239081328
11744	0.025340494167042607
11761	0.04192566239081328
11823	0.031558215008762366
11857	0.030496018063869042
11876	0.021314198671340868
11889	0.07277854739822395
11950	0.04593154583851901
11982	0.025340494167042607
12020	0.18372618335407603
12055	0.05452721040335783
12082	0.03124825028774531
12188	0.010810771968588356
12193	0.010783144422653204
12262	0.0176535018842253
12313	0.02779243449372834
12337	0.30408593000451123
12338	0.18911951659261483
12354	0.029346377614748335
12387	0.09965130721594129
12409	0.04593154583851901
12476	0.02343862149404563
12488	0.02276601263993705
12489	0.04372965745086715
12507	0.04437760271749901
12534	0.04922316189330838
12557	0.03455321098507363
12571	0.03715600640844801
12581	0.03786954185382251
12584	0.016392765235005487
12612	0.014406084992058747
12624	0.01592633996464254
12638	0.018162494323676878
12694	0.03550119713437983
12725	0.039211452433764435
12739	0.010431905575174302
12742	0.03481993689238216
12748	0.025522418781955325
12760	0.036017906270110575
12766	0.006784159470231504
12768	0.02031384111276145
12795	0.02447299105636787
12829	0.016292922915326698
12857	0.033700190614431046
