474
t_index	tf-idf
3	0.04518545356390694
34	0.02014350555224736
75	0.01874059023869376
76	0.02598169522603469
137	0.041787847286091646
153	0.03342944443774375
159	0.040550679215104815
161	0.031003426962048334
166	0.025440431318796728
189	0.02934239363991928
191	0.021517091177739447
277	0.01563932161270593
278	0.016007779388342053
279	0.02526782883363557
282	0.03066185599958843
311	0.05060498677232062
316	0.022303453151240528
355	0.03127864322541186
385	0.02786644879449213
393	0.01628172087010785
469	0.01722701291281096
557	0.01970483319038396
591	0.05060498677232062
601	0.02786644879449213
618	0.023861692285349987
645	0.022665576509636208
743	0.07431370506215042
748	0.024153568313633713
764	0.01467119681995964
775	0.024771235020716802
841	0.02051256856194184
858	0.05057807710268505
872	0.026609996566449846
890	0.025098860356336822
901	0.017164555739805725
902	0.04531364815843682
906	0.04735084292934326
965	0.03622485164284004
977	0.015189164030935206
979	0.03253678016543692
1023	0.013766541351298402
1044	0.022303453151240528
1063	0.08650221307954065
1090	0.03853370344311429
1123	0.028892744841339704
1129	0.07244970328568008
1155	0.03391599984256579
1207	0.022186287475819366
1208	0.022665576509636208
1218	0.03342944443774375
1260	0.034433967053541355
1301	0.008472820464770459
1343	0.03136018374971447
1366	0.04325110653977032
1382	0.03768811089651872
1386	0.040550679215104815
1488	0.015588038970315313
1524	0.028353004199314177
1552	0.029424687928601593
1594	0.03853370344311429
1632	0.03173353972887585
1656	0.040550679215104815
1737	0.034618755669398975
1879	0.03457991990199886
1894	0.019877435675545115
1930	0.05060498677232062
1981	0.04083739916556616
1999	0.03993029836994141
2007	0.041787847286091646
2012	0.025616827567312386
2057	0.017329358304689305
2075	0.024771235020716802
2098	0.022916400242646875
2194	0.039478995485817396
2241	0.02430358588194537
2264	0.02051256856194184
2275	0.040550679215104815
2277	0.016226179428876518
2307	0.041787847286091646
2322	0.055267606678605814
2344	0.060038913484373006
2349	0.013725904777256532
2353	0.044141615392102596
2373	0.05234108817124847
2411	0.06066846132793682
2429	0.02676531289920915
2430	0.09041813113061335
2493	0.2459041610242207
2567	0.04504199112906901
2612	0.031003426962048334
2615	0.034069443965153684
2628	0.03622485164284004
2640	0.01815664503595634
2642	0.18034435410788402
2645	0.021305876192498664
2657	0.031003426962048334
2696	0.025098860356336822
2753	0.04735084292934326
2788	0.02526782883363557
2801	0.0124887367062697
2813	0.014358176959211273
2833	0.021734015362030876
2894	0.02579718810646286
2909	0.03912780780350263
2924	0.040550679215104815
2952	0.03253678016543692
2955	0.02041869958278308
2964	0.04922460990302955
2971	0.03173353972887585
2996	0.024006303517164176
3016	0.01866523094109809
3017	0.036923179392966084
3063	0.04325110653977032
3093	0.02014350555224736
3123	0.03253678016543692
3135	0.032125115253267104
3164	0.04661595153407627
3167	0.013338613818974871
3195	0.022543044263485502
3214	0.014716927463501001
3216	0.038416478754930386
3238	0.01628172087010785
3285	0.0214107888789337
3359	0.035896346825960365
3395	0.03391599984256579
3442	0.024771235020716802
3522	0.0214107888789337
3543	0.03853370344311429
3555	0.0349876835718532
3619	0.02598169522603469
3729	0.022543044263485502
3757	0.039478995485817396
3809	0.01409926075641791
3839	0.04121509688474525
3840	0.08649928158241735
3871	0.014227674795596265
3900	0.01005064368761234
3939	0.01781214123727633
3944	0.0634670794577517
3959	0.025098860356336822
4011	0.016681660862402668
4024	0.04325110653977032
4029	0.025616827567312386
4039	0.041787847286091646
4062	0.024153568313633713
4098	0.024456461098934897
4136	0.018443307873912563
4138	0.01979067043884787
4140	0.07244970328568008
4165	0.03558245238543812
4232	0.04735084292934326
4248	0.022303453151240528
4260	0.014184641415137596
4265	0.08650221307954065
4298	0.01310223529784648
4309	0.03342944443774375
4344	0.036741353105253956
4358	0.01781214123727633
4416	0.03391599984256579
4426	0.013645243734213584
4429	0.02279000855606257
4431	0.02579718810646286
4454	0.028106039906737115
4457	0.021788344702276273
4501	0.021734015362030876
4526	0.04735084292934326
4587	0.0526396983535018
4682	0.017744980123786523
4684	0.07909183186616371
4695	0.021956965982668542
4717	0.020607548442372624
4765	0.08057402220898945
4768	0.034433967053541355
4769	0.02430358588194537
4859	0.0249774734125394
4870	0.041787847286091646
4894	0.03136018374971447
4895	0.021605529606812085
4901	0.05060498677232062
4902	0.03622485164284004
4903	0.03253678016543692
4936	0.032125115253267104
4949	0.026254333167125693
4985	0.016799688081083418
4987	0.021202317255957538
4990	0.036341732802043364
5001	0.03768811089651872
5041	0.019370380371385793
5042	0.02860780992507684
5058	0.03622485164284004
5091	0.013931176995674872
5109	0.041798848941312715
5198	0.031003426962048334
5216	0.015140670190180455
5234	0.18593483727010843
5246	0.041787847286091646
5308	0.036923179392966084
5324	0.024006303517164176
5342	0.028870971410289742
5347	0.028106039906737115
5364	0.029716563956885326
5447	0.02860780992507684
5458	0.05943312791377065
5484	0.01969618290973824
5508	0.046885729522335884
5515	0.012699951691510477
5544	0.021437450453712488
5560	0.03558245238543812
5561	0.023442864761167942
5584	0.023175316445440238
5590	0.036923179392966084
5652	0.026170544085624234
5655	0.03066185599958843
5718	0.036923179392966084
5734	0.03558245238543812
5740	0.023307975767038136
5771	0.03391599984256579
5792	0.019370380371385793
5806	0.05481542431322215
5868	0.02860780992507684
5870	0.040550679215104815
5915	0.024771235020716802
5925	0.01866523094109809
5934	0.025760624461321907
5968	0.027633803339302907
5972	0.03342944443774375
6046	0.02786644879449213
6061	0.023861692285349987
6102	0.02371964067920795
6131	0.032125115253267104
6155	0.037786930911366576
6174	0.028353004199314177
6176	0.03342944443774375
6227	0.023175316445440238
6328	0.039478995485817396
6348	0.007464581383878885
6353	0.018017064018175204
6388	0.011918822995322011
6391	0.031176077940630625
6517	0.07246070494090115
6554	0.0061639686644962095
6556	0.015386123761580921
6559	0.013889700385393278
6584	0.036923179392966084
6600	0.03853370344311429
6603	0.0413510909734536
6614	0.02761476945626836
6620	0.017417354788166507
6627	0.04325110653977032
6699	0.04735084292934326
6708	0.009176895229984182
6716	0.02676531289920915
6726	0.04645933918714921
6798	0.024565876182441326
6811	0.039478995485817396
6824	0.020999123966763882
6841	0.024612304951514775
6874	0.12165203764531447
6946	0.04504199112906901
6958	0.02737094584467987
6985	0.01321554126768062
7001	0.009246182332782082
7051	0.02656211961001549
7057	0.05573289758898426
7136	0.02860780992507684
7177	0.022186287475819366
7187	0.014855703939531475
7247	0.041601896624272584
7263	0.03558245238543812
7278	0.027407712156611076
7280	0.03622485164284004
7284	0.032125115253267104
7327	0.02171856818985031
7340	0.04179353098702462
7356	0.10039544142534729
7362	0.09100269199190525
7377	0.05425965325873929
7416	0.015690934049274935
7501	0.011177461864737306
7559	0.03622485164284004
7591	0.011758623939442187
7592	0.03033423066396841
7617	0.04325110653977032
7646	0.039478995485817396
7651	0.03496363727714725
7713	0.028870971410289742
7726	0.06687475946478605
7754	0.028804307083438188
7769	0.01321554126768062
7811	0.016084439095998757
7826	0.023442864761167942
7832	0.012215494784864072
7841	0.05060498677232062
7862	0.013685472922339934
7980	0.04735084292934326
8025	0.04325110653977032
8036	0.008817139486228968
8037	0.006339662782201132
8089	0.01420503897365622
8103	0.033180888567948444
8110	0.02860780992507684
8135	0.039478995485817396
8212	0.01467119681995964
8250	0.030019456742186503
8285	0.06272036749942894
8292	0.021202317255957538
8301	0.03558245238543812
8306	0.026973784522185306
8388	0.08358706197404923
8397	0.026170544085624234
8414	0.0164506893474066
8438	0.03558245238543812
8464	0.018227356561460253
8474	0.04325110653977032
8505	0.03931431050314027
8558	0.02676531289920915
8563	0.036923179392966084
8571	0.04504199112906901
8577	0.1184369864574522
8621	0.02914305530467843
8635	0.03297070779986268
8663	0.032125115253267104
8670	0.03342944443774375
8692	0.0349876835718532
8719	0.013139826496439575
8724	0.02504711088598964
8748	0.04325110653977032
8776	0.032125115253267104
8778	0.01970483319038396
8805	0.00960188484048256
8877	0.08224161565473327
8922	0.046885729522335884
8933	0.019208239377465193
8965	0.018893465455683288
8993	0.02860780992507684
9000	0.03408216180174746
9026	0.015140670190180455
9130	0.050880862637593456
9178	0.019877435675545115
9238	0.04325110653977032
9260	0.013064819350232787
9278	0.027407712156611076
9322	0.032125115253267104
9330	0.024933376014637396
9372	0.04986675202927479
9389	0.022665576509636208
9421	0.037633327706147884
9435	0.029424687928601593
9443	0.01925233677536719
9446	0.02656211961001549
9460	0.04325110653977032
9475	0.04735084292934326
9514	0.01808655108624643
9534	0.04716011932285363
9587	0.027633803339302907
9603	0.03622485164284004
9606	0.02676531289920915
9628	0.032125115253267104
9652	0.027130770603849087
9682	0.0349876835718532
9740	0.039478995485817396
9785	0.022665576509636208
9820	0.013725904777256532
9826	0.01166401726955935
9891	0.0390497261157283
9892	0.15501713481024168
9976	0.028870971410289742
9986	0.028029557716320413
9998	0.004908765291027565
10066	0.03342944443774375
10081	0.039478995485817396
10121	0.015044552799121017
10126	0.04325110653977032
10128	0.009748700633834305
10131	0.014014778858160206
10177	0.03622485164284004
10178	0.016393970339416936
10228	0.023773052694406195
10245	0.03297070779986268
10255	0.028870971410289742
10263	0.040550679215104815
10273	0.02656211961001549
10329	0.013889700385393278
10351	0.024153568313633713
10357	0.019370380371385793
10419	0.03371871806845669
10452	0.009339505549727373
10474	0.02656211961001549
10577	0.029716563956885326
10620	0.027633803339302907
10665	0.017948173412980183
10771	0.04261175238499733
10773	0.014270940163054038
10840	0.029716563956885326
10841	0.040550679215104815
10867	0.015386123761580921
10873	0.03493171669333649
10948	0.008664679152344652
10974	0.04484470935495991
10976	0.04387717582481693
11016	0.0291610198179915
11032	0.020325915818449457
11057	0.021734015362030876
11086	0.02656211961001549
11116	0.021956965982668542
11132	0.01961990428963501
11153	0.027130770603849087
11175	0.02235492372947461
11187	0.034433967053541355
11197	0.055267606678605814
11235	0.03136018374971447
11242	0.02656211961001549
11279	0.062110997500296215
11305	0.009292708296279864
11313	0.03853370344311429
11316	0.03107416386839604
11353	0.03558245238543812
11374	0.04346803072406175
11404	0.018516602504114348
11439	0.03391599984256579
11480	0.04735084292934326
11516	0.01259364939270473
11536	0.03733046188219618
11537	0.031176077940630625
11544	0.00948155715586941
11623	0.009948728588249401
11636	0.011002348600194806
11638	0.03558245238543812
11652	0.025098860356336822
11660	0.012990506724609425
11663	0.014270940163054038
11711	0.04346803072406175
11728	0.039478995485817396
11823	0.029716563956885326
11876	0.02508795046831694
11889	0.07614598952190543
11950	0.04325110653977032
11982	0.023861692285349987
12020	0.08650221307954065
12026	0.03768811089651872
12055	0.04278762637272157
12155	0.05060498677232062
12183	0.01979067043884787
12193	0.010153869628023424
12287	0.03391599984256579
12335	0.04504199112906901
12337	0.4772338457069997
12338	0.10176172527518691
12339	0.023044814281825234
12379	0.04504199112906901
12387	0.14075389451435336
12409	0.04325110653977032
12410	0.04735084292934326
12486	0.03768811089651872
12488	0.010718725226856244
12489	0.0411777143317696
12534	0.023175316445440238
12537	0.010258440569638334
12557	0.03253678016543692
12571	0.0349876835718532
12581	0.035659579041609296
12584	0.015436128323512271
12612	0.013565385301924544
12638	0.017102580866384602
12685	0.0535306257984183
12694	0.03342944443774375
12742	0.016393970339416936
12748	0.03604950041650648
12766	0.025553017968204795
12768	0.019128380945176156
12795	0.023044814281825234
12829	0.02557018754722952
12855	0.06097774745534837
12857	0.03173353972887585
