22
t_index	tf-idf
807	0.21211124357025168
977	0.1436866251442375
2872	0.19960275175187947
3028	0.29666141979389715
4735	0.2167848213775447
6086	0.21441207620019456
7832	0.11555627528476191
8546	0.4335696427550894
8877	0.051866010864810505
8895	0.27835199460432924
8965	0.17872861752479327
9124	0.21558917987583995
9307	0.15402200664905544
9525	0.19404502734333404
9580	0.11651529855749318
9820	0.1298444687593335
10006	0.2109864575718223
11146	0.29005537107022683
11623	0.09411309486224145
11833	0.1436866251442375
11943	0.27835199460432924
12638	0.161787187296305
