87
t_index	tf-idf
536	0.16475488761992174
596	0.05792190676727997
738	0.0443308550024081
807	0.14913235137338493
977	0.050511995281309
1020	0.04619059211533075
1044	0.07417076529280149
1119	0.08900880628546151
1155	0.11278861828863136
1157	0.04578102325845483
1183	0.09601123331562128
1243	0.0978526332835976
1497	0.052009007072078915
1596	0.14756225503996384
1644	0.3365766342174105
1860	0.08767404249233428
2294	0.04619059211533075
2349	0.045645885180278116
2464	0.04702908138953095
2506	0.0383752175664185
2615	0.03776630035508075
2729	0.12123118122209509
2813	0.04774852423311573
2814	0.091896995847608
3028	0.10428917946770168
3167	0.02217896906344022
3285	0.07120218496680582
3293	0.06853098613988581
3900	0.0668474006191287
3981	0.0365886219573691
4454	0.09346743193068119
4708	0.043200298122982546
4733	0.5048649513261156
4735	0.15241827641911326
4783	0.07191395283882958
5474	0.05547533577555287
5538	0.07339709624091671
5584	0.0770701713768275
5913	0.06109220530180911
6086	0.22612505033940325
6315	0.07578881907524876
6620	0.05792190676727997
6760	0.042955436649372195
6909	0.03482413764325763
7501	0.07434193215883779
7531	0.054897196634225404
7754	0.04789476960406564
7821	0.030213865491094814
7946	0.06885062724678005
8041	0.0753750167798011
8112	0.04688749106584486
8546	0.3048365528382265
8651	0.03920933899617404
8729	0.08640286351408034
8877	0.054699364539331254
9000	0.056670597295560336
9307	0.05414532400120779
9406	0.12046677035830218
9426	0.05235339524928531
9525	0.0682151278568119
9580	0.04096011166681951
9652	0.04511207311767783
9820	0.045645885180278116
9823	0.09428871868194005
9891	0.010821747537020476
10128	0.03241958013042891
10133	0.06581443519768714
10375	0.04674664792412492
10473	0.08346697114491956
10665	0.05968715914174974
10916	0.11278861828863136
10966	0.09983055382248199
11123	0.10553078535326843
11305	0.03090316469400645
11418	0.07016890573152677
11577	0.06308862824241857
11581	0.10310277466369369
11623	0.03308477875946255
11635	0.09983055382248199
11658	0.06257534870389624
11693	0.08402888060291355
11795	0.06853098613988581
12052	0.0770701713768275
12159	0.13896666996499346
12323	0.06610297545031109
12332	0.0951360823413989
12829	0.03401375322821684
