373
t_index	tf-idf
16	0.040321745160746346
176	0.022632444734680745
178	0.02498519401404802
231	0.02213965351186104
348	0.08844684370728588
385	0.02736779973924795
402	0.02835434718149428
469	0.01691874852731271
569	0.02386869156769485
578	0.025335566908436847
596	0.01710568437856309
607	0.03408575706024399
659	0.037013710615697804
758	0.03041865626698266
807	0.04404224714969426
813	0.033817797219122
847	0.04269020314316947
854	0.01996219890587874
890	0.02464973520599234
902	0.017801117858978227
908	0.02401883119813425
920	0.02809589477230846
939	0.029482281235761965
977	0.059669461648430164
1012	0.021675867261147827
1020	0.0136411546870921
1044	0.043808699403240475
1089	0.04247716065332552
1116	0.01372283513073691
1154	0.027603103549488757
1157	0.02704039898179477
1171	0.017427447106238846
1173	0.052572735678372326
1183	0.08506304154448283
1207	0.021789280617472213
1240	0.02291059697936999
1241	0.02889815536090132
1301	0.00832120574158957
1488	0.015309102785694848
1587	0.024171886342672148
1774	0.02464973520599234
1807	0.058369616976192334
1824	0.037013710615697804
1860	0.02589218108948361
1867	0.044764397129880854
1905	0.02123786056661369
1912	0.030448644051675734
2069	0.03618943257203441
2076	0.015359467763930728
2085	0.026286367839186163
2087	0.01593582420270105
2277	0.01593582420270105
2349	0.013480290077657515
2422	0.055206207098977514
2461	0.029791422515944303
2464	0.013888780044746613
2506	0.011333093060753033
2576	0.02498519401404802
2661	0.02589218108948361
2662	0.03079901694606456
2664	0.018479953864572025
2716	0.07023968945477055
2729	0.10740715069123025
2731	0.0255167724124516
2778	0.018405241530067132
2801	0.01226526019493878
2813	0.042303744679305456
2833	0.021345101571584736
2868	0.029184808488096167
2872	0.04144501524976332
2888	0.03877254867782358
2909	0.015371058093540755
2910	0.03877254867782358
2917	0.02250632856774971
2938	0.046503535356503214
2969	0.03283124977687567
2992	0.018405241530067132
3000	0.017297161623010957
3016	0.018331230730187373
3028	0.03079901694606456
3146	0.02835434718149428
3193	0.012941791492439417
3203	0.0202387919266978
3214	0.014453579161394333
3238	0.01599037177178882
3241	0.017297161623010957
3294	0.02769393026709239
3305	0.019186285168364625
3359	0.017627004404982643
3382	0.04247716065332552
3390	0.019023762043979067
3474	0.02102765898228813
3481	0.03557663528124778
3514	0.026491109019915842
3688	0.02835434718149428
3808	0.014144437881211992
3809	0.013846965133546194
3818	0.02889815536090132
3839	0.0202387919266978
3869	0.0209246236291423
3900	0.06909556506648763
3920	0.04104008531887549
3939	0.017493406422325695
3981	0.02161093976287654
4011	0.0163831551399733
4020	0.02713931729877555
4155	0.02464973520599234
4182	0.02145382180941654
4212	0.026917271847044257
4260	0.013930817969861215
4276	0.01769466226482683
4288	0.021789280617472213
4355	0.03557663528124778
4378	0.04104008531887549
4429	0.022382198564940427
4457	0.035664097882197134
4466	0.03079901694606456
4472	0.012368295548084607
4501	0.021345101571584736
4555	0.03283124977687567
4587	0.00861629178453602
4598	0.01372283513073691
4618	0.0255167724124516
4620	0.022129734884572084
4635	0.033309098640195864
4659	0.026701310604241406
4663	0.026491109019915842
4673	0.04357856123494443
4708	0.02551610283551697
4721	0.03877254867782358
4734	0.02123786056661369
4735	0.5851645427614924
4828	0.01960788791883971
4920	0.029457127512145267
4949	0.0257845317034946
4990	0.026768568705285604
5073	0.03195455905754356
5093	0.022632444734680745
5107	0.03079901694606456
5216	0.029739478664016956
5362	0.029930562028456353
5369	0.009845652748067129
5418	0.026491109019915842
5442	0.04104008531887549
5487	0.029482281235761965
5538	0.021675867261147827
5544	0.04210768693664442
5548	0.010364398609775546
5584	0.022760611660638672
5640	0.04104008531887549
5673	0.02515843378491848
5674	0.03877254867782358
5690	0.01710568437856309
5693	0.02835434718149428
5725	0.016268919919065983
5743	0.04247716065332552
5885	0.0195217439764203
5891	0.029184808488096167
5906	0.03557663528124778
5913	0.01804194717003789
5915	0.024327972478316588
5934	0.01264982877105563
5946	0.017362035176677823
5949	0.03877254867782358
5970	0.010748967185892393
5989	0.027603103549488757
5992	0.03238072188467197
6019	0.03012399003252986
6086	0.08903997254403388
6087	0.05340262120848281
6184	0.044235998715451294
6227	0.045521223321277345
6388	0.01170554465942531
6554	0.018161007301612974
6559	0.0136411546870921
6570	0.028621562340082264
6580	0.01655767353721941
6582	0.05140448392865104
6594	0.044235998715451294
6603	0.030458358322946296
6606	0.033309098640195864
6614	0.013560312006351351
6620	0.01710568437856309
6626	0.031165692001953238
6634	0.026701310604241406
6708	0.00901268162062715
6713	0.02736779973924795
6726	0.01520932813349133
6732	0.020145511639494455
6760	0.012685738137381213
6771	0.030448644051675734
6799	0.02213965351186104
6804	0.029184808488096167
6909	0.020568753362163423
6919	0.044235998715451294
6952	0.02448721208160678
7000	0.02889815536090132
7022	0.031165692001953238
7042	0.02889815536090132
7067	0.13323639456078346
7107	0.02736779973924795
7133	0.03319460232685812
7170	0.021675867261147827
7177	0.021789280617472213
7187	0.029179744674392334
7340	0.027363778209515226
7366	0.029179744674392334
7367	0.026917271847044257
7427	0.044235998715451294
7454	0.02835434718149428
7481	0.02618386224575763
7483	0.01769466226482683
7498	0.2827246616075807
7501	0.010977449626364802
7700	0.015013489679957089
7711	0.06872321079705808
7778	0.022382198564940427
7811	0.015796620206031776
7818	0.02713931729877555
7832	0.023993815462705462
7926	0.021675867261147827
7946	0.020333189369636195
7986	0.046503535356503214
8003	0.02498519401404802
8006	0.033817797219122
8010	0.022632444734680745
8021	0.01790119178187171
8036	0.008659363434203522
8037	0.012452438609395919
8060	0.011424569046180062
8068	0.04104008531887549
8080	0.04247716065332552
8103	0.01086238054221678
8112	0.05538786053418478
8140	0.017362035176677823
8297	0.029184808488096167
8335	0.08937426754783291
8342	0.053834543694088514
8371	0.022760611660638672
8464	0.01790119178187171
8505	0.006435135101422386
8546	0.2700759428129965
8549	0.07251565902801643
8598	0.022632444734680745
8651	0.03473828547748284
8653	0.017042878530121996
8665	0.01667620347423332
8724	0.012299455876666806
8772	0.04104008531887549
8775	0.01790119178187171
8778	0.038704460164748655
8805	0.028290199089047938
8874	0.04526488946936149
8877	0.09692395686597036
8879	0.01257849713241017
8905	0.035119844727385274
8933	0.01886452244068887
8935	0.04104008531887549
8938	0.037572186029466284
8951	0.033817797219122
8967	0.024815680120002046
9006	0.024815680120002046
9124	0.022382198564940427
9156	0.0640353047147542
9158	0.03877254867782358
9212	0.024815680120002046
9280	0.018786093014733142
9286	0.033817797219122
9307	0.01599037177178882
9381	0.035663491171424644
9422	0.02570224196432552
9443	0.009453915374479826
9458	0.020525445053892647
9495	0.007898310103015888
9507	0.02835434718149428
9525	0.20145511639494454
9539	0.014408666833181408
9580	0.02419294465212983
9627	0.03238072188467197
9652	0.02664528595421085
9735	0.022890897143866565
9820	0.04044087023297254
9823	0.027845648602568145
9831	0.027603103549488757
9891	0.05113461434521287
9899	0.07115327056249555
9966	0.09300707071300643
9986	0.013763994975053474
10006	0.0657130491048607
10116	0.05781431664557733
10133	0.01943653133810494
10137	0.01655767353721941
10185	0.02202112357484713
10351	0.023721358450468452
10419	0.01655767353721941
10452	0.0275171464545264
10473	0.02464973520599234
10491	0.0378441719222997
10508	0.039825055436156755
10583	0.037013710615697804
10584	0.046503535356503214
10665	0.017627004404982643
10715	0.062331384003906476
10722	0.033233431405987175
10727	0.01797125528564589
10772	0.03011318524362006
10775	0.028621562340082264
10776	0.030448644051675734
10803	0.03155026057807009
10805	0.03011318524362006
10873	0.014702845716443485
10876	0.0739198154582881
10880	0.034594323246021914
10890	0.015721332265946904
10920	0.0655326205598932
11046	0.019104604724719816
11057	0.021345101571584736
11116	0.021564062659247932
11147	0.055206207098977514
11153	0.013322642977105425
11175	0.010977449626364802
11184	0.018405241530067132
11239	0.033817797219122
11249	0.03238072188467197
11299	0.03557663528124778
11305	0.018252844599136897
11437	0.016980569175793093
11516	0.012368295548084607
11519	0.016100612621620214
11567	0.01264982877105563
11577	0.01863153723386983
11592	0.006273941502598795
11635	0.08844684370728588
11636	0.0324164096443148
11637	0.033309098640195864
11660	0.012758051417758485
11663	0.028031144933720394
11678	0.033817797219122
11711	0.021345101571584736
11715	0.030448644051675734
11736	0.07495558204214404
11742	0.03436160539852904
11786	0.03436160539852904
11795	0.0404775838533956
11831	0.18131233491846138
11833	0.014917365412107541
11914	0.04247716065332552
11966	0.037013710615697804
12055	0.008404394822765214
12127	0.033309098640195864
12228	0.026491109019915842
12262	0.0163258305798445
12323	0.1171304638585218
12328	0.033817797219122
12329	0.016156316685798526
12332	0.02809589477230846
12406	0.0255167724124516
12488	0.02105384346832221
12516	0.012904699225044412
12534	0.022760611660638672
12564	0.02863920539199717
12566	0.01664241148317914
12567	0.02213965351186104
12624	0.014728563756072633
12638	0.016796543098380756
12679	0.03283124977687567
12698	0.01863153723386983
12719	0.014498748868251025
12739	0.01929470131899609
12766	0.06273941502598794
12788	0.02515843378491848
12829	0.03013515402332454
12839	0.014869739332008478
