269
t_index	tf-idf
3	0.015609391454926997
15	0.035097758552951205
126	0.0699263135188727
190	0.020272759148130506
213	0.0654297155131598
222	0.030340284330774764
278	0.022119657995097294
301	0.0699263135188727
379	0.0699263135188727
469	0.071413209414795
494	0.0654297155131598
523	0.0699263135188727
576	0.05455234339200346
721	0.03131944715704819
804	0.04495954323591352
807	0.030983361581796234
901	0.047436198787046156
902	0.01252294119576325
953	0.046865358328568855
977	0.020988489748953114
983	0.015776161142417613
1004	0.052077686935104346
1020	0.01919288208100994
1023	0.019022700093421507
1040	0.034229060351335994
1083	0.04495954323591352
1156	0.039530465543040516
1157	0.019022700093421507
1241	0.040659233101821624
1358	0.06006441930583172
1446	0.029156230127903228
1451	0.0699263135188727
1475	0.024896101107443197
1488	0.02153965784215714
1759	0.04758108892939146
1786	0.04027007123431244
1867	0.03149138820169961
1882	0.06223932845543808
1996	0.026542075287901378
2018	0.03564672927499974
2087	0.022421444650544083
2233	0.02234522458948124
2277	0.022421444650544083
2294	0.01919288208100994
2344	0.04148108867738192
2430	0.017848626583768352
2464	0.019541286919071643
2482	0.0654297155131598
2485	0.059764671998538965
2493	0.03089018504106694
2565	0.03277596016676602
2609	0.03787216231714308
2666	0.05774273044972519
2679	0.04619303277427194
2691	0.05324613244401231
2707	0.0337941036139473
2793	0.04148108867738192
2813	0.019840226184159915
2907	0.07574432463428615
2918	0.05757864624302982
3000	0.0243368241898728
3164	0.03220711880252223
3167	0.009215693465243372
3184	0.04834621816525624
3203	0.02847565003267412
3252	0.0745451163449578
3292	0.05603320322869086
3294	0.038964908042496686
3319	0.04384962015954336
3326	0.12447865691087616
3327	0.0699263135188727
3525	0.06223932845543808
3741	0.03616263509610874
3800	0.04619303277427194
3854	0.04619303277427194
3871	0.019659897410458392
3900	0.013888047530344812
3901	0.028878966305717298
3926	0.2797052540754908
3959	0.034681775259421344
3981	0.03040623965075178
4103	0.18671798536631426
4130	0.02763482101325499
4136	0.025485087754666003
4169	0.040659233101821624
4280	0.034915257045940874
4329	0.038506047710837314
4332	0.05455234339200346
4344	0.02538472530291088
4419	0.29143901076987133
4426	0.018855090224466763
4451	0.0699263135188727
4476	0.13667744214173308
4532	0.1795084123133529
4555	0.04619303277427194
4560	0.06223932845543808
4587	0.01212298196080547
4604	0.052077686935104346
4620	0.015568087961259861
4627	0.04834621816525624
4708	0.01795037018942406
4735	0.06333207418079169
4820	0.0699263135188727
4868	0.05603320322869086
4878	0.024706524264910757
4888	0.042368760322855956
4889	0.06298277640339922
4936	0.08878140374333947
4987	0.029297505608234412
5049	0.1398526270377454
5178	0.038506047710837314
5216	0.020921480631302173
5217	0.0699263135188727
5279	0.06223932845543808
5314	0.018473579254280968
5332	0.028214697399235964
5342	0.03989410386595684
5451	0.0654297155131598
5458	0.0410625493748648
5510	0.0699263135188727
5594	0.02442810022143063
5630	0.05455234339200346
5652	0.03616263509610874
5882	0.02406741883100226
5885	0.027466775265706747
5943	0.0699263135188727
6173	0.024706524264910757
6187	0.03564672927499974
6205	0.0410625493748648
6218	0.04191604541477061
6421	0.034681775259421344
6439	0.0699263135188727
6554	0.00851741365516621
6556	0.02126065003895952
6563	0.04495954323591352
6566	0.0654297155131598
6580	0.04659275303672323
6587	0.03003220965291586
6601	0.04004707146674944
6630	0.030819062647402702
6665	0.024800907602521526
6693	0.040659233101821624
6708	0.012680695992844623
6713	0.038506047710837314
6716	0.03698449067166903
6721	0.05455234339200346
6887	0.0699263135188727
6890	0.0654297155131598
6945	0.04284074539257598
7016	0.1308594310263196
7020	0.05324613244401231
7058	0.0654297155131598
7215	0.017899381707740157
7296	0.040799006203460615
7327	0.030010864645758008
7362	0.04191604541477061
7481	0.018420133487078067
7565	0.036703716808235115
7574	0.14525361009301807
7627	0.0699263135188727
7664	0.0699263135188727
7733	0.0699263135188727
7778	0.03149138820169961
7804	0.046865358328568855
7811	0.022225586898428216
7821	0.11298881826861235
7920	0.0699263135188727
7955	0.03698449067166903
7984	0.0699263135188727
8037	0.02628056693147493
8089	0.006542873026122387
8259	0.08296217735476384
8292	0.2050825392576409
8296	0.05102069940186897
8306	0.0745451163449578
8490	0.0654297155131598
8516	0.04758108892939146
8546	0.06333207418079169
8589	0.031666037090395845
8592	0.04191604541477061
8651	0.04887620089057984
8805	0.013267949515499984
8877	0.022728404322860326
8879	0.017697740239476262
8880	0.0243368241898728
8933	0.026542075287901378
8937	0.04191604541477061
8938	0.026431726365205417
8958	0.0410625493748648
8966	0.03989410386595684
8992	0.04284074539257598
9052	0.0699263135188727
9212	0.034915257045940874
9258	0.0699263135188727
9261	0.02072284889932576
9324	0.0654297155131598
9328	0.1385790983228158
9353	0.040659233101821624
9416	0.0636869609592118
9443	0.0133015046855185
9503	0.04885620044286126
9525	0.028344406190503584
9528	0.046865358328568855
9554	0.03989410386595684
9599	0.0699263135188727
9630	0.034229060351335994
9728	0.0344531078750744
9821	0.036703716808235115
9891	0.008993196011425777
9997	0.02632246464168981
9998	0.0067829651309918365
10006	0.030819062647402702
10026	0.057757932611434595
10166	0.03220711880252223
10203	0.03698449067166903
10211	0.03727095915651039
10217	0.050917941176267176
10219	0.0699263135188727
10325	0.04333371433843436
10420	0.038184576644922516
10452	0.012905392034183893
10554	0.059764671998538965
10660	0.025186684768270764
10699	0.030819062647402702
10841	0.05603320322869086
10867	0.02126065003895952
10873	0.027582218716230657
10984	0.2654207528790138
11072	0.06223932845543808
11092	0.04148108867738192
11118	0.0654297155131598
11153	0.07497896520708319
11172	0.05603320322869086
11180	0.10404532577826403
11316	0.021469245064468612
11320	0.1398526270377454
11322	0.046865358328568855
11350	0.030819062647402702
11437	0.023891383782035442
11454	0.018473579254280968
11544	0.013101679905804887
11592	0.01765466666197625
11623	0.013747220555674839
11624	0.04333371433843436
11663	0.05915904536487011
11699	0.026542075287901378
11711	0.03003220965291586
11715	0.04284074539257598
11746	0.02988132330862377
11761	0.05455234339200346
11833	0.04197697949790623
11840	0.05774273044972519
11876	0.013866679960900866
12055	0.011824846392821654
12193	0.028061371668109437
12238	0.04333371433843436
12323	0.027466775265706747
12337	0.09891674411516105
12387	0.021610520544799793
12434	0.059339370606816384
12451	0.029016731744800496
12498	0.04758108892939146
12516	0.01815670126162726
12657	0.040659233101821624
12718	0.02579174255220412
12742	0.02265329926734015
12766	0.01765466666197625
12829	0.00706661167291103
12850	0.054933550531413494
