78
t_index	tf-idf
348	0.09817746908637176
596	0.056962783369711195
807	0.073331441408077
812	0.1655016467194699
908	0.07998390757446629
977	0.14902671572993512
1119	0.08753491784734337
1173	0.17506983569468673
1861	0.12075582628146696
2025	0.2757591405915993
2349	0.044890039267693735
2441	0.2652388475423395
2615	0.03714093174531272
2709	0.07255939278000277
2722	0.10139550553093664
2729	0.059611862756470985
2813	0.046957860918536605
3000	0.057600412157565006
3203	0.0673961879964249
3214	0.1443934215901809
4029	0.08377884110895288
4564	0.08496989691218196
4620	0.03684656124717153
4680	0.1655016467194699
4735	0.22484159480790591
5294	0.14145106661082066
5418	0.08821671620551834
5544	0.035055175169980225
5556	0.056962783369711195
5800	0.12911452369565893
5978	0.0543658312680973
6086	0.07412688897772253
6603	0.03380928484649095
6614	0.04515651628715318
6637	0.11847197245663052
6713	0.18227228017910782
7067	0.22184192436750694
7075	0.1655016467194699
7076	0.1655016467194699
7206	0.08770077615754725
7366	0.04858500361300712
7565	0.08687038207510422
7574	0.04297329297906954
7584	0.1554887795451222
7821	0.059427113877509825
7832	0.03995030196300535
8036	0.028836112750933878
8112	0.09222217103673619
8388	0.045561374097338944
8546	0.14989439653860395
8549	0.160987177701051
8805	0.03140259199869572
8877	0.08965600485822052
8905	0.058475418548322035
9253	0.11847197245663052
9269	0.07666898006022752
9409	0.1260229827295076
9525	0.20125667994271398
9627	0.10782942121760213
9735	0.07622783083607582
9820	0.044890039267693735
9891	0.03192765371708521
9899	0.23694394491326104
10006	0.07294257857764844
10116	0.048131140530060304
10128	0.03188274735716781
10920	0.10911344983310893
11305	0.0607828842022033
11401	0.048738052215556056
11481	0.058475418548322035
11637	0.11092096218375347
11795	0.0673961879964249
11943	0.09623230074735879
12323	0.06500838250712569
12411	0.07666898006022752
12612	0.04436506654874975
12614	0.14730808520756442
12698	0.0620439495906791
