292
t_index	tf-idf
3	0.016868661518079628
75	0.027984995032832267
240	0.029682626403998765
536	0.18495225608758595
596	0.026009030720149345
755	0.07556754005196394
863	0.026598558407199286
871	0.022681712504494946
872	0.019868120807589026
875	0.06154578201148962
888	0.055136736823533046
902	0.013533215362823613
932	0.03996817277345142
957	0.07546401211417067
977	0.022681712504494946
1105	0.07473129561466844
1116	0.020865440550871583
1118	0.0707081840700047
1179	0.058953292212252886
1203	0.015240418253729827
1273	0.02246576708588929
1301	0.05060925736076663
1411	0.04092745632847893
1431	0.06726041613210841
1466	0.042339044372541844
1507	0.1713844565999719
1511	0.015799803289048404
1561	0.02649826789321478
1638	0.03500681918449388
1675	0.03077289100574481
1713	0.09059515027474542
1737	0.01723186041833175
1868	0.04529757513737271
1888	0.1392215672522812
1894	0.029682626403998765
1944	0.04450728782290075
1989	0.07495937678116525
2057	0.012938813556618887
2070	0.06726041613210841
2098	0.03422065894364111
2167	0.022323935294669254
2219	0.03077289100574481
2281	0.04059908930883135
2294	0.020741246211669603
2317	0.039368815562386666
2423	0.0707081840700047
2465	0.062401060150149186
2506	0.01723186041833175
2587	0.045786812310438144
2609	0.04092745632847893
2615	0.016958434570675474
2621	0.0257247965328308
2626	0.03091642142165527
2691	0.05754170416818998
2801	0.01864921169716946
2813	0.02144081407075581
2898	0.031208744364560493
2909	0.09348619167956014
2912	0.05064616829239737
2946	0.0707081840700047
2964	0.036753123729933404
2992	0.027984995032832267
3016	0.02787246231417017
3077	0.05380913201056124
3167	0.04979579574529154
3187	0.057607554039807135
3293	0.06154578201148962
3300	0.06015988777766085
3343	0.031208744364560493
3426	0.043112515732925814
3672	0.03629211895268779
3839	0.06154578201148962
3900	0.015008450112412409
4011	0.024910431871556147
4029	0.0765063195019332
4069	0.07556754005196394
4119	0.036753123729933404
4130	0.02986422905283549
4136	0.027541068486454167
4143	0.035211689925136146
4148	0.02535600908200727
4191	0.07704497796764403
4211	0.05627899563474056
4240	0.046829612903677535
4248	0.033305355792037104
4344	0.054865218814033216
4352	0.05064616829239737
4353	0.02473673830255608
4387	0.062401060150149186
4415	0.0633220977071918
4426	0.061128610133418436
4457	0.021690768913915796
4472	0.018805875973554074
4514	0.036753123729933404
4587	0.02620197973471467
4682	0.02649826789321478
4726	0.039368815562386666
4752	0.05313465267526615
4769	0.03629211895268779
4895	0.03226315879208349
4921	0.05380913201056124
4933	0.0707081840700047
4949	0.06534189282143861
4970	0.03992782888016066
4990	0.01356711820433822
5041	0.02892544960286622
5093	0.03441241737828915
5216	0.02260929750179975
5239	0.02414790039918259
5368	0.054093936230293675
5544	0.016006084568912362
5584	0.03460729397257055
5663	0.046296874243709804
5769	0.01575896970105148
5797	0.03135762387517399
5798	0.037479688390582626
5913	0.10973043762806643
5976	0.04437522426637523
6049	0.060553618747270596
6168	0.04999646374436316
6200	0.05313465267526615
6298	0.02535600908200727
6388	0.08899084769289052
6428	0.05642656183139919
6554	0.009204546402295358
6559	0.020741246211669603
6603	0.030874429800641992
6609	0.0348053918130703
6614	0.04123665136602139
6625	0.03540381360058765
6708	0.013703696850362901
6755	0.022827868541290753
6798	0.03668379246259593
6799	0.03366313300186279
6805	0.05737645646148326
6828	0.025265558490530998
6846	0.04991960363174814
6985	0.07893814485493174
7119	0.0316610488535959
7177	0.03313039434189507
7215	0.019343394153618333
7296	0.022045210023321403
7327	0.06486391465496913
7343	0.35121351788812605
7402	0.0707081840700047
7497	0.045786812310438144
7510	0.04797187171488504
7531	0.024650826490336182
7574	0.01962147267250477
7584	0.023665231955513292
7591	0.01755894709542341
7700	0.022827868541290753
7731	0.037479688390582626
7779	0.03077289100574481
7808	0.024313208488767883
7811	0.024018611072240823
7821	0.05426847281735288
7832	0.018241184323650034
7862	0.020436276919543712
7868	0.060553618747270596
7964	0.05754170416818998
7992	0.05627899563474056
8017	0.04991960363174814
8089	0.021212135800193776
8109	0.03197235587536881
8112	0.06316253712547912
8131	0.050531116981061996
8181	0.06726041613210841
8379	0.17503409592246938
8414	0.024565526155270596
8505	0.09784561835535616
8521	0.03542012381326511
8559	0.08875044853275046
8645	0.019343394153618333
8651	0.035212822207860144
8703	0.07556754005196394
8719	0.07848589069001909
8724	0.018701205906630918
8748	0.06458611955459607
8805	0.014338326389097827
8836	0.04797187171488504
8877	0.032749323634255395
8929	0.03403192045268632
8950	0.042339044372541844
9124	0.03403192045268632
9314	0.062401060150149186
9381	0.02711299989340959
9390	0.0234309968809213
9441	0.05224649482741508
9446	0.07932949559005903
9449	0.03584819240630969
9531	0.04529757513737271
9534	0.035211689925136146
9539	0.02190824114411097
9541	0.14841313201999384
9550	0.06458611955459607
9553	0.024066093620906996
9575	0.04991960363174814
9602	0.128158623894434
9662	0.041265074330047224
9669	0.11790658442450577
9692	0.03441241737828915
9742	0.06726041613210841
9762	0.07556754005196394
9764	0.08322495942378524
9844	0.025538984338187274
9845	0.02335392493374038
9891	0.009718711963918438
9941	0.03629211895268779
9998	0.007330173198233312
10023	0.05859611859571297
10128	0.014557563840819424
10135	0.049820863743112294
10137	0.050351570875870305
10148	0.04161247971189262
10155	0.039080014925600336
10189	0.07350624745986681
10190	0.06070466788635385
10191	0.03245502431903811
10263	0.060553618747270596
10477	0.022323935294669254
10541	0.15491276545203841
10577	0.04437522426637523
10606	0.07556754005196394
10657	0.04991960363174814
10660	0.027218592175444832
10663	0.051419639652781346
10805	0.045786812310438144
10853	0.025538984338187274
10867	0.02297582901916095
10873	0.007451845781195956
10880	0.07890051015814507
10890	0.0717124094220607
10920	0.024910431871556147
10934	0.055136736823533046
10948	0.025877627113237774
10985	0.037732006057085335
11010	0.07556754005196394
11016	0.043545639937949805
11032	0.030352333943176924
11127	0.02904837013152512
11199	0.03441241737828915
11265	0.042339044372541844
11305	0.02775327694599627
11306	0.051263060661499917
11316	0.09280500885302873
11319	0.05754170416818998
11374	0.03245502431903811
11401	0.022253643911450374
11481	0.026699695264638352
11514	0.08986306834355716
11516	0.03761175194710815
11543	0.037732006057085335
11553	0.06557590514863902
11557	0.04529757513737271
11576	0.058953292212252886
11592	0.01907893699734209
11636	0.016429614382700557
11650	0.039080014925600336
11651	0.07556754005196394
11658	0.2247887554258599
11663	0.021310544891607983
11744	0.07126449397540807
11775	0.029115127681638847
11802	0.033305355792037104
11876	0.007492679369192883
11889	0.0454829887724849
11909	0.04529757513737271
12193	0.015162595600514445
12262	0.024823270422039547
12371	0.02787246231417017
12420	0.057607554039807135
12485	0.05064616829239737
12489	0.02049665310004805
12504	0.027541068486454167
12520	0.05736665459532334
12537	0.061274998221388724
12551	0.03197235587536881
12581	0.01774994151984053
12595	0.055136736823533046
12632	0.03313039434189507
12638	0.025538984338187274
12657	0.04393937090755955
12719	0.022045210023321403
12732	0.11508340833637996
12739	0.01466870509930543
12748	0.01794402910549837
12766	0.009539468498671044
12790	0.036753123729933404
12850	0.029682626403998765
12867	0.12788942350147525
12868	0.12769492169093635
