71
t_index	tf-idf
863	0.07250011762433708
872	0.0270774279093048
902	0.07377540471325938
1116	0.05687326625236786
1212	0.13804707391310878
1511	0.043065777451583784
1806	0.11155662470325886
2109	0.06282911774677388
2493	0.18198088351985486
2530	0.10082546667346558
2626	0.08426938615541293
2657	0.12619213330748066
2833	0.1769263615425197
2955	0.16621899655609726
3167	0.02714583996216838
3343	0.08506617549340896
3809	0.05738771378689132
4062	0.0983114000983339
4330	0.08672054131330897
4430	0.10605135612224655
4598	0.05687326625236786
4684	0.10730821254701245
4736	0.17008757134539443
4765	0.08198938591662172
4990	0.03698011187597203
5030	0.13419948572186416
5484	0.04008433232940257
5728	0.10979042466491193
5806	0.11155662470325886
5870	0.16505197065748214
5946	0.07195565929918372
5968	0.11247687550975259
6388	0.048512756416736816
6519	0.16505197065748214
6692	0.10354927228887537
6909	0.042622831772766066
7416	0.0638662443248232
7584	0.19351410788310391
7592	0.1234683276920709
7811	0.03273395687939506
8089	0.01927275301959235
8103	0.045018325646739764
8505	0.053339874523946174
8621	0.11861992948383046
8792	0.10017857933085472
8877	0.02231633928474815
9306	0.06936169847865568
9593	0.1234683276920709
9891	0.026490449209849904
9998	0.0399599415083215
10475	0.08506617549340896
10620	0.11247687550975259
10636	0.07884256230882893
10665	0.07305380449487371
10738	0.09327579941042159
10970	0.20597565696892473
11046	0.07917760876697849
11316	0.06324002559619073
11544	0.0385924409595306
11699	0.07818260565486025
11707	0.14240910963887682
11773	0.2683989714437283
11775	0.03967978544647512
11867	0.09225488059420468
12337	0.48561693800833095
12338	0.10354927228887537
12354	0.11247687550975259
12387	0.12731233616238669
12489	0.05586805637769101
12537	0.04175456156751071
12855	0.08273184386030018
