398
t_index	tf-idf
6	0.03841315828944242
33	0.026558398943434584
146	0.02537557309307609
179	0.020475220340987373
191	0.01633316165178729
192	0.022121867188569375
230	0.03172025712797305
257	0.030781149423918568
267	0.021715573919828236
307	0.022121867188569375
394	0.03712874842235222
551	0.020637687067157833
553	0.0213346910786549
612	0.01288919011768693
631	0.013419275710322124
638	0.017020327726262132
660	0.013676366227601404
680	0.023804841759640274
716	0.03422388119634183
730	0.026138084630122165
762	0.020804605486019707
801	0.1340138907777036
858	0.012797577245778147
865	0.013520813747068263
872	0.005049769179801738
880	0.014957515547129681
918	0.0217979673332781
1032	0.01684113418501821
1166	0.02502735596650369
1173	0.04063394802134944
1204	0.03841315828944242
1210	0.028027592240124258
1272	0.02860823531110754
1387	0.03644533852357878
1446	0.01601661558669584
1471	0.028566650568228675
1475	0.013676366227601404
1478	0.29710862689358486
1490	0.012029719380019403
1491	0.021522156367506474
1492	0.02925010644698768
1511	0.016062990650930843
1645	0.018005069660001996
1685	0.03594300760845704
1727	0.030781149423918568
1764	0.01833445480503433
1774	0.03810401137304219
1796	0.03172025712797305
1906	0.013624072849205356
1937	0.07682631657888483
1944	0.03393650549559791
1985	0.08775031934096304
1986	0.03841315828944242
1989	0.019052005686521094
1993	0.028027592240124258
2057	0.013154343594781806
2069	0.009323714425226481
2076	0.011871473049706748
2098	0.017395347100979848
2107	0.02574490684799046
2109	0.011717233389171598
2126	0.07141452527892082
2150	0.061562298847837135
2175	0.07682631657888483
2290	0.026558398943434584
2393	0.044671296925901195
2407	0.019582091279156295
2429	0.02031697401067472
2436	0.05247847031803275
2437	0.055344989754736805
2440	0.038946605139975665
2464	0.0107347650666457
2508	0.04383066829927636
2537	0.17002050976720837
2553	0.026138084630122165
2601	0.02408824826244921
2629	0.02031697401067472
2661	0.020012303468207447
2671	0.03841315828944242
2688	0.02996765732847444
2702	0.01257439693454603
2723	0.03841315828944242
2766	0.03841315828944242
2768	0.026558398943434584
2796	0.019445183468652802
2801	0.009479931732647072
2868	0.022557205285518314
2872	0.03203323117339168
2886	0.03841315828944242
2909	0.04158150962497055
2913	0.07778073387461121
2918	0.031630119491832885
2970	0.0197221466697748
3019	0.023804841759640274
3079	0.03841315828944242
3158	0.05993531465694888
3167	0.005062527595306882
3193	0.010002828957277632
3207	0.07969991934827791
3216	0.014580561852288678
3218	0.018926390077910738
3272	0.02574490684799046
3285	0.01625246986050339
3294	0.010702445939510488
3328	0.02996765732847444
3341	0.024697970821471356
3342	0.02860823531110754
3359	0.04087221854761607
3366	0.022335648462950598
3378	0.028566650568228675
3433	0.010574857167748596
3438	0.014111704324550344
3440	0.023804841759640274
3474	0.01625246986050339
3517	0.028027592240124258
3597	0.021152822612592107
3624	0.019445183468652802
3672	0.03689665983649121
3729	0.017111940598170915
3808	0.010932365345652267
3809	0.010702445939510488
3839	0.031285494602962476
3871	0.021599844555749776
3900	0.1144384155123059
3911	0.03283098579159153
3916	0.028027592240124258
3946	0.013890147501982631
4005	0.024385484830623555
4020	0.020976226445583696
4023	0.01693007213210812
4082	0.02860823531110754
4110	0.1258573586735022
4162	0.018803312332772666
4176	0.02408824826244921
4179	0.03841315828944242
4212	0.041609210972039415
4264	0.027889571811376954
4266	0.026558398943434584
4280	0.01918026602761367
4322	0.08775031934096304
4330	0.048518498682349295
4364	0.02860823531110754
4373	0.03594300760845704
4457	0.016539064374803146
4564	0.029582443721461217
4587	0.0066596106896839435
4598	0.010606504725553127
4599	0.03419040780895843
4619	0.02860823531110754
4620	0.008552137200232013
4640	0.009323714425226481
4648	0.03594300760845704
4659	0.020637687067157833
4682	0.01346983318867021
4695	0.05000118349854899
4717	0.015642747301481238
4739	0.040950440681974745
4744	0.016497824139804235
4845	0.20316974010674715
4859	0.06635952212852951
4990	0.04827590009275322
5091	0.03172457150324579
5116	0.10158487005337358
5216	0.011492957467617835
5281	0.03594300760845704
5314	0.01014823302354885
5381	0.08321842194407883
5411	0.018112897982466614
5448	0.029658510412074224
5469	0.012444310685699013
5543	0.030781149423918568
5556	0.026442279669843555
5654	0.0860886254700259
5682	0.022121867188569375
5693	0.06574600244891453
5725	0.01257439693454603
5764	0.019052005686521094
5769	0.016021476871914794
5770	0.03283098579159153
5792	0.029407279194853513
5823	0.02574490684799046
5855	0.014957515547129681
5934	0.03910867320328568
5956	0.026138084630122165
5970	0.00830797500413174
6019	0.03492466093069491
6042	0.2227724905341133
6043	0.17868518770360478
6104	0.03594300760845704
6134	0.03841315828944242
6221	0.07682631657888483
6348	0.005666203363582377
6379	0.01822266926178939
6388	0.009047322478376278
6391	0.0354976364927875
6408	0.10803950068857632
6446	0.03594300760845704
6544	0.013676366227601404
6548	0.07682631657888483
6554	0.018715744759760785
6634	0.041275374134315666
6665	0.013624072849205356
6708	0.006965984017761379
6726	0.01175542875677624
6745	0.022121867188569375
6755	0.011604063425700927
6805	0.009722035425204492
6816	0.061562298847837135
6836	0.051335821794512744
6914	0.03841315828944242
6947	0.013319402306738086
6958	0.010388348484249875
7001	0.03509289184484817
7206	0.010177734975523059
7247	0.015789552987723464
7366	0.022553291417613662
7409	0.03419040780895843
7453	0.02700987517214408
7482	0.026558398943434584
7501	0.016969142342280304
7544	0.026138084630122165
7547	0.019311284866003586
7551	0.017204952193809204
7574	0.009974160004713638
7584	0.20450522946032984
7591	0.008925718816685435
7650	0.07077033467661678
7651	0.013270072958860265
7658	0.02996765732847444
7700	0.011604063425700927
7726	0.09427450167484851
7730	0.024697970821471356
7764	0.021715573919828236
7779	0.031285494602962476
7811	0.018314028252926356
7821	0.006896557156107604
7929	0.06406646234678336
7932	0.07036753931243364
7950	0.03283098579159153
7975	0.01227507365932025
8003	0.019311284866003586
8018	0.01693007213210812
8023	0.032345665788232864
8038	0.03841315828944242
8043	0.03841315828944242
8060	0.008830153858243563
8089	0.007188493274490416
8103	0.00839563322405024
8109	0.01625246986050339
8112	0.010702445939510488
8116	0.02700987517214408
8171	0.36916475663708
8177	0.02860823531110754
8268	0.03172025712797305
8371	0.01759188482810841
8380	0.061562298847837135
8386	0.009221751523344727
8388	0.042299428670994385
8390	0.01759188482810841
8463	0.061562298847837135
8464	0.013835994779400897
8505	0.03979019799483323
8534	0.03841315828944242
8644	0.03594300760845704
8651	0.008949846140011878
8709	0.010670297362652499
8724	0.0760508951013497
8753	0.037852780155821476
8754	0.04467914352940946
8775	0.013835994779400897
8778	0.014957515547129681
8805	0.03644292250424988
8877	0.033294849925504105
8879	0.029166106275613474
8905	0.027144449052467844
8929	0.017299405887022487
8933	0.029161123704577355
8938	0.014519943031972272
8943	0.020804605486019707
8948	0.12691693567555262
8965	0.014341623730692123
8993	0.021715573919828236
9028	0.022335648462950598
9124	0.017299405887022487
9139	0.014400485456007044
9144	0.03594300760845704
9186	0.013124437150908167
9195	0.09516077138391915
9220	0.02860823531110754
9253	0.027497506647489067
9259	0.1268810285118922
9260	0.009917223691439929
9307	0.02471820905010347
9316	0.05715601705956329
9322	0.12192742415311776
9382	0.03419040780895843
9389	0.017204952193809204
9390	0.04764260376597344
9416	0.01749282343934425
9435	0.022335648462950598
9495	0.01220935216861757
9503	0.013419275710322124
9507	0.02191533414963818
9522	0.014580561852288678
9529	0.020804605486019707
9580	0.009349474045749937
9679	0.019865497781965225
9704	0.0452656031565588
9735	0.017692583669154195
9759	0.028027592240124258
9820	0.020838078873403106
9826	0.017707809852109034
9888	0.03594300760845704
9998	0.02235682965139316
10037	0.03841315828944242
10137	0.012797577245778147
10169	0.016667061166183
10209	0.03210733781853146
10210	0.030781149423918568
10211	0.02047434194127752
10228	0.00902280678663246
10284	0.021152822612592107
10348	0.01918026602761367
10396	0.022335648462950598
10452	0.0141788360360973
10453	0.03172025712797305
10508	0.030781149423918568
10636	0.014703639597426757
10687	0.03736534386321346
10696	0.013221139834921777
10699	0.01693007213210812
10722	0.025686422950927056
10824	0.03916418255831259
10873	0.007575975910946822
10952	0.026138084630122165
11016	0.011067751832342852
11046	0.01476612364442828
11086	0.020162734350139568
11096	0.02860823531110754
11175	0.04242285585570076
11179	0.026558398943434584
11180	0.05715601705956329
11275	0.03841315828944242
11279	0.03143141589620364
11305	0.007053895228322846
11371	0.02537557309307609
11431	0.022787124691660093
11455	0.0197221466697748
11544	0.0071972463405132695
11592	0.038793493945640425
11623	0.02265559841514411
11627	0.014459921451122746
11660	0.009860814573820405
11663	0.021665528177645926
11699	0.014580561852288678
11713	0.019311284866003586
11742	0.05311679788686917
11751	0.01658185500553572
11775	0.007400029215474333
11819	0.02537557309307609
11844	0.23047894973665448
11856	0.02537557309307609
11876	0.007617489689962871
11892	0.15365263315776967
11984	0.027497506647489067
12030	0.02700987517214408
12044	0.02700987517214408
12055	0.006495833590787056
12056	0.06982426850101524
12057	0.03422388119634183
12066	0.026138084630122165
12156	0.028027592240124258
12164	0.021715573919828236
12165	0.05850021289397536
12193	0.007707584294537683
12257	0.023274756167005084
12329	0.012487364866144308
12371	0.04250512744180209
12411	0.053384925020153726
12428	0.07682631657888483
12434	0.010865783905035616
12516	0.019948320009427277
12545	0.02925010644698768
12566	0.006431535989438804
12576	0.018803312332772666
12590	0.026345193240991726
12591	0.013369134347624424
12612	0.010297192551488284
12646	0.024697970821471356
12674	0.015428966027100012
12698	0.043201456368021134
12699	0.012444310685699013
12742	0.012444310685699013
12748	0.009121467099575868
12762	0.01759188482810841
12766	0.01454756022961516
12803	0.03594300760845704
12829	0.0038819560062792365
