249
t_index	tf-idf
16	0.019919090046443867
161	0.04512522562499772
180	0.03895668646498163
181	0.03629031782940308
183	0.03866094035176732
185	0.032989554837598786
278	0.04659837491760934
320	0.02489266174704145
465	0.06891875125082217
467	0.04865627353447404
470	0.04241747041819649
498	0.041267557718917096
738	0.019402386023633884
743	0.21632593790770532
748	0.03515531431850162
762	0.039891693148825895
840	0.07365513008114644
863	0.0259254208633237
872	0.009682656214193317
902	0.0131907262996718
1023	0.020037084458877467
1155	0.09872890161894887
1170	0.031010522530353517
1561	0.07748300529265716
1594	0.11217095865988114
1976	0.06295161962343934
1999	0.11623642285885154
2057	0.012611367194871357
2233	0.02353678237858872
2245	0.0345237363180324
2261	0.03473049122888142
2265	0.04865627353447404
2303	0.06891875125082217
2493	0.06507480468897879
2508	0.04202145461200039
2615	0.03305852495441264
2628	0.052724965069707495
2640	0.02642684322747506
2642	0.06562242038012983
2645	0.09303156759106054
2657	0.04512522562499772
2665	0.03809100548911449
2666	0.06082185816026483
2712	0.0335415322063103
2788	0.036777111077668304
2801	0.05453175182841574
2833	0.031633675469146055
2872	0.03071098438740023
2878	0.03809100548911449
2891	0.011999638557731077
2909	0.05695019319980199
2960	0.07365513008114644
2971	0.046187898579671836
2996	0.03494097165323942
3000	0.02563458391072309
3061	0.03537366361988897
3167	0.009707119778125758
3187	0.0561496627194813
3198	0.06891875125082217
3359	0.026123414544100016
3439	0.029855869986209604
3471	0.032123873861731655
3476	0.02761214325314599
3656	0.052724965069707495
3735	0.03537366361988897
3808	0.020962212624155548
3809	0.02052135473790861
3812	0.044628071979150155
3839	0.11997644959422861
3840	0.12589897247761894
3936	0.041267557718917096
3967	0.04675783344232466
3981	0.01601382529732664
3988	0.036777111077668304
4026	0.05608547932994057
4044	0.05608547932994057
4068	0.07365513008114644
4098	0.03559617220474856
4148	0.024714317099507582
4192	0.04564448211094653
4200	0.04116664979310727
4220	0.04512522562499772
4226	0.040220766952288996
4358	0.0259254208633237
4429	0.033170664628359756
4454	0.08181620656124451
4457	0.021141834242797142
4472	0.01832995013691772
4580	0.07365513008114644
4590	0.052724965069707495
4598	0.06101217812243445
4620	0.016398255337625452
4637	0.12590323924687868
4726	0.03837249736321001
4739	0.039260115148356665
4765	0.0293187018982208
4815	0.07365513008114644
4859	0.036354501218943826
4949	0.05095061305107349
4970	0.019458681783234507
4990	0.013223771152000746
5061	0.04675783344232466
5093	0.0335415322063103
5195	0.0763339173472589
5234	0.07732188070353464
5239	0.04707356475717744
5414	0.01934636026871409
5447	0.041638425296867634
5469	0.023861285120554094
5505	0.07365513008114644
5578	0.030859793374424283
5725	0.024110718387883978
5771	0.049364450809474436
5780	0.03781613757182156
5934	0.01874718547212475
5968	0.24132460171373393
5973	0.07365513008114644
6410	0.07365513008114644
6612	0.019290601940850048
6625	0.01725391943635311
6660	0.02843428579803549
6671	0.05433417141858388
6701	0.029059105714712884
6708	0.02671378672408814
6716	0.03895668646498163
6842	0.03432057732763915
6950	0.04798858623938323
6959	0.016098167523001437
7001	0.013457740153932106
7057	0.0811187608878334
7169	0.03131794415429329
7278	0.07978338629765179
7340	0.04055342049258886
7483	0.026223684237081813
7557	0.04675783344232466
7584	0.06919898690172598
7591	0.03422915530959561
7757	0.026223684237081813
7769	0.019235108499152713
7784	0.03895668646498163
7821	0.02644754230400149
7832	0.017779549304750657
7944	0.03195817821111143
8006	0.05011834770255773
8010	0.0335415322063103
8037	0.00922732553996109
8060	0.016931337073739675
8103	0.032196335046002875
8105	0.02196695890325208
8110	0.041638425296867634
8206	0.06891875125082217
8257	0.06082185816026483
8285	0.04564448211094653
8296	0.05374137520150386
8300	0.11492268780006354
8396	0.05374137520150386
8407	0.030134010448000292
8425	0.04798858623938323
8505	0.009536941050189273
8509	0.11277369895538301
8543	0.042827384319438756
8645	0.018853865186241672
8677	0.03229195370411611
8753	0.03629031782940308
8778	0.057360435974221934
8792	0.035823001613592434
8877	0.02394039514874967
8879	0.018641471198523128
8894	0.041267557718917096
8938	0.02784119662154125
8958	0.043252207409058954
8965	0.027499279114191217
9008	0.02807483135974065
9011	0.05746134390003177
9049	0.06891875125082217
9237	0.14731026016229287
9238	0.06295161962343934
9280	0.02784119662154125
9322	0.04675783344232466
9329	0.024803149067588154
9330	0.03629031782940308
9359	0.07365513008114644
9372	0.14516127131761233
9421	0.02738749503140739
9497	0.03195817821111143
9510	0.030859793374424283
9606	0.03895668646498163
9670	0.03432057732763915
9810	0.07365513008114644
9820	0.01997793826918331
9840	0.0345237363180324
9991	0.03195817821111143
9998	0.03572333174150852
10089	0.07365513008114644
10116	0.021420363404024544
10131	0.040796784099582296
10209	0.02052135473790861
10224	0.023779310415663314
10228	0.01730073852711868
10375	0.02045971160009222
10403	0.0226140912968429
10419	0.07361596328467307
10425	0.054854726532882
10452	0.01359357130659345
10477	0.021758976895652267
10485	0.05374137520150386
10549	0.03837249736321001
10555	0.05902117050055344
10583	0.054854726532882
10679	0.05608547932994057
10746	0.03432057732763915
10802	0.06082185816026483
10845	0.06295161962343934
10867	0.022394372953847375
10873	0.021789779182220425
10948	0.03783410158461407
11065	0.03895668646498163
11103	0.04798858623938323
11305	0.01352545830014955
11351	0.06891875125082217
11377	0.04415121607517489
11487	0.07365513008114644
11516	0.05498985041075317
11544	0.02760065243488496
11577	0.02761214325314599
11656	0.040220766952288996
11663	0.02077123266169763
11711	0.31633675469146055
11720	0.03432057732763915
11795	0.029994112398557152
11876	0.007303059927777567
12055	0.024910811264711875
12188	0.05926694539695537
12323	0.028931439443883048
12329	0.023943839156786696
12337	0.4514963859754585
12338	0.037028332534440385
12387	0.04552580056773389
12411	0.03412089131111075
12489	0.03995587653836662
12520	0.027957429894060214
12581	0.01730073852711868
12612	0.019744303530983914
12758	0.04241747041819649
12766	0.009298050362516118
12829	0.06699094492871539
12839	0.022037117357442952
12855	0.029584198497314876
12857	0.046187898579671836
