362
t_index	tf-idf
3	0.012630659504394653
16	0.0306039284778608
45	0.04213972936441047
67	0.024677752241794103
176	0.02576680587030745
182	0.021658357692088116
231	0.025205768124635652
307	0.03258535474922503
348	0.033565274371425625
385	0.031157958905697513
402	0.032281133035766504
433	0.016455251421075536
449	0.04672371560867687
469	0.019261821424169982
585	0.032281133035766504
596	0.019474645970781523
607	0.03880628431483311
635	0.03591964761221866
639	0.019840969531382886
738	0.014905029114850202
758	0.017315663863433917
807	0.025070823008778276
813	0.038501214787958316
847	0.024301178901554338
848	0.034283552104293256
854	0.022726758420581066
863	0.019916063535272963
871	0.016983267303917086
872	0.007438274478501835
885	0.09671962223320456
890	0.02806347035210145
932	0.02992675979497348
939	0.033565274371425625
977	0.05094980191175126
979	0.036379937278508676
1020	0.015530314501576305
1044	0.04987575430701142
1100	0.018850741256586465
1123	0.016152739143015613
1157	0.015392608253051662
1158	0.040503633856485075
1173	0.05985351958994696
1183	0.06456226607153301
1240	0.013041739671978171
1241	0.032900253062512666
1243	0.06580050612502533
1301	0.01894721453770961
1343	0.03506436445327961
1378	0.024677752241794103
1497	0.017486596290589858
1511	0.011830336115672071
1587	0.027519444329245364
1807	0.03322660470358076
1860	0.029477982229169055
1867	0.025481903176361793
1944	0.016662744621220752
1958	0.05036223018512903
2057	0.029064383368415027
2069	0.013733765759314258
2076	0.017486596290589858
2243	0.05036223018512903
2294	0.015530314501576305
2317	0.029477982229169055
2349	0.015347171795991687
2418	0.03591964761221866
2443	0.05036223018512903
2464	0.0158122334278809
2506	0.012902610046323445
2515	0.034665468511733334
2622	0.04672371560867687
2661	0.029477982229169055
2662	0.03506436445327961
2702	0.018521998228136376
2709	0.024806872183089374
2716	0.01999179125132727
2729	0.08152129191484589
2731	0.02905058330622856
2733	0.05294379736086869
2778	0.10477089219943034
2788	0.02825239693226452
2813	0.08027063135225572
2814	0.030897833993985914
2872	0.04718472417591643
2909	0.03499958352361086
2912	0.037922066680745416
2918	0.015530314501576305
2964	0.027519444329245364
2969	0.03737804065788933
2992	0.02095417843988607
3000	0.03938528169380659
3028	0.03506436445327961
3180	0.05294379736086869
3187	0.021567253548183497
3193	0.01473409668769426
3214	0.016455251421075536
3238	0.01820487402345749
3293	0.023041656733868706
3294	0.0315292551619288
3426	0.032281133035766504
3474	0.04787954754825011
3481	0.040503633856485075
3514	0.030159855526316868
3566	0.04672371560867687
3577	0.03737804065788933
3684	0.03591964761221866
3741	0.029261738486060517
3800	0.03737804065788933
3808	0.032206594497618535
3809	0.0157646275809644
3875	0.05036223018512903
3886	0.025912722599095103
3890	0.0339172285436919
3900	0.04495119493752354
3946	0.020460089558129047
3981	0.024603832951889133
4018	0.04213972936441047
4020	0.030897833993985914
4072	0.04213972936441047
4155	0.02806347035210145
4200	0.0316244668557618
4204	0.04672371560867687
4233	0.04835981111660228
4260	0.0158600931738481
4264	0.02054057154242585
4276	0.02014519124484141
4355	0.040503633856485075
4369	0.02325790047697725
4386	0.05036223018512903
4421	0.02562322390960836
4426	0.01525698328711647
4457	0.03248256730346296
4466	0.03506436445327961
4467	0.032900253062512666
4472	0.014081177445481097
4555	0.03737804065788933
4564	0.014524910499882892
4598	0.01562330684771783
4663	0.030159855526316868
4673	0.024806872183089374
4684	0.029477982229169055
4734	0.024179086118878004
4735	0.5124644781921672
4744	0.024301178901554338
4949	0.019570283005932197
4953	0.030159855526316868
4968	0.02405863221504794
4990	0.010158580176097961
5086	0.04207847533068391
5091	0.015576690217701172
5093	0.02576680587030745
5118	0.07275987455701735
5216	0.01692904550089658
5362	0.01703781872478544
5411	0.026680171310320862
5418	0.030159855526316868
5487	0.033565274371425625
5534	0.03198688762249926
5544	0.02396958454253136
5562	0.05294379736086869
5584	0.025912722599095103
5599	0.040503633856485075
5673	0.028642618459314352
5675	0.04128444620547142
5690	0.019474645970781523
5730	0.036865119280032915
5756	0.037922066680745416
5836	0.03591964761221866
5855	0.02203231518007271
5867	0.036379937278508676
5891	0.03322660470358076
5896	0.024301178901554338
5913	0.02054057154242585
5934	0.014401700128177429
5949	0.04414214843293722
5970	0.012237588737410482
5989	0.031425849876827464
5992	0.036865119280032915
6019	0.03429585324548999
6086	0.05068554710141413
6087	0.060798335742139616
6155	0.02112511086704201
6227	0.025912722599095103
6348	0.008346277694813527
6554	0.02067612027934545
6559	0.015530314501576305
6569	0.05469038523846765
6570	0.03258535474922503
6582	0.08778521545818155
6601	0.03240490990986146
6603	0.011558842703266204
6604	0.030897833993985914
6612	0.014819155913150143
6614	0.03087655187979261
6625	0.026509128437179428
6626	0.035481820238252325
6634	0.060798335742139616
6635	0.07183929522443731
6713	0.031157958905697513
6726	0.017315663863433917
6730	0.03737804065788933
6732	0.02293545808497895
6909	0.011708657219539537
6917	0.038501214787958316
6945	0.034665468511733334
7000	0.032900253062512666
7001	0.010338316564267513
7022	0.035481820238252325
7067	0.22753240008447248
7089	0.040503633856485075
7107	0.031157958905697513
7133	0.012597237934671199
7169	0.02405863221504794
7187	0.016610419801844942
7314	0.05294379736086869
7340	0.015576690217701172
7366	0.016610419801844942
7454	0.032281133035766504
7472	0.02054057154242585
7481	0.07452514557425101
7498	0.3218791233466657
7501	0.012497713649122088
7519	0.02992675979497348
7531	0.01845767048960229
7554	0.040503633856485075
7575	0.030159855526316868
7591	0.013147521027692108
7711	0.03912033481470448
7769	0.029553051037944204
7805	0.02576680587030745
7811	0.008992144927942501
7821	0.010158580176097961
7832	0.027316712461387293
8003	0.028445386759541526
8021	0.020380322978711472
8036	0.03943438531457585
8037	0.007088486728271071
8112	0.0945877654857864
8321	0.0339172285436919
8335	0.0339172285436919
8342	0.06129007505568222
8425	0.036865119280032915
8430	0.04308520103222473
8505	0.007326335217046575
8509	0.021658357692088116
8539	0.040760645957422945
8546	0.23060901518647528
8549	0.05503888865849073
8651	0.02636612081044949
8709	0.01571727295340649
8724	0.028005608373262304
8754	0.0438747094111966
8777	0.013733765759314258
8802	0.035481820238252325
8805	0.021472067394258592
8825	0.034283552104293256
8877	0.07969500454944412
8905	0.01999179125132727
8951	0.038501214787958316
8967	0.05650479386452904
9008	0.021567253548183497
9109	0.014608000733318189
9124	0.025481903176361793
9212	0.02825239693226452
9269	0.02621187300351908
9286	0.07700242957591663
9307	0.01820487402345749
9416	0.0515336117406149
9426	0.035204774661326495
9433	0.025342773550707066
9458	0.023368008374936806
9509	0.02652134094986472
9514	0.02022288593882296
9522	0.02147706503930828
9525	0.2293545808497895
9580	0.027543418998270917
9603	0.040503633856485075
9627	0.036865119280032915
9652	0.01516769219122243
9818	0.030399167871069808
9820	0.030694343591983374
9826	0.013041739671978171
9891	0.03274663118806937
9899	0.040503633856485075
9998	0.005488575467347727
10006	0.07481363146051713
10102	0.023706678042781665
10116	0.04936575426322661
10137	0.018850741256586465
10169	0.024550463850887435
10185	0.05014164601755655
10211	0.015079280824861745
10217	0.013733765759314258
10246	0.04308520103222473
10267	0.04672371560867687
10327	0.04128444620547142
10375	0.01571727295340649
10409	0.04213972936441047
10422	0.04414214843293722
10452	0.010442662869028944
10491	0.04308520103222473
10620	0.030897833993985914
10727	0.020460089558129047
10750	0.023822469082855055
10776	0.034665468511733334
10803	0.03591964761221866
10805	0.034283552104293256
10825	0.03506436445327961
10873	0.005579679611252344
10876	0.06311771299602587
10880	0.019692640846903295
10920	0.018652053853817855
10985	0.02825239693226452
11057	0.024301178901554338
11077	0.031157958905697513
11116	0.024550463850887435
11117	0.029699565860026846
11153	0.03033538438244486
11175	0.012497713649122088
11305	0.03117101414895941
11324	0.04414214843293722
11401	0.016662744621220752
11437	0.01933220359749877
11519	0.018330382098695624
11554	0.036865119280032915
11577	0.0212118137743594
11592	0.0071428179604216555
11636	0.024603832951889133
11637	0.07584413336149083
11660	0.029049820999765785
11663	0.031913170596318874
11678	0.038501214787958316
11711	0.024301178901554338
11715	0.034665468511733334
11736	0.028445386759541526
11775	0.01090019097779669
11786	0.03912033481470448
11831	0.12385333861641427
11847	0.09671962223320456
11876	0.005610254363480262
11909	0.0339172285436919
12127	0.037922066680745416
12193	0.011353217445715437
12219	0.04672371560867687
12228	0.030159855526316868
12323	0.15557713505144802
12332	0.06397377524499852
12385	0.030159855526316868
12387	0.017486596290589858
12406	0.02905058330622856
12434	0.032010446510315815
12537	0.02294028005236946
12554	0.037922066680745416
12566	0.02842082180656442
12666	0.017602387330663247
12698	0.0212118137743594
12699	0.018330382098695624
12718	0.020869917904395366
12719	0.03301335333677852
12766	0.028571271841686622
12788	0.028642618459314352
12829	0.017154281667171634
12839	0.01692904550089658
