23
t_index	tf-idf
807	0.2410562371204907
983	0.1227414278840566
1020	0.1493241435966009
2872	0.22684081921507168
2909	0.08413034448482089
4415	0.22793996836956604
4735	0.24636757781678323
5041	0.20824534582037305
6086	0.2436710445521127
6554	0.06626704078873615
6668	0.22793996836956604
8546	0.24636757781678323
8877	0.05894371841434617
8882	0.23132401158089813
9525	0.22052468004995032
9820	0.14756322448162668
10178	0.17624682413278683
10222	0.29958411526947054
10920	0.17933970157245283
11418	0.22684081921507168
11623	0.21391179580484504
12218	0.3646210854223686
12829	0.05497953521171517
