400
t_index	tf-idf
190	0.015502883463674025
496	0.13247020020740227
554	0.07921185710375757
578	0.027259589371800924
596	0.018404716727612746
618	0.02521437339335265
642	0.034381238107426375
665	0.02785847370182961
687	0.021675393211532324
697	0.05269361831272223
714	0.03079512842123262
738	0.014086152790002675
748	0.051045590812158856
806	0.05347370240066143
854	0.02147815942303862
858	0.035630178176643254
863	0.018821882988054484
871	0.01605021340602978
872	0.021088855980917823
888	0.03901629527992782
932	0.14141297804031236
977	0.01605021340602978
983	0.03619280225863042
1006	0.020732125231722333
1020	0.014677085248229433
1032	0.023443992569254102
1105	0.0705092699672669
1179	0.04171699649253453
1181	0.05347370240066143
1206	0.038521272407540344
1240	0.012325231722217283
1253	0.027069004482632834
1273	0.01589740439515865
1301	0.0358125243321029
1350	0.06344242330438604
1358	0.022966081873898047
1427	0.035838643538471084
1428	0.027259589371800924
1471	0.03976670076328991
1490	0.01674617924523603
1497	0.016525889699935573
1507	0.020212738216311688
1511	0.04472152876680064
1555	0.020129184134978915
1561	0.01875091461863649
1565	0.028502885153362925
1655	0.050035086356530874
1853	0.05347370240066143
1917	0.03532450608723636
2012	0.027069004482632834
2057	0.027467597796693152
2075	0.026175476649253338
2076	0.033051779399871146
2087	0.034292031091057155
2098	0.04843098851830999
2168	0.05347370240066143
2264	0.021675393211532324
2277	0.034292031091057155
2294	0.014677085248229433
2314	0.03827838044840398
2407	0.027259589371800924
2436	0.024351187884488503
2464	0.014943515661730838
2468	0.025064269109232377
2608	0.05347370240066143
2615	0.024000524108362085
2631	0.020732125231722333
2640	0.019185916155168924
2668	0.029960290584407634
2683	0.09140588495804167
2685	0.026175476649253338
2712	0.024351187884488503
2721	0.056135767233660976
2793	0.03172121165219302
2813	0.015172119008493691
2891	0.07840575264753691
2894	0.05451917874360185
2909	0.008269180108626002
2915	0.03827838044840398
2917	0.04843098851830999
2996	0.05073436480844756
3008	0.044156733402467424
3016	0.01972333298049248
3061	0.025681317230002842
3133	0.01996450574406612
3158	0.08343399298506907
3167	0.021142137700844527
3195	0.023820973327670376
3212	0.01996450574406612
3214	0.01555120650413491
3238	0.01720470554208308
3246	0.04171699649253453
3252	0.028502885153362925
3268	0.029200319379838958
3294	0.05959410104384398
3300	0.04257081722215224
3390	0.020468456202297668
3432	0.03627517381239485
3438	0.01964444245201598
3474	0.02262453219929948
3476	0.04009289045682119
3493	0.050035086356530874
3555	0.03697107930147955
3597	0.029446153133172916
3608	0.03483976440427342
3822	0.03172121165219302
3824	0.018137586906197423
3886	0.024489088006687688
3900	0.1380651814960191
3901	0.04416835872389776
3995	0.02536718240422378
4010	0.031092726347416094
4087	0.022736860605122793
4120	0.025681317230002842
4130	0.06339828830070572
4134	0.021576202950327972
4136	0.01948882945016033
4138	0.020912571840357948
4141	0.06706492651469799
4144	0.022404242653999023
4158	0.05700577030672585
4163	0.02785847370182961
4176	0.033532463257348995
4181	0.04171699649253453
4200	0.08966109397038503
4222	0.02251367218074594
4225	0.02828259560806247
4240	0.033137942325864374
4280	0.026700221569857737
4288	0.023443992569254102
4353	0.07001762828030812
4366	0.028067883616830488
4369	0.021980120747766164
4457	0.04604698211480712
4564	0.013726917739370067
4587	0.01854125284055585
4598	0.014764968632150183
4602	0.047595349446597976
4673	0.023443992569254102
4742	0.03638597348082683
4783	0.022850696819760714
4859	0.026393406365103886
4895	0.022830312467056663
4920	0.015847073857788066
4949	0.04623774875597153
4955	0.029446153133172916
4990	0.019200943706636466
4991	0.047595349446597976
5041	0.020468456202297668
5042	0.03022954083855195
5054	0.06706492651469799
5239	0.034175457839669195
5252	0.04276247283547495
5255	0.042849432255542996
5369	0.010593346972641804
5376	0.047595349446597976
5469	0.03464663650795579
5515	0.013419891606928792
5548	0.011151487204103666
5578	0.022404242653999023
5647	0.05347370240066143
5725	0.01750440707007703
5726	0.050035086356530874
5728	0.028502885153362925
5791	0.03638597348082683
5792	0.020468456202297668
5818	0.050035086356530874
5899	0.02262453219929948
5925	0.01972333298049248
5934	0.040831429488290646
5945	0.03638597348082683
6220	0.09140588495804167
6281	0.05347370240066143
6298	0.05382786112082077
6323	0.022850696819760714
6388	0.0503779279054464
6391	0.016471699926705254
6428	0.15971604595252897
6561	0.09519069889319595
6603	0.06554282711125789
6626	0.033532463257348995
6630	0.023567800179109467
6660	0.020643321586213632
6671	0.03944666596098496
6824	0.0665685919883011
6827	0.016802157472606428
6842	0.02491677546716917
6909	0.02213077657069164
6952	0.05269361831272223
6958	0.02892256091495691
6959	0.023374573322254406
7001	0.029311000789108744
7008	0.035838643538471084
7040	0.09420344508042863
7103	0.023820973327670376
7119	0.022404242653999023
7134	0.028067883616830488
7165	0.04059424739037978
7206	0.014168092274347146
7288	0.05347370240066143
7296	0.04679941940692551
7327	0.011474879513136861
7340	0.02944182620220047
7343	0.33728867420433783
7366	0.015697849996264526
7391	0.05347370240066143
7413	0.05347370240066143
7451	0.05347370240066143
7497	0.032400027494340525
7575	0.028502885153362925
7584	0.11722325471665221
7651	0.018472834930425053
7726	0.020190223554872325
7731	0.02652167454027708
7769	0.013964709130171097
7821	0.009600471853318233
7832	0.012907971614369391
7894	0.028067883616830488
7975	0.017087728919834597
8006	0.03638597348082683
8018	0.023567800179109467
8023	0.06754101654223782
8026	0.03901629527992782
8036	0.018633937996388
8089	0.010006866583914946
8112	0.22347787891441495
8117	0.14033941808415243
8131	0.017878615008244492
8153	0.03483976440427342
8183	0.026700221569857737
8199	0.047595349446597976
8205	0.044156733402467424
8238	0.05347370240066143
8379	0.024771803207807884
8388	0.02944182620220047
8390	0.024489088006687688
8392	0.027654110303285545
8425	0.03483976440427342
8464	0.019260636203770172
8505	0.05539063437603095
8521	0.050128538218464753
8539	0.019260636203770172
8572	0.04570294247902083
8645	0.013687926081463053
8665	0.017942620373606923
8709	0.0742688613882944
8719	0.0694235110492367
8724	0.01323349573768061
8777	0.012979238173715706
8805	0.03043860092813387
8844	0.0504287467867053
8877	0.017380752218183474
8879	0.02706745564313343
8882	0.022736860605122793
8890	0.02745455590439142
8905	0.018893450253744434
8927	0.026882608613384654
8929	0.04816387526068837
8940	0.034381238107426375
8950	0.029960290584407634
9000	0.018007112476459395
9065	0.05745809954764832
9124	0.024081937630344184
9168	0.03759956460625647
9186	0.054810300243659175
9273	0.04570294247902083
9276	0.05940889282781817
9280	0.020212738216311688
9316	0.02652167454027708
9317	0.044156733402467424
9381	0.03837183231033785
9389	0.02395045173055243
9390	0.016580427962847907
9461	0.03982458952495739
9465	0.03483976440427342
9489	0.027069004482632834
9495	0.008498120090127625
9502	0.023693442042385077
9527	0.029699326281733822
9529	0.05792282290041997
9531	0.03205382960331679
9534	0.02491677546716917
9553	0.03405968031633423
9579	0.044156733402467424
9652	0.028668770524496474
9671	0.03697107930147955
9783	0.17267324539652032
9831	0.059398652563467644
9891	0.006877232088261102
9998	0.025935176656411867
10116	0.10885844552894437
10117	0.05347370240066143
10128	0.020602677709696773
10131	0.05923701687694158
10133	0.041825143680715896
10135	0.05288195247545018
10171	0.018270100081219726
10181	0.025064269109232377
10189	0.05201507417808473
10190	0.06443447826911586
10191	0.06889824562169412
10205	0.028067883616830488
10208	0.16042110720198427
10209	0.014898525260960995
10217	0.012979238173715706
10312	0.10694740480132287
10419	0.017815089088321627
10424	0.027654110303285545
10452	0.009868947156974927
10460	0.025681317230002842
10541	0.018270100081219726
10619	0.028502885153362925
10657	0.03532450608723636
10671	0.041464250463444666
10696	0.018404716727612746
10722	0.017878615008244492
10738	0.024215494259154997
10771	0.04502734436149188
10784	0.03638597348082683
10831	0.04640334241608268
10873	0.005273134250040218
10890	0.016915234756584272
10896	0.09327817904224829
10920	0.017627317491816726
10941	0.034381238107426375
10948	0.00915586593223105
10974	0.023693442042385077
10991	0.10694740480132287
11008	0.234727242801443
11016	0.030814111314025342
11020	0.029446153133172916
11032	0.02147815942303862
11064	0.02536718240422378
11086	0.056135767233660976
11175	0.035433282812947706
11184	0.019802964275939392
11194	0.07704395169000852
11270	0.040718117358336886
11279	0.021877323481195712
11305	0.009819497042201078
11404	0.0195662790355265
11437	0.018270100081219726
11499	0.03532450608723636
11514	0.01589740439515865
11516	0.13307563201105477
11519	0.017323318253977895
11536	0.01972333298049248
11541	0.05940889282781817
11592	0.027001577619578082
11623	0.02102541214708848
11643	0.02745455590439142
11734	0.031092726347416094
11736	0.08064782584015395
11775	0.020602677709696773
11791	0.03079512842123262
11857	0.030344238016987383
11876	0.0053020292376367096
11879	0.06480005498868105
11982	0.0504287467867053
12055	0.027127913018292638
12114	0.05347370240066143
12170	0.02785847370182961
12188	0.03227089881785712
12193	0.032188428690649785
12262	0.035131279230381306
12271	0.03982458952495739
12329	0.05214975771499121
12371	0.03944666596098496
12411	0.024771803207807884
12420	0.02038235728353982
12434	0.04537770811577326
12435	0.023820973327670376
12467	0.02029712369518989
12488	0.022652705176039265
12489	0.01450400432947637
12516	0.027769404419694686
12537	0.0216799502619673
12544	0.03079512842123262
12545	0.040718117358336886
12553	0.02785847370182961
12566	0.01790626216605145
12568	0.03901629527992782
12581	0.05024141793200684
12584	0.01631117770870359
12610	0.044156733402467424
12612	0.014334385262248237
12624	0.015847073857788066
12666	0.01663531922668249
12683	0.042849432255542996
12698	0.06013933568523179
12719	0.07799903234487586
12727	0.05347370240066143
12739	0.010379985514202772
12755	0.025681317230002842
12766	0.06075354964405069
12767	0.05269361831272223
12790	0.026007537089042364
12867	0.06787359659789842
12868	0.10843259265893387
12905	0.033532463257348995
