230
t_index	tf-idf
3	0.01850163626401367
16	0.04482923102710995
45	0.06172709704453906
67	0.036148452551686826
176	0.07548743907347198
182	0.031725584555224055
307	0.04773166285531233
348	0.04916706822045712
433	0.024103973060132372
449	0.06844180945533206
569	0.039805386064168724
585	0.047286032958942605
618	0.03908163503840629
632	0.02741819158839996
635	0.05261580003970407
807	0.03672423027368366
863	0.029173438110052716
880	0.0322733647735482
885	0.14167678809874812
890	0.04110791844082706
939	0.04916706822045712
977	0.024877421018456115
979	0.053290041315768796
1020	0.04549821485947383
1154	0.04603319751484557
1156	0.04685501654157098
1158	0.05933051245049706
1171	0.029063438949272616
1183	0.047286032958942605
1243	0.09638586408648256
1497	0.02561470713002567
1555	0.031199721512473497
1860	0.04317992301283904
1944	0.024407913144575886
2069	0.020117487810164505
2243	0.07377157653609352
2294	0.022749107429736914
2464	0.0231620677687132
2506	0.018899994719232673
2622	0.06844180945533206
2729	0.14926747196535678
2731	0.04255386073880458
2778	0.030694089059333726
2813	0.07054919135990176
2837	0.05261580003970407
2867	0.07083839404937406
2872	0.03455855189576096
2894	0.042251667590772035
2909	0.03845105417024198
2910	0.06466027953125852
2912	0.05554898252642353
2918	0.022749107429736914
3000	0.02884616420072871
3238	0.026666854355230613
3474	0.03506744730609881
3684	0.05261580003970407
3809	0.02309233379612191
3875	0.07377157653609352
3890	0.04968261755298461
3920	0.06844180945533206
3981	0.05406026120227797
4010	0.04819293204324128
4072	0.06172709704453906
4078	0.04110791844082706
4191	0.042251667590772035
4264	0.030088229613084418
4339	0.056397329963777595
4369	0.03406862600800404
4421	0.03753339788171836
4426	0.022348726538479614
4457	0.0118952744502556
4466	0.10272592919121405
4587	0.014369234272949496
4618	0.04255386073880458
4640	0.020117487810164505
4730	0.04317992301283904
4735	0.6005343661074938
4949	0.028666932050031457
4953	0.044178744310933805
4968	0.03524155346738815
4970	0.043793051746325605
4990	0.02976097254645964
5086	0.030818685470925374
5091	0.02281703948276446
5118	0.053290041315768796
5183	0.05933051245049706
5216	0.02479799586439228
5362	0.024957329003169045
5484	0.016129598498776276
5487	0.04916706822045712
5534	0.04685501654157098
5544	0.017555557350395618
5584	0.0379574612055637
5599	0.05933051245049706
5630	0.06466027953125852
5730	0.054000745369735606
5756	0.05554898252642353
5791	0.056397329963777595
5836	0.05261580003970407
5842	0.02479799586439228
5855	0.0322733647735482
5885	0.032556060034685724
5907	0.054000745369735606
5925	0.030570662584372733
5989	0.09206639502969113
6086	0.07424517745780533
6087	0.08905858739736174
6155	0.03094447421078713
6348	0.012225790269634159
6554	0.010095594681770082
6569	0.04005577121562213
6582	0.04286316496247983
6603	0.016931618119732483
6604	0.04525974955652183
6614	0.04522857510077811
6625	0.019415544051760155
6626	0.051974461967314825
6635	0.05261580003970407
6668	0.1736300206743033
6713	0.04564078559806995
6730	0.05475208260290495
6959	0.018114995949089264
7001	0.015143767638400309
7042	0.04819293204324128
7089	0.05933051245049706
7472	0.030088229613084418
7481	0.08733270882380854
7498	0.1285894948874395
7519	0.04383730113969567
7554	0.05933051245049706
7575	0.044178744310933805
7584	0.02595615030126381
7591	0.019258745099034226
7726	0.01564716552748796
7811	0.026343738366504423
8036	0.014441064085596457
8037	0.02076670708495125
8112	0.04618466759224382
8306	0.044178744310933805
8321	0.04968261755298461
8342	0.044889448364900615
8425	0.054000745369735606
8430	0.0631120423745706
8505	0.010731758645450541
8509	0.031725584555224055
8539	0.029853494393071358
8546	0.1876669894085918
8549	0.12093305555192549
8618	0.07377157653609352
8645	0.021215935974417333
8677	0.036337589958759256
8724	0.04102316108626253
8754	0.09640279445813804
8802	0.051974461967314825
8805	0.03145270289542178
8825	0.05021921544566207
8877	0.04489953701454365
8880	0.02884616420072871
8967	0.041384661778383194
9201	0.06047426160044202
9286	0.11279465992755519
9316	0.04110791844082706
9364	0.038174735954107614
9426	0.02578432010275479
9433	0.037122588728902665
9458	0.03422991420337769
9502	0.03672423027368366
9509	0.038848977230172346
9514	0.02962287754796626
9521	0.07377157653609352
9522	0.031460023543314605
9525	0.134385224426062
9580	0.020173068539929565
9603	0.05933051245049706
9652	0.022217931200574106
9818	0.04452929369868087
9820	0.044961672848828224
9891	0.026648835403807296
9993	0.06844180945533206
10006	0.03652948859323496
10022	0.058278365225292124
10102	0.03472600413486067
10128	0.015966812232513217
10185	0.03672423027368366
10217	0.020117487810164505
10246	0.0631120423745706
10267	0.06844180945533206
10327	0.06047426160044202
10375	0.023022967814544347
10409	0.06172709704453906
10422	0.06466027953125852
10566	0.04916706822045712
10620	0.04525974955652183
10736	0.04195626587818115
10771	0.03489561710758979
10775	0.04773166285531233
10803	0.05261580003970407
10876	0.030818685470925374
10880	0.02884616420072871
10890	0.02621818202787753
10920	0.027321892088062554
10985	0.041384661778383194
11057	0.035596840581985915
11077	0.04564078559806995
11092	0.09833413644091424
11175	0.03661378916712993
11401	0.024407913144575886
11577	0.031071478319611434
11660	0.02127637204871875
11663	0.02337351720229142
11795	0.03375186795764483
11847	0.14167678809874812
11876	0.008218009957880034
11889	0.024942990099327475
12219	0.06844180945533206
12228	0.044178744310933805
12332	0.04685501654157098
12387	0.02561470713002567
12406	0.04255386073880458
12537	0.016801684709174255
12554	0.05554898252642353
12566	0.013877124605843616
12698	0.031071478319611434
12699	0.02685070103049286
12718	0.030570662584372733
12719	0.04835860352976175
12766	0.04185175596184965
12788	0.04195626587818115
12792	0.04286316496247983
12829	0.01675195079433601
