43
t_index	tf-idf
402	0.15206468860633082
612	0.0894346701834897
632	0.08817273315481766
758	0.08156780093460718
807	0.11809953788518807
880	0.10378623152484212
1555	0.10033355812524931
1860	0.1388600636617992
2615	0.059815091474032
2729	0.19200859300821135
2872	0.11113504567569729
2971	0.16714196306980808
3031	0.16329642670189903
3981	0.05794985870238623
4735	0.48280679127189347
4990	0.047853380160145974
5117	0.22780549896929872
5369	0.052802348425712964
5836	0.16920440874703235
5925	0.09831060030809151
6259	0.2665387127472202
6668	0.11167354660296347
6909	0.055155229902086676
7206	0.0706206024148725
7281	0.08879899277405488
7426	0.14803576040575608
7575	0.14207212101074262
8386	0.06398728690274269
8546	0.24140339563594673
8549	0.25926820647276505
8877	0.028878016138986686
9353	0.1549811380993764
9525	0.21608121919832501
9820	0.0722949500427882
9827	0.2665387127472202
9998	0.0258546847909535
10006	0.11747327826595085
11418	0.11113504567569729
11623	0.052400395307165164
11663	0.07516567562534307
11876	0.02642786985945327
12434	0.07539479136849947
12829	0.026935862681704704
