220
t_index	tf-idf
176	0.040681018220840214
178	0.04491000176305315
604	0.028546706420977994
688	0.06518050070992525
738	0.023532282738315986
807	0.07916438015368178
813	0.06078629334954997
847	0.038367064457191645
871	0.026813436252733604
880	0.06956989700618547
901	0.0303005958852257
902	0.015998439595496763
977	0.05362687250546721
1020	0.024519492652445952
1023	0.024302079969106334
1123	0.051004371958320374
1168	0.06518050070992525
1182	0.08933299977052797
1243	0.05194341126498198
1301	0.02991414549876206
1471	0.03321706288021765
1490	0.027976114604201897
1504	0.07951264173431431
1511	0.05603373442979765
1774	0.08861405286166547
1860	0.04654027892375787
1944	0.02630739025073427
2057	0.030591521907144557
2087	0.028644079875330034
2198	0.04460530653930639
2312	0.07635119258060427
2314	0.06394774250326003
2506	0.04074166716921185
2535	0.04838284327220575
2580	0.06969228369810067
2613	0.056019228106355
2722	0.0547303597992668
2754	0.05194341126498198
2778	0.06616554020753143
2801	0.02204637100953863
2892	0.042378335483787895
2909	0.013814466393432366
3187	0.034050702247816665
3212	0.033352640774529624
3214	0.051959593770269145
3216	0.033908311282039603
3241	0.03109103569691994
3269	0.06518050070992525
3294	0.04977885928849285
3496	0.06802355934463304
3517	0.06518050070992525
3527	0.06281371488317057
3651	0.06511595489514849
3809	0.024889429644246425
3839	0.0363785120339277
3853	0.05901300924594417
3881	0.03205193144557491
3900	0.07096961841161711
4032	0.07158412733740928
4136	0.03255797744757424
4339	0.06078629334954997
4457	0.012820990686457154
4466	0.05536014267371159
4472	0.02223157340936126
4587	0.015487479465515642
4735	0.5259062753789091
4765	0.03555933696757337
4930	0.11203845621271
4970	0.023600561337158227
4990	0.0481155546389937
5028	0.06969228369810067
5041	0.06838907766372661
5043	0.05820320130841939
5091	0.024592711326199154
5117	0.07635119258060427
5183	0.12789548500652007
5252	0.1428777064051372
5515	0.022419228892358332
5548	0.018629639600809017
5556	0.030746862128329548
5690	0.061493724256659096
5728	0.04761683067662919
5781	0.05050137625705386
5791	0.06078629334954997
5839	0.06802355934463304
5955	0.07376810053947368
5989	0.04961560147887096
6086	0.08002309931406644
6087	0.04799466058330712
6117	0.09044278823699138
6253	0.07635119258060427
6323	0.038174302547093475
6388	0.04208060429682583
6522	0.07951264173431431
6554	0.02176251181601604
6560	0.040911393733133586
6563	0.11487437742568567
6587	0.038367064457191645
6603	0.018249273619329973
6612	0.023396704844004
6696	0.029656494887441404
6713	0.04919265120973053
6796	0.04919265120973053
6798	0.04336614929359486
6809	0.08358845857568734
6985	0.046658798681036666
7001	0.01632228870899483
7079	0.08358845857568734
7089	0.06394774250326003
7123	0.08358845857568734
7133	0.019888707530612677
7187	0.026224779043852692
7472	0.09728928405675852
7501	0.059194731303268744
7726	0.016864862121198552
7769	0.046658798681036666
7811	0.014196932809572954
7823	0.07635119258060427
7832	0.0215640169559342
7951	0.07158412733740928
8035	0.0303005958852257
8037	0.011191408791699749
8089	0.008358719988626787
8100	0.08933299977052797
8112	0.07466828893273926
8132	0.07158412733740928
8263	0.08933299977052797
8296	0.06518050070992525
8371	0.040911393733133586
8386	0.021445951424026433
8425	0.11640640261683878
8464	0.03217675852477237
8505	0.011566927540681579
8536	0.07951264173431431
8546	0.20227164437650352
8549	0.21724055007444942
8724	0.08843134614766318
8729	0.04586549511627999
8754	0.03463502348670549
8775	0.03217675852477237
8805	0.016950210462669972
8877	0.029036230225558166
8879	0.022609403316039188
8891	0.05536014267371159
8922	0.041383696862764704
8926	0.06281371488317057
9124	0.08046241917891944
9276	0.033082770103765716
9307	0.02874212719977845
9330	0.044014896868076955
9386	0.04961560147887096
9443	0.03398615643303991
9495	0.014196932809572954
9497	0.03876063926103208
9514	0.0638563891462589
9522	0.033908311282039603
9525	0.10863253205942046
9570	0.03463502348670549
9580	0.043485961580674797
9820	0.024230344211603024
9826	0.020590493517032432
9891	0.005744541194840637
9998	0.02599633494164622
10006	0.03937229317351688
10131	0.024740293721503784
10137	0.02976183204062724
10167	0.0303005958852257
10209	0.024889429644246425
10327	0.06518050070992525
10452	0.016487032214520622
10476	0.07309637619186991
10535	0.05050137625705386
10646	0.08933299977052797
10655	0.0547303597992668
10660	0.06435351704954474
10824	0.04553978463749795
10853	0.030191191620819572
10920	0.029448141399537907
10976	0.02581879763171041
11046	0.03433985068865959
11116	0.03876063926103208
11127	0.03433985068865959
11175	0.01973157710108958
11194	0.08580625627995873
11301	0.06518050070992525
11316	0.02742761584163807
11346	0.056019228106355
11418	0.07449594775570344
11437	0.061043943960870636
11519	0.05788056244963686
11592	0.011277187753058155
11623	0.07024997537809832
11635	0.05299335684695692
11637	0.059871925661887024
11656	0.048781962111271934
11736	0.04491000176305315
11856	0.05901300924594417
11943	0.05194341126498198
12004	0.08933299977052797
12134	0.08933299977052797
12188	0.01797055416816562
12193	0.01792462938941682
12329	0.05808081461650421
12330	0.04654027892375787
12387	0.027608099579688992
12458	0.06078629334954997
12489	0.024230344211603024
12516	0.023195740029977794
12520	0.06781662256407921
12537	0.018109228506996238
12576	0.043728669318253255
12612	0.02394697912907639
12624	0.026474071959599534
12666	0.027790912204379264
12674	0.0358813458704131
12748	0.06363819492581879
12766	0.03383156325917446
12767	0.044014896868076955
12788	0.04522139411849569
12829	0.054166872570869225
