275
t_index	tf-idf
3	0.015890846025129485
166	0.035787621459026524
176	0.12967061442895958
178	0.035787621459026524
181	0.035074335467265905
189	0.02063829938903814
338	0.03794462356792204
348	0.04222903852660802
385	0.03920035428518037
433	0.020702629704024846
607	0.048822841644955345
618	0.03356677409195233
634	0.028085420111443212
807	0.03154202581560787
847	0.06114744713359811
871	0.02136693540319586
908	0.03440344863136882
920	0.040243243502479084
939	0.04222903852660802
945	0.05704354377766991
1022	0.027481536081901424
1044	0.03137476438994118
1123	0.020322033898264355
1166	0.04638062913288167
1171	0.024962258835557277
1240	0.03281606585232073
1241	0.04139236398719152
1343	0.044115069074755715
1428	0.036289479179516526
1471	0.02646982021087086
1475	0.025345005310861157
1511	0.014883945654165055
1536	0.049217953882430714
1737	0.016232991594546293
1782	0.04577021346316123
1906	0.02524809536189417
2045	0.051940658969994905
2069	0.034557365266718584
2076	0.0220001821013923
2083	0.044115069074755715
2109	0.021714345575055412
2121	0.027020658223950455
2219	0.05797819491443
2281	0.07649141294057639
2292	0.05878389566285818
2317	0.03708674725751615
2349	0.019308536014802674
2506	0.04869897478363888
2551	0.06336157229759552
2619	0.04222903852660802
2637	0.037365525365533794
2729	0.07692248554822408
2778	0.026362805762871058
2809	0.03530712597714061
2813	0.020197967377947473
2872	0.11872779665334324
2878	0.07362937470490838
2888	0.055535982402356326
2909	0.03302517531985444
2918	0.019538950945555748
2992	0.026362805762871058
2996	0.03377020193317238
3103	0.040613438626035656
3164	0.032787848730796466
3178	0.04464027724769339
3232	0.05878389566285818
3238	0.06871157834149229
3293	0.05797819491443
3365	0.01771576714270633
3427	0.06336157229759552
3432	0.02414576292480807
3514	0.03794462356792204
3566	0.05878389566285818
3575	0.0500546284218472
3640	0.03654902945478459
3647	0.06660948555809738
3808	0.02025983021620402
3839	0.05797819491443
3841	0.0500546284218472
3870	0.12168459010250275
3900	0.07069232184087773
3901	0.029399685968167825
3902	0.03654902945478459
3962	0.060842295051251376
3964	0.055535982402356326
3967	0.045191115260772984
3981	0.046431746607979135
4072	0.05301670515601218
4083	0.028723439559545396
4193	0.08445807705321604
4260	0.019953851062340575
4344	0.025842439940311674
4352	0.04771039250711714
4426	0.019195068328711262
4457	0.010216716619995963
4472	0.01771576714270633
4501	0.030573723566799056
4569	0.032417653607239895
4598	0.019655946186662235
4620	0.03169759556769466
4673	0.03120994482428919
4708	0.018274035192075086
4717	0.028989097457215
4721	0.055535982402356326
4735	0.6125032036366204
4760	0.06660948555809738
4797	0.06660948555809738
4903	0.04577021346316123
4921	0.025345005310861157
4950	0.045191115260772984
4953	0.03794462356792204
4968	0.030268571484452323
4990	0.0639034063724617
5014	0.060842295051251376
5030	0.04638062913288167
5041	0.02724874557202672
5043	0.04638062913288167
5118	0.04577021346316123
5369	0.028204903541412495
5391	0.06336157229759552
5414	0.01869812034508224
5487	0.04222903852660802
5501	0.05878389566285818
5515	0.017865304954475802
5594	0.024868565851915915
5662	0.060842295051251376
5693	0.040613438626035656
5712	0.06660948555809738
5730	0.04638062913288167
5782	0.045191115260772984
5795	0.03484624811918965
5817	0.05878389566285818
5836	0.045191115260772984
5861	0.06336157229759552
5907	0.09276125826576334
5930	0.043613211354265706
5934	0.018119022142693994
5946	0.04973713170383183
5972	0.04702594418041957
5992	0.04638062913288167
6026	0.055535982402356326
6086	0.031884171385024675
6087	0.038245706470288195
6155	0.02657785873612963
6173	0.02515201018844962
6230	0.04577021346316123
6246	0.02668694112803738
6298	0.023886212649540002
6391	0.02192804166594544
6570	0.040996185101339545
6614	0.019423155676787526
6625	0.01667579108236712
6626	0.13392083174308017
6668	0.029825771996631494
6713	0.03920035428518037
6730	0.04702594418041957
6732	0.02885548714359704
6760	0.018170457036822532
6766	0.06336157229759552
6854	0.06660948555809738
6909	0.014730859380065346
6917	0.04843902852127485
6958	0.019251659623812697
7001	0.013006810659780694
7052	0.05301670515601218
7133	0.03169759556769466
7287	0.055535982402356326
7340	0.03919459403438224
7481	0.03750453768178088
7483	0.025345005310861157
7498	0.1104440620573626
7574	0.018484086641425215
7808	0.022903859447164093
7811	0.02262633878078431
7867	0.06660948555809738
7957	0.06660948555809738
8035	0.02414576292480807
8036	0.012403266529976519
8060	0.01636401751082348
8089	0.006660848254098071
8112	0.019833744187740344
8212	0.02063829938903814
8321	0.04267183801442884
8330	0.055535982402356326
8388	0.01959729701719112
8391	0.03988480261187794
8474	0.060842295051251376
8509	0.02724874557202672
8546	0.09671103215315059
8549	0.24235874355310133
8598	0.032417653607239895
8677	0.03120994482428919
8691	0.05704354377766991
8724	0.05285149326661196
8739	0.06336157229759552
8746	0.04139236398719152
8754	0.027599756426338704
8802	0.08928055449538679
8805	0.06753592650578692
8877	0.007712740852931816
8899	0.03953739244001839
8948	0.03920035428518037
9000	0.023972068118299522
9068	0.04002877415452675
9113	0.02997145065959091
9156	0.030573723566799056
9201	0.051940658969994905
9239	0.060842295051251376
9245	0.05420621902812087
9260	0.05513571725388619
9276	0.026362805762871058
9286	0.04843902852127485
9299	0.04638062913288167
9525	0.05771097428719408
9588	0.05420621902812087
9837	0.049217953882430714
9891	0.022888383173686643
9993	0.05878389566285818
9997	0.026797087755203855
10001	0.04267183801442884
10006	0.03137476438994118
10059	0.05420621902812087
10135	0.023466463943574413
10137	0.023716435920368675
10148	0.03920035428518037
10178	0.02306176327616254
10357	0.02724874557202672
10375	0.01977416653109951
10384	0.060842295051251376
10543	0.0500546284218472
10658	0.03484624811918965
10665	0.02524809536189417
10685	0.06336157229759552
10687	0.034622677650443044
10722	0.023801005152757237
10750	0.02997145065959091
10803	0.045191115260772984
10837	0.055535982402356326
10840	0.04180295249814434
10890	0.02251849986231634
11077	0.07840070857036074
11174	0.03356677409195233
11175	0.04717075379838841
11239	0.04843902852127485
11249	0.04638062913288167
11301	0.051940658969994905
11381	0.036289479179516526
11437	0.04864434364451353
11514	0.02116350756197581
11519	0.04612352655232508
11592	0.008986499901695347
11660	0.03654807038415017
11663	0.020075249433465666
11686	0.03794462356792204
11737	0.044115069074755715
11795	0.028989097457215
12011	0.05878389566285818
12017	0.060842295051251376
12035	0.06660948555809738
12057	0.03171180254477919
12188	0.014320270869112526
12248	0.06336157229759552
12371	0.02625679616020448
12387	0.0220001821013923
12406	0.03654902945478459
12458	0.04843902852127485
12488	0.015078269551924903
12489	0.019308536014802674
12544	0.040996185101339545
12566	0.011918905292280242
12666	0.022145860764351717
12739	0.01381841314862252
12766	0.008986499901695347
12788	0.036035761991298335
12829	0.021582091461643794
