183
t_index	tf-idf
16	0.024935107577187265
632	0.030501328760925622
633	0.035594596620696646
697	0.04542893159158314
807	0.040853818438684665
854	0.03703407988996498
902	0.03302481976201217
977	0.027674852105451054
1044	0.04063717832951955
1137	0.09220293637424438
1170	0.03881958028786571
1171	0.03233158187901431
1173	0.048766744142938044
1240	0.021251989394086956
1243	0.05361215963002289
1471	0.03428420340916849
1511	0.019277963215210508
1596	0.0808474019257158
1807	0.0541439615053221
1861	0.0672745074634933
1879	0.03150252927537972
2057	0.015787156791114004
2069	0.0223796710867447
2373	0.047683067719444736
2386	0.06273913058479606
2464	0.0257666097896571
2615	0.020691654944061402
2729	0.066420955897818
2778	0.0341455963059197
2891	0.015021382885801389
2894	0.04700280832630546
2909	0.014258273753144491
2996	0.08747958716924625
3028	0.05713865789489937
3167	0.012151562916169483
3214	0.053628862018940765
3269	0.2018235223904799
3285	0.039010732551095065
3294	0.025689034329694518
3359	0.032701802663765975
3378	0.03428420340916849
3390	0.03529308202298923
3522	0.039010732551095065
3900	0.16481161790568782
3981	0.020046420573434295
4020	0.05034914488834056
4155	0.04573044618929056
4209	0.032453950291079794
4280	0.04603830892684494
4472	0.022945791071922995
4564	0.02366887023184633
4587	0.015985034504880317
4682	0.06466316375802862
4735	0.33403180647093267
4765	0.03670172604024833
4949	0.015945244167654294
4970	0.024358759483685828
4990	0.0496613282257005
5314	0.07307627845105749
5369	0.01826575780353494
5469	0.029870024686051162
5556	0.031734644306227786
5769	0.01922814054381716
5838	0.04542893159158314
5899	0.039010732551095065
5900	0.07880407206396814
5919	0.08627384446366623
5992	0.06007305341590024
6086	0.041296971743239944
6227	0.04222572445845768
6484	0.04603830892684494
6554	0.011230830138191887
6556	0.028033715266402387
6559	0.025307212640004528
6560	0.04222572445845768
6563	0.059282431688282906
6582	0.047683067719444736
6603	0.09417777409924055
6625	0.021598794737633875
6636	0.12966337124422023
6713	0.15231908369434038
6798	0.0447593421734894
6909	0.07631873210390834
6959	0.04030400365134012
7001	0.016846663060496522
7022	0.05781891728803865
7067	0.24718155067385053
7133	0.0205276576373967
7187	0.027067283532626826
7206	0.024429572890391354
7247	0.0378995951995167
7481	0.09715314939093778
7574	0.047881865550946014
7584	0.3176237128075126
7726	0.05222000200762152
7809	0.06866822249537423
7811	0.029306054781837343
7818	0.05034914488834056
7821	0.0165537760752335
7832	0.08902715406259451
8036	0.01606494147917207
8037	0.011550947079017502
8089	0.008627254533724314
8112	0.07706710298908355
8140	0.032210228984148284
8183	0.04603830892684494
8340	0.17254768892733247
8388	0.025382783557076773
8414	0.05994673489534573
8448	0.07193123723705655
8505	0.011938529846960446
8546	0.2922778306620661
8549	0.17937574395014122
8559	0.0541439615053221
8651	0.021482276671678745
8665	0.030937866847133386
8724	0.15972655296196117
8777	0.0223796710867447
8805	0.034989515203433644
8865	0.031274041190642594
8877	0.07991748312231349
8938	0.034852155957781454
8956	0.04993720384730633
9026	0.02758649570425744
9109	0.023804268790944487
9178	0.03621694330484213
9372	0.09085786318316628
9489	0.09334837821124799
9495	0.04395908217275602
9510	0.03863089457434412
9525	0.14949665435134885
9529	0.04993720384730633
9627	0.06007305341590024
9652	0.04943261277837507
9728	0.09085786318316628
9745	0.15227598979014462
9820	0.025008774936555237
9891	0.0118581838211563
10006	0.04063717832951955
10026	0.03807902002615003
10121	0.0274113685822569
10128	0.017762257864369774
10137	0.06143593774018148
10185	0.040853818438684665
10424	0.047683067719444736
10452	0.017016699161344843
10476	0.03772234527285136
10723	0.0585323729267803
10873	0.009092290975223238
10920	0.06078840103379411
11018	0.05361215963002289
11175	0.04073095838466341
11305	0.016931433964032905
11437	0.03150252927537972
11516	0.04589158214384599
11519	0.029870024686051162
11592	0.023278963597921587
11636	0.06013926172030289
11663	0.02600183641534781
11699	0.03499765904791012
11710	0.09146089237858113
11734	0.05361215963002289
11736	0.0927055857468721
11742	0.0637480091986168
11775	0.017762257864369774
11795	0.03754721815085082
11974	0.06273913058479606
12188	0.0741915246027115
12217	0.08206708680565046
12228	0.049146582119688975
12273	0.09220293637424438
12323	0.1086508299145264
12387	0.02849504500575021
12411	0.08542640185754415
12434	0.026081093736248208
12470	0.05120956598432123
12488	0.019529655141524573
12516	0.023940932775473007
12537	0.03738202115917502
12566	0.030875175592415302
12567	0.04107371641572731
12631	0.07388385876721072
12829	0.027953526233714103
