217
t_index	tf-idf
578	0.07223786172691617
595	0.06629644343535826
596	0.024386232748386315
604	0.022641225113518425
633	0.027352382128539836
807	0.06278757785922728
849	0.07085260653341317
872	0.009314238264011343
880	0.02758895677863235
901	0.02403228598052895
902	0.012688828861899202
954	0.21255781960023953
1020	0.03889424892850883
1183	0.12126770747559322
1260	0.048211381419894755
1301	0.011862890456222581
1428	0.10835679259037426
1471	0.05269084196194559
1475	0.05045178466345617
1640	0.05850763117399459
1860	0.036912452050313925
2057	0.012131513945086861
2069	0.017197478651008093
2129	0.028588449078583853
2186	0.04680493809897777
2198	0.03537776903999604
2277	0.022718454838991948
2305	0.043408243966401694
2349	0.01921779240598458
2385	0.04898664609449121
2431	0.12110860913680034
2464	0.03960028903453733
2615	0.0318006723847953
2729	0.051040650535245556
2731	0.03637726133994754
2762	0.023773955504039487
2763	0.04080351685445547
2775	0.05169655538618546
2778	0.026238909464795464
2891	0.02308612226568374
2909	0.06573993626255711
2964	0.03445996273955917
3023	0.06306379427204949
3115	0.0218249872638118
3195	0.06312553553080635
3238	0.022796219030484927
3365	0.01763250901053734
3471	0.061803168158055394
3503	0.04898664609449121
3517	0.05169655538618546
3624	0.03586640606047616
3629	0.039351580026766864
3651	0.02582268110935825
3839	0.028852858473708932
3854	0.09360987619795554
3908	0.04390774312482177
3918	0.0552749820106858
4098	0.034241764022954965
4110	0.03869039634039139
4134	0.028588449078583853
4142	0.05169655538618546
4208	0.05395146807593968
4237	0.09963877709136468
4264	0.07716296755843555
4358	0.0498779553201116
4415	0.029685600924900055
4417	0.02758895677863235
4430	0.018240055932430024
4457	0.010168701496754126
4459	0.06306379427204949
4618	0.03637726133994754
4620	0.015774313778160316
4734	0.06055430456840017
4735	0.44919710691824793
4859	0.017485619587844895
4949	0.024505989841893897
4985	0.02352143070105757
4990	0.01272061638189188
5216	0.06359586373158378
5239	0.022641225113518425
5314	0.018718293247564508
5411	0.03340902157176384
5548	0.014775710296150654
5800	0.1105499640213716
5836	0.044978732256585975
5915	0.034682482502486144
5970	0.015323959556300322
5989	0.039351580026766864
6019	0.021472705095738804
6086	0.25387461224175056
6276	0.14170521306682635
6339	0.048211381419894755
6388	0.21693980156084297
6554	0.008630241292913805
6563	0.045555108892683306
6625	0.016597420487022632
6629	0.04981938854568234
6665	0.025129437826845152
6708	0.012848673389715591
6713	0.07803225167522815
6745	0.04080351685445547
6799	0.03156276776540318
6805	0.05379653077434448
6828	0.02368914845376134
6922	0.04898664609449121
6985	0.018503226762569124
7165	0.08068101072336738
7247	0.02912363978895025
7296	0.020669729233673183
7472	0.02572098918614518
7499	0.14170521306682635
7519	0.037474413186263746
7547	0.03561943170503801
7551	0.03173432653021882
7591	0.016463380557810287
7808	0.022796219030484927
7821	0.01272061638189188
7826	0.032822616482681484
7832	0.017103050525375033
8018	0.03122731357625039
8089	0.006629544513208386
8117	0.03718991999522229
8131	0.02368914845376134
8134	0.14041481429693328
8207	0.04390774312482177
8386	0.01700940930993497
8388	0.019505196329026225
8413	0.05276754451794966
8414	0.02303279368057744
8505	0.009174067454866673
8535	0.05169655538618546
8546	0.25668406109614167
8549	0.13783985095823667
8575	0.12612758854409897
8598	0.032265301565869146
8665	0.023773955504039487
8709	0.0196812346158561
8720	0.048211381419894755
8722	0.02747004687721979
8724	0.017534369689574492
8753	0.03490949791693293
8785	0.07085260653341317
8841	0.0552749820106858
8877	0.038382467857523604
8933	0.026893670241122457
8936	0.039697357487958426
8943	0.0383738435532123
9068	0.01992032620645055
9109	0.01829219932448403
9235	0.03190854522659474
9280	0.026781859559167186
9421	0.026345420980972794
9422	0.036641670735072615
9456	0.04680493809897777
9495	0.011260001308831362
9502	0.03139378892961364
9525	0.14359938041757125
9539	0.020541306340730706
9652	0.037986094595607
9820	0.01921779240598458
9891	0.0045561630980549064
9998	0.013745634093131977
10006	0.03122731357625039
10131	0.039244496458722695
10133	0.05541827693562847
10135	0.023356179475461078
10154	0.14170521306682635
10178	0.022953380764729088
10222	0.039016125837614074
10259	0.06306379427204949
10342	0.03611893086345808
10367	0.029685600924900055
10476	0.14493716752612473
10657	0.04680493809897777
10660	0.025520325267622778
10682	0.16908840227578698
10717	0.09111021778536661
10722	0.02368914845376134
10750	0.02983059494726349
10873	0.006986898034786965
10876	0.05269084196194559
10884	0.045555108892683306
10948	0.036394541835260585
11001	0.10553508903589932
11117	0.03718991999522229
11124	0.09232531162915197
11132	0.02747004687721979
11213	0.03806596454556377
11418	0.029542454010426687
11446	0.04080351685445547
11481	0.050067608442635594
11514	0.02106404621234524
11553	0.030742193026092778
11623	0.04178797765578169
11636	0.015404511018258762
11682	0.029977484369955933
11769	0.05395146807593968
11775	0.027298529029510618
11867	0.03173432653021882
12188	0.014252970424536117
12216	0.0507188189126309
12262	0.023274456345619417
12330	0.036912452050313925
12332	0.040054113827232826
12383	0.05395146807593968
12405	0.029401107733858598
12568	0.10339311077237091
12581	0.016642458145806352
12609	0.04293000665126721
12612	0.037986094595607
12624	0.04199471659317562
12632	0.0621265372139662
12721	0.036641670735072615
12766	0.017888532764450186
12827	0.04160649271652108
12829	0.007160220969607631
12839	0.042397242487722524
