197
t_index	tf-idf
222	0.04451810546399961
263	0.06434026766317473
385	0.05649967792998209
575	0.08769232160272115
597	0.05306120356399417
607	0.03518430992356274
634	0.04047966452753914
660	0.03652989018363796
738	0.027027744245854676
758	0.03139902181618672
807	0.0454616886081244
847	0.04406606945635418
872	0.013488050153160411
1044	0.04522061383080154
1058	0.09600460377821247
1170	0.04319801033026413
1173	0.054267107002145466
1175	0.05556958193941994
1240	0.023648984625199456
1248	0.10260243331946335
1273	0.030503075365633056
1378	0.044748921388502845
1471	0.038151091847251975
1511	0.021452309580416145
1636	0.07486234644530189
1860	0.05345332494386325
1888	0.04725729976392862
1891	0.09132336922028278
2109	0.06259400221363674
2131	0.1753846432054423
2157	0.02902275986212061
2246	0.08769232160272115
2349	0.02782949506525847
2411	0.0615031457867984
2422	0.056985452804870454
2432	0.09600460377821247
2588	0.056985452804870454
2640	0.03681289296622904
2656	0.06777874202916265
2702	0.06717300948221255
2729	0.036956261733680267
2796	0.0519385343218583
2878	0.05306120356399417
2909	0.01586645327725498
2964	0.04990184838873121
2992	0.0379968513574376
3148	0.10260243331946335
3214	0.029838809671760648
3294	0.028586480382311867
3319	0.12868053532634946
3378	0.038151091847251975
3390	0.03927376108938785
3577	0.06777874202916265
3723	0.0668486460386005
3741	0.05306120356399417
3839	0.04178213946481361
3840	0.08768934977368509
3855	0.06777874202916265
3900	0.06113353038202805
3901	0.04237392285691819
3980	0.05649967792998209
4057	0.06434026766317473
4062	0.04897175239816906
4076	0.07812771013778105
4098	0.049585872444215785
4193	0.060864936543396336
4264	0.037246845345591674
4266	0.0709380972044256
4280	0.051230933715978116
4358	0.036114405914124896
4470	0.10260243331946335
4501	0.04406606945635418
4552	0.0519385343218583
4564	0.026338463558828778
4598	0.02833021918312914
4619	0.0764132575035406
4654	0.08004430512110224
4682	0.0719564713294961
4735	0.37170699218194636
4756	0.09600460377821247
4990	0.09210431753770658
5024	0.05055282518856841
5053	0.056985452804870454
5086	0.038151091847251975
5195	0.03544467147550542
5362	0.030895196745502146
5411	0.04837996900606449
5534	0.058002799673866526
5781	0.058002799673866526
5792	0.03927376108938785
5804	0.10260243331946335
5913	0.037246845345591674
5924	0.10260243331946335
5934	0.02611504243101802
5968	0.0560279854876834
5970	0.022190793190141733
5972	0.06777874202916265
6086	0.045954824826654146
6219	0.0721440006425769
6554	0.01249754666921795
6612	0.02687202774807142
6636	0.0721440006425769
6696	0.03406164068142687
6760	0.026189175815922755
6798	0.024903856652342567
6803	0.08769232160272115
6827	0.03223906638798402
6959	0.02242493032086974
7166	0.09600460377821247
7177	0.04498305851923085
7215	0.026263648485235325
7340	0.05649137565004546
7441	0.06025081649734962
7498	0.2122448142559767
7501	0.022662485632440426
7651	0.07088934295101083
7667	0.0668486460386005
7726	0.05810985511548072
7811	0.09783438521107449
7955	0.054267107002145466
8002	0.0847255396790319
8035	0.03480141579080326
8036	0.017876893640431428
8041	0.045954824826654146
8109	0.043410722507479925
8110	0.11600559934773305
8112	0.028586480382311867
8172	0.1418761944088512
8258	0.05853636386310916
8259	0.060864936543396336
8342	0.05556958193941994
8388	0.02824568782502273
8454	0.051230933715978116
8505	0.013285067273598752
8546	0.32524361815920305
8549	0.09980369677746243
8691	0.08221716130360616
8712	0.08221716130360616
8724	0.025391712244558974
8729	0.052678309431234686
8753	0.05055282518856841
8775	0.036956261733680267
8802	0.06434026766317473
8805	0.019467977603061827
8877	0.04446565671094499
8938	0.038783103318786406
8955	0.049585872444215785
8992	0.06285995215966227
9008	0.03910855916443902
9065	0.055123738986023095
9233	0.0668486460386005
9272	0.04362625214636698
9307	0.03301145374105882
9372	0.05055282518856841
9443	0.01951721288976715
9496	0.05908801838199908
9525	0.0415895662132399
9549	0.09561790856563705
9553	0.03267593154813697
9561	0.0668486460386005
9891	0.006597829541250873
10026	0.04237392285691819
10173	0.09618391413081921
10185	0.0454616886081244
10246	0.07812771013778105
10375	0.028500610790737724
10380	0.08769232160272115
10618	0.05649967792998209
10662	0.0764132575035406
10815	0.09600460377821247
10824	0.10460843649388156
10867	0.06239123208924905
10873	0.010117803349775864
11146	0.06216741148067081
11175	0.022662485632440426
11199	0.04672373557468598
11364	0.05306120356399417
11577	0.03846402937333981
11592	0.012952289830593468
11819	0.06777874202916265
12055	0.017350521605932066
12084	0.08769232160272115
12228	0.05468978660666047
12327	0.038151091847251975
12330	0.05345332494386325
12387	0.03170897880378436
12406	0.052678309431234686
12516	0.05328242364713636
12564	0.029562220862386926
12566	0.017178781227147628
12576	0.05022408168761784
12581	0.02410012539724695
12615	0.10260243331946335
12683	0.08221716130360616
12710	0.10260243331946335
12766	0.012952289830593468
12850	0.040301823961301164
