226
t_index	tf-idf
3	0.019601456802240586
16	0.04749408230258514
45	0.06539643353596906
176	0.03998737611625268
181	0.0432644096130373
402	0.0500969275996871
406	0.06850397759240202
433	0.025536821714495166
569	0.0421715973819523
607	0.03011163848522744
616	0.048769617977589025
618	0.08280964667500902
623	0.07251029867640692
634	0.03464353931921931
738	0.023131039533543087
807	0.03890728382252746
847	0.03771287701300179
848	0.05320447165612006
858	0.02925437031238402
872	0.011543420660087702
939	0.05208978006397338
1017	0.05645784123820273
1020	0.024101416772571625
1032	0.03849765986695676
1100	0.02925437031238402
1203	0.0177094311678721
1243	0.051057736847647944
1301	0.029404086710949576
1378	0.03829727928107156
1764	0.041911286803842984
1867	0.03954523706197172
1906	0.09343104510465865
1954	0.05208978006397338
2057	0.015034956669827272
2199	0.029358686983305227
2468	0.04115833530192076
2535	0.04755787922998152
2584	0.035269541806663376
2587	0.05320447165612006
2634	0.03479742166340513
2640	0.06301084358355467
2665	0.045411144421509404
2707	0.04243686655382995
2722	0.053797165803238726
2729	0.1897687228496324
2730	0.0460906065156822
2731	0.09016690752510659
2737	0.03849765986695676
2778	0.06503736774361774
2785	0.07251029867640692
2790	0.0750493470461125
2801	0.021670463722691515
2813	0.02491431761567748
2872	0.10983860332131445
2909	0.05431567720559413
2992	0.03251868387180887
3144	0.05885106408225859
3187	0.03347011204130705
3195	0.039116704467445584
3212	0.03278395304368652
3214	0.05107364342899033
3216	0.09999044684731741
3238	0.028252052209694654
3305	0.0338986446358332
3480	0.04755787922998152
3527	0.06174269357411682
3546	0.09753923595517805
3635	0.04355155814597662
3818	0.051057736847647944
3843	0.064069123913871
3881	0.03150542179177734
3900	0.01743988319593277
3902	0.045083453762553294
3917	0.048769617977589025
3946	0.03175190982736108
3962	0.0750493470461125
4011	0.028946028333791125
4078	0.04355155814597662
4130	0.017351180918651052
4200	0.04907785066578859
4260	0.02461319863135633
4288	0.03849765986695676
4304	0.024990625809075875
4426	0.023677235438962378
4457	0.012602383106028021
4516	0.04298306245924924
4544	0.06686370625026838
4620	0.019549590036695257
4735	0.5169391759398213
4783	0.03752340183914702
4949	0.015185511762665
4990	0.01576504935665472
5107	0.05441621040372755
5314	0.02319815393067479
5381	0.04755787922998152
5414	0.023064247029241404
5474	0.028946028333791125
5487	0.05208978006397338
5538	0.03829727928107156
5675	0.064069123913871
5693	0.0500969275996871
5703	0.05441621040372755
5745	0.06539643353596906
5756	0.11770212816451718
5769	0.0183119901666119
5836	0.05574352002582564
5885	0.034491338782951866
5896	0.03771287701300179
5907	0.05721079274012495
6086	0.11798796749219097
6087	0.047176315349290454
6379	0.041655752837151165
6388	0.04136309819193162
6391	0.027048374944483734
6554	0.02139144454293979
6559	0.024101416772571625
6570	0.1011380954858907
6582	0.13623343326452822
6614	0.023958582592750438
6620	0.030222604892672852
6626	0.055064057931652845
6635	0.05574352002582564
6668	0.07358054825538282
6692	0.08828850458619059
6708	0.015923754327247196
6726	0.026872091445670335
6730	0.05800679284031766
6755	0.026526080840483742
6798	0.021313361837489518
6827	0.02759102322271502
6841	0.04270728690403569
6847	0.05721079274012495
6958	0.02374704115129257
7017	0.07251029867640692
7056	0.03543054025240987
7206	0.04653118667652163
7340	0.02417338701260369
7454	0.0500969275996871
7481	0.023131039533543087
7483	0.06252644144531695
7498	0.09082228884301881
7519	0.18577275055133938
7711	0.06071065035779138
7805	0.03998737611625268
7946	0.07185002773657298
8020	0.07815689110254545
8035	0.02978394782627133
8036	0.04589851780884589
8060	0.02018511675478281
8112	0.09786018423635562
8207	0.05441621040372755
8342	0.14267363768994457
8464	0.03162812047493874
8473	0.07815689110254545
8509	0.03361149610289387
8543	0.051057736847647944
8546	0.15905820798148348
8549	0.04270728690403569
8587	0.07815689110254545
8651	0.02045872497508401
8724	0.043461762432750954
8746	0.051057736847647944
8802	0.055064057931652845
8877	0.09513713518873979
8938	0.033191578547585386
9067	0.0387009658200308
9168	0.06174269357411682
9364	0.04044401408954367
9416	0.03998737611625268
9495	0.013954864376102051
9508	0.0750493470461125
9525	0.14237368705439135
9820	0.023817198531163618
9891	0.011293184852277071
9998	0.025553077784644957
10006	0.0774019316400616
10178	0.028446827558856483
10217	0.021313361837489518
10372	0.0500969275996871
10375	0.024391556651339484
10446	0.05574352002582564
10452	0.01620591585549537
10656	0.07251029867640692
10658	0.04298306245924924
10665	0.03114368170155288
10803	0.05574352002582564
10890	0.055553417559321895
10920	0.028946028333791125
11057	0.03771287701300179
11071	0.04574673199615839
11077	0.048353879330174224
11092	0.05208978006397338
11115	0.09753923595517805
11116	0.07619948213799983
11117	0.0460906065156822
11175	0.01939513879974393
11213	0.047176315349290454
11242	0.0460906065156822
11519	0.028446827558856483
11592	0.033254709538031405
11610	0.08216321218655034
11635	0.10417956012794675
11636	0.019091282153881162
11660	0.022541135371498593
11715	0.053797165803238726
11751	0.03790496571983809
11833	0.0790687407026076
11856	0.05800679284031766
12028	0.11770212816451718
12170	0.04574673199615839
12228	0.0468049277280593
12246	0.07815689110254545
12257	0.05320447165612006
12323	0.034491338782951866
12354	0.047950192791214985
12380	0.05208978006397338
12406	0.045083453762553294
12434	0.049676850545616866
12488	0.01859913869955122
12489	0.047634397062327236
12525	0.03138379472651891
12537	0.017800452475239623
12554	0.05885106408225859
12566	0.029404086710949576
12666	0.027317056148830048
12829	0.03549552430528688
