262
t_index	tf-idf
3	0.016273185281507927
16	0.0394297224376103
44	0.020433947626425142
45	0.054292305435124436
176	0.033197633575211744
181	0.035918236120466865
402	0.08318122403747144
407	0.054292305435124436
433	0.02120074214143679
569	0.035010980292812695
581	0.0728999499584111
596	0.025090892685693394
607	0.024998768058090405
616	0.04048867578898257
618	0.06874880459316632
623	0.060198256542022405
634	0.028761165041795208
738	0.019203454920769174
807	0.03230093787579259
847	0.03130933793967539
848	0.04417050394773774
858	0.024287061578650262
872	0.009583380719055604
873	0.05551043942277604
939	0.04324508381219616
1017	0.04687146064358913
1020	0.020009064869202415
1032	0.031960866900864644
1100	0.024287061578650262
1203	0.01470242020949953
1243	0.042388278593725494
1301	0.0244113565592794
1346	0.05218438024488008
1378	0.031794510367581144
1488	0.022455637939368195
1764	0.03479486970924499
1867	0.03283056847269946
1906	0.07756671982968324
1954	0.04324508381219616
2105	0.0462784291379821
2199	0.024373665576045842
2265	0.0481574046766073
2280	0.04084444476984179
2468	0.03416976722720043
2535	0.03948268682849136
2584	0.02928087409034397
2634	0.028888918602347016
2640	0.05231178186011619
2665	0.03770046147447911
2707	0.03523120751505383
2722	0.04466256031725335
2729	0.1838042900846992
2730	0.03826455284083977
2731	0.07485682351165492
2737	0.031960866900864644
2778	0.0809913119870111
2785	0.060198256542022405
2790	0.06230618173226676
2801	0.017990880721439284
2813	0.02068393746509251
2872	0.09118832140606443
2909	0.04509302996072084
2917	0.03301264435523274
2992	0.026997103995670367
3000	0.025371754584338883
3144	0.04885832106698412
3187	0.02778698237259386
3195	0.09742439847552073
3212	0.027217331217911506
3214	0.04240148428287358
3216	0.08301235384408626
3238	0.023454934234206703
3305	0.02814275135345308
3319	0.04571433777162145
3428	0.05319036920537128
3480	0.03948268682849136
3527	0.051258960109338496
3546	0.08097735157796514
3635	0.03615662765059541
3818	0.042388278593725494
3843	0.05319036920537128
3881	0.026155890930058094
3900	0.014478640715256938
3902	0.03742841175582746
3917	0.04048867578898257
3959	0.03615662765059541
3962	0.06230618173226676
3973	0.04048867578898257
4011	0.024031075189560273
4078	0.03615662765059541
4130	0.014404999831946055
4200	0.04074457144487665
4260	0.020433947626425142
4288	0.031960866900864644
4289	0.042388278593725494
4304	0.020747288744652877
4426	0.019656908317553085
4457	0.010462534358645074
4478	0.03742841175582746
4487	0.06488607366126878
4516	0.035684660911837744
4544	0.05551043942277604
4620	0.016230125344984477
4735	0.5612149540389565
4783	0.031152035110528935
4949	0.012607055128684026
4990	0.01308818889030913
5086	0.027106693248334767
5107	0.04517649290822895
5291	0.0728999499584111
5314	0.019259173484475933
5381	0.03948268682849136
5414	0.01914800359340697
5474	0.024031075189560273
5487	0.04324508381219616
5538	0.031794510367581144
5544	0.015441057937064375
5590	0.05319036920537128
5675	0.05319036920537128
5693	0.04159061201873572
5703	0.04517649290822895
5745	0.054292305435124436
5756	0.14657496320095237
5769	0.015202666406935827
5836	0.0462784291379821
5885	0.028634807722968687
5907	0.04749656312563369
6086	0.09795394675815546
6087	0.039165911407671256
6379	0.0345827246820846
6388	0.03433976196185416
6391	0.022455637939368195
6554	0.017759238203487498
6556	0.02216476524971006
6570	0.08396513501346536
6582	0.1885023073723956
6603	0.01489226978881115
6614	0.019890483526182202
6620	0.025090892685693394
6626	0.04571433777162145
6635	0.0462784291379821
6646	0.054292305435124436
6668	0.06108678079161492
6692	0.07329736804022205
6726	0.022309286876423987
6730	0.0481574046766073
6755	0.0220220278862185
6798	0.0176944137189661
6827	0.022906146085953486
6841	0.03545571126021859
6847	0.09499312625126738
7017	0.060198256542022405
7056	0.029414535458685127
7097	0.03770046147447911
7206	0.01931516187278782
7340	0.02006881476751929
7454	0.04159061201873572
7472	0.026464217991282554
7481	0.019203454920769174
7483	0.05190962982489603
7498	0.07540092294895823
7519	0.19278633346474897
7574	0.018928820164746837
7711	0.05040215489086782
7805	0.033197633575211744
7862	0.01971486121880515
7878	0.07231325530119082
7946	0.0894751465900038
8020	0.06488607366126878
8035	0.024726718339438753
8036	0.038105080249166125
8060	0.016757741436947866
8112	0.06093285281653209
8176	0.03479486970924499
8207	0.04517649290822895
8342	0.15793074731396545
8464	0.026257755726385595
8473	0.06488607366126878
8509	0.027904359823324537
8532	0.04517649290822895
8543	0.042388278593725494
8546	0.1650632217761637
8549	0.07091142252043718
8587	0.06488607366126878
8651	0.016984891760948077
8724	0.054123118490473014
8746	0.042388278593725494
8802	0.04571433777162145
8805	0.013832172855353278
8877	0.07898312067811522
8879	0.018450341694140223
8938	0.027555743072567945
9246	0.06230618173226676
9339	0.029686585177336786
9364	0.03357673572159339
9381	0.026155890930058094
9489	0.03690279489948935
9495	0.011585368162261552
9508	0.06230618173226676
9525	0.11819904061328249
9553	0.023216542704078157
9820	0.019773106075451533
9891	0.009375634238492754
9998	0.021214237977188476
10006	0.06425930416464529
10102	0.03054339039580746
10178	0.023616637283993214
10216	0.03826455284083977
10217	0.0176944137189661
10372	0.04159061201873572
10375	0.02024993982316012
10452	0.01345419751366939
10656	0.060198256542022405
10658	0.035684660911837744
10665	0.02585557327656108
10671	0.028263816120302453
10803	0.0462784291379821
10890	0.046120605528691315
10920	0.024031075189560273
10948	0.012482063861680704
11057	0.03130933793967539
11071	0.0379790672350372
11077	0.04014352837946497
11092	0.04324508381219616
11115	0.08097735157796514
11116	0.09489154074340664
11175	0.01610189948803798
11213	0.039165911407671256
11242	0.03826455284083977
11519	0.023616637283993214
11535	0.02411577578518031
11592	0.027608154600695572
11610	0.06821213283916473
11635	0.08649016762439232
11636	0.0158496368349592
11660	0.018713714804810783
11682	0.030843708049304475
11715	0.04466256031725335
11751	0.031468810531349034
11833	0.021881031265695888
11856	0.0481574046766073
12028	0.09771664213396825
12034	0.0728999499584111
12170	0.0379790672350372
12228	0.0388575843464468
12246	0.06488607366126878
12257	0.04417050394773774
12323	0.028634807722968687
12354	0.03980838666472347
12380	0.04324508381219616
12406	0.03742841175582746
12434	0.08248372570330544
12476	0.031794510367581144
12488	0.015441057937064375
12489	0.039546212150903065
12525	0.026054915793966668
12537	0.014777986358194535
12554	0.04885832106698412
12566	0.0244113565592794
12624	0.02160409396312355
12666	0.022678697840685658
12829	0.029468485404522318
