235
t_index	tf-idf
15	0.015305462299435515
44	0.017094749624561673
229	0.05428276530991133
277	0.018847870696392263
554	0.02258539279005571
596	0.020990683550739492
639	0.021385524204033005
644	0.02593151815172288
660	0.021713428584223152
738	0.016065336948039206
872	0.008017319851463678
890	0.15124059928491773
983	0.0137593652444104
1011	0.03824396405166025
1041	0.03921199657003476
1049	0.05554533509347849
1116	0.01683953025634313
1157	0.016590872529599177
1170	0.02567697049105425
1263	0.10424892891456199
1301	0.051055483258301414
1316	0.03921199657003476
1343	0.03779401069733818
1388	0.18168067862784315
1399	0.13626050897088238
1434	0.06098706011023154
1488	0.018786066953449705
1490	0.019099112169074138
1511	0.025502578283120556
1596	0.02673800615734504
1600	0.028089819004353214
1645	0.0285859407177474
1737	0.013907036095408871
1764	0.02910889255336945
2025	0.03387224964537103
2038	0.050361004257944174
2057	0.010442316894131673
2083	0.03779401069733818
2121	0.02314898440336982
2136	0.06098706011023154
2157	0.017251177608671772
2199	0.020390661563430622
2210	0.04149840860499363
2250	0.06098706011023154
2349	0.016541898992763454
2464	0.017043164153692343
2493	0.026941239672348384
2565	0.5431328736372006
2577	0.012817537707822652
2634	0.02416805795238606
2664	0.022677073598389493
2689	0.06775617837016713
2702	0.019963875292905563
2712	0.027772667546739245
2721	0.03201158005632036
2752	0.05212446445728099
2762	0.02046366004473061
2784	0.11473189215498074
2801	0.030101829277533777
2813	0.017303887563976605
2891	0.04967900248191418
2909	0.02829314008791358
3167	0.008037575885801198
3242	0.037695741392784525
3395	0.04087417570927091
3475	0.031772746863545615
3809	0.03398370469417103
3824	0.06205806143446289
3871	0.017146611694451884
3878	0.17906593676844829
3879	0.1708494045447535
3880	0.04643924320597703
3939	0.04293292806170177
3963	0.04542016965696079
3981	0.013259580492585358
3991	0.03479411380467342
4011	0.020104055324253467
4130	0.012051017746102127
4248	0.026879209436814613
4280	0.030451753754332764
4309	0.04028779903745503
4323	0.03655757400401024
4457	0.008752807268044347
4510	0.03358350423713482
4644	0.013399760523933256
4712	0.044498305497658396
4744	0.02619294630555812
4765	0.02427612894106398
4859	0.015050914638766889
4895	0.052076201057906585
4949	0.021093765616703133
4970	0.016111950305057677
5135	0.02364510611676401
5239	0.019488651505237906
5307	0.048870019903947605
5314	0.016111950305057677
5515	0.04591638689830655
5530	0.048870019903947605
5710	0.06098706011023154
5725	0.019963875292905563
5797	0.025307285256000154
5896	0.02619294630555812
5915	0.029853279203690034
5934	0.015522825443747222
5946	0.021305256084765033
5955	0.050361004257944174
6017	0.18148871914190126
6018	0.1824294429897433
6127	0.044498305497658396
6136	0.04288251614932004
6322	0.048870019903947605
6348	0.017992016304817646
6554	0.01485712580661446
6603	0.012458660853761253
6625	0.014286388750419281
6760	0.03113378090654151
6798	0.014802894565901994
6909	0.012620137940796302
7119	0.025552165496712468
7169	0.02593151815172288
7187	0.0895174336490062
7245	0.06174470550541254
7281	0.0609546296771006
7327	0.013087165002748829
7340	0.016789284673940776
7366	0.03580697345960247
7417	0.02875713550298698
7460	0.03655757400401024
7531	0.039789079700072866
7590	0.19548007961579042
7651	0.021068372746419036
7754	0.01735688634239569
7769	0.04778048930083675
7778	0.05493117221726098
7932	0.02792994341626397
7944	0.02646163727397232
7954	0.057065299058264386
7956	0.057065299058264386
8021	0.021966864555578326
8036	0.010626055852287363
8037	0.007640302267368183
8326	0.14554446276684724
8386	0.014641012078155985
8391	0.034169880908950706
8397	0.03153966925134003
8407	0.024951211199136257
8464	0.15376805188904827
8504	0.02091361339905267
8524	0.06217943179403595
8537	0.026879209436814613
8645	0.015611157134020844
8722	0.02364510611676401
8775	0.021966864555578326
8777	0.014802894565901994
8834	0.05212446445728099
8877	0.019822846234755654
8905	0.04309617380451025
8922	0.028252381702575335
8938	0.04610548457461316
8985	0.03546143030330719
8997	0.023955472408991985
9008	0.023246193793083663
9014	0.04028779903745503
9109	0.015745185877170904
9299	0.03973494840565681
9390	0.03782014378757741
9443	0.034803193175340204
9495	0.009692154040079504
9538	0.05932348637033533
9550	0.05212446445728099
9553	0.0194226290450561
9580	0.05937516840773966
9662	0.03330312945067686
9891	0.05882641577950731
9998	0.005915843140476092
10121	0.018131079650699614
10128	0.023497470485557077
10131	0.01689003821895522
10133	0.02385090649477209
10155	0.03153966925134003
10217	0.014802894565901994
10223	0.04643924320597703
10375	0.0169408113164438
10403	0.11234793370721488
10452	0.011255590065139827
10477	0.018016613783864068
10671	0.02364510611676401
10753	0.050361004257944174
10773	0.017198753345584215
10792	0.02910889255336945
10824	0.031089715897017974
10831	0.02646163727397232
10853	0.020611330895729082
10873	0.048112315555325476
10976	0.12338428095201581
11046	0.11721796780055008
11126	0.03921199657003476
11173	0.06098706011023154
11175	0.05388247934469677
11279	0.024951211199136257
11282	0.15684798628013905
11305	0.011199191929481031
11395	0.10424892891456199
11401	0.017959884865460036
11437	0.020837152503947645
11481	0.04309617380451025
11516	0.01517735111710698
11592	0.023096589025448547
11636	0.026519160985170716
11693	0.030451753754332764
11802	0.026879209436814613
11833	0.018305359192100277
11889	0.02753040956824589
12055	0.08250543538905493
12120	0.048870019903947605
12196	0.030270043430725837
12371	0.2474403013180141
12436	0.030659767209312194
12488	0.07750661522625586
12504	0.022227120244067432
12512	0.025552165496712468
12531	0.057065299058264386
12564	0.05271550242223132
12566	0.010211096651660282
12612	0.04904534246095911
12657	0.03546143030330719
12659	0.019622064004696186
12666	0.018972675690734037
12739	0.011838432202708051
12748	0.014481794444072712
12755	0.02928968759037592
12766	0.030795452033931393
12786	0.03479411380467342
12829	0.012326457643306825
12834	0.014641012078155985
