43
t_index	tf-idf
91	0.10015176852642332
902	0.06710520740711562
1203	0.0755704686926928
1511	0.07834421076426341
1710	0.1323919364619138
1737	0.08544514635887344
2157	0.10599162794454106
2577	0.1575024869270085
2615	0.0840893489577736
2626	0.1533008096128537
2716	0.1323919364619138
3025	0.24752915442339748
3613	0.30941915661098135
4216	0.19101592221749347
4342	0.1344413306444821
4430	0.09646301875332437
4859	0.09247316216924925
5584	0.17160220816465532
5654	0.20994052616965825
6348	0.055271678879294045
6554	0.04564125958648578
7215	0.19183060962761747
7296	0.10931241033910148
7417	0.17668449517621224
7501	0.08276379492727619
7832	0.09044993555282978
8519	0.21579047926793
9260	0.0967387804628389
9376	0.12992575096999573
9443	0.07127720371716054
9496	0.21579047926793
9539	0.2172664849388656
9563	0.2137758272914163
9998	0.03634707492712924
10310	0.37470588566577956
10558	0.09842077599905485
11455	0.19238210978240397
11775	0.07218449678736903
11876	0.07430574178046619
11889	0.05638248770239589
12196	0.09298991796252265
12551	0.15853671982525
12834	0.08995471150557131
