195
t_index	tf-idf
56	0.034985130117534215
240	0.039779309457966254
249	0.07711478174777726
318	0.07542255704961066
356	0.03781015928627373
555	0.09013935866639752
596	0.03485612316230852
665	0.052760300787897965
687	0.0410503560882914
738	0.026677328632545298
960	0.05888555173421922
983	0.02284814253118785
991	0.040862502723732236
1022	0.03909574759217366
1023	0.027550007833903864
1100	0.033739445632346966
1116	0.02796291693844523
1122	0.03690929068116799
1295	0.09475990086081582
1358	0.043494751383553854
1446	0.04222609642616517
1465	0.04202406508842536
1471	0.037656461658122246
1488	0.06239048498654045
1507	0.15312111631867426
1563	0.10127218932012595
1675	0.04124043262118066
1944	0.14911662055648056
2057	0.052020033013486934
2063	0.05356353213442047
2087	0.032472307965552706
2109	0.03089123443469693
2121	0.03844009412536693
2233	0.06472384145965085
2280	0.056740866705212216
2315	0.15422956349555453
2440	0.03422618832321531
2486	0.0865553877033391
2506	0.023093357669486874
2631	0.039263930066857945
2813	0.028734006429983968
2818	0.06891026859030054
2892	0.04804212133489642
2909	0.01566074417679808
3016	0.1494136386261978
3167	0.013346813329097977
3241	0.035246294889294094
3285	0.04284790102991637
3293	0.04124043262118066
3300	0.20155888164108837
3313	0.07001838238794766
3432	0.03435021426442211
3692	0.03619533849490783
3706	0.09475990086081582
3745	0.09475990086081582
3900	0.04022728806947298
3901	0.08364908704340028
3929	0.0477527210804908
4130	0.08004537018033471
4134	0.040862502723732236
4158	0.0539807316836448
4252	0.07389175360541171
4276	0.03605627892861113
4353	0.09945316373205523
4415	0.042430701480692036
4737	0.04124043262118066
4751	0.08362707020708739
4769	0.0972741031103502
4828	0.03995484431528074
4836	0.037504220901446665
5073	0.06511356233737324
5286	0.06204497076542312
5333	0.04124043262118066
5347	0.05624663449237315
5544	0.021450628479135096
5556	0.03485612316230852
5594	0.1061354617109071
5690	0.03485612316230852
5792	0.03876457545576937
5885	0.039779309457966254
6173	0.03578172045524794
6194	0.0539807316836448
6428	0.2646711150039161
6603	0.020688255154074544
6612	0.05304726200878762
6665	0.03591841302138191
6742	0.06598195109404884
6824	0.04202406508842536
7033	0.139933821848531
7097	0.10474652654981821
7133	0.022546796363568676
7343	0.3025802732780107
7377	0.03619533849490783
7510	0.06428972639588224
7591	0.0470634087939609
7610	0.07542255704961066
7726	0.019118819629734534
7755	0.0448722762860754
7764	0.05725079142499108
7790	0.14778350721082342
7827	0.10127218932012595
7946	0.04143278557382786
8035	0.03435021426442211
8098	0.049254869245768135
8109	0.04284790102991637
8112	0.11286342281024163
8210	0.06275892295168328
8212	0.02936043099049798
8379	0.14074365332692912
8414	0.032921603824000806
8505	0.05245130371804868
8709	0.02813109941312951
8719	0.1314790380805798
8721	0.06891026859030054
8754	0.039263930066857945
8799	0.060075820593730594
8805	0.03843114923714485
8818	0.058321940236067994
8877	0.021944578987973768
9000	0.06820622556339923
9156	0.043494751383553854
9186	0.03460117686371472
9261	0.03001228252106368
9437	0.07711478174777726
9495	0.03218865303861681
9517	0.08115121304167609
9522	0.03844009412536693
9527	0.05624663449237315
9553	0.03225228699645924
9563	0.0577774379365721
9587	0.05530158077116081
9602	0.05725079142499108
9662	0.05530158077116081
9713	0.04284790102991637
9826	0.023342374744026916
9891	0.006512288459310128
9998	0.009823565612567593
10137	0.033739445632346966
10185	0.0448722762860754
10191	0.043494751383553854
10217	0.024580977313126612
10228	0.047575332921578596
10349	0.06275892295168328
10448	0.050566722937039364
10452	0.01869049345756768
10455	0.08115121304167609
10535	0.05725079142499108
10540	0.09013935866639752
10541	0.1384047074548589
10566	0.060075820593730594
10641	0.06787369735894065
10667	0.09013935866639752
10738	0.04586097481559896
10773	0.028559425585296373
10835	0.049572924779095376
10873	0.02995987706700712
10880	0.14098517955717638
10890	0.03203523937482189
10976	0.029269431995937813
10985	0.050566722937039364
11016	0.14589472837244621
11194	0.0486370515551751
11305	0.018596841416275375
11374	0.08698950276710771
11401	0.059646648222592226
11403	0.10127218932012595
11537	0.09358572747981066
11544	0.018974771313723802
11623	0.019909688537550027
11660	0.18197889144968948
11699	0.03844009412536693
11702	0.03605627892861113
11775	0.01950938670642845
11817	0.05440905785581165
11857	0.057468012859967936
12188	0.020372285365776555
12420	0.11580454613800374
12434	0.028646478804237818
12436	0.05091214011169469
12458	0.06891026859030054
12476	0.044168750117432376
12488	0.021450628479135096
12489	0.02746868472560615
12643	0.043276227202083226
12666	0.03150511601950499
12694	0.06689998835880669
12698	0.03796534193865773
12699	0.03280809607542609
12719	0.05908798093860199
12748	0.07214332151694754
12766	0.012784362957249449
12829	0.010234362419201575
12867	0.04284790102991637
12868	0.03422618832321531
12908	0.10127218932012595
