149
t_index	tf-idf
44	0.031610947574646595
91	0.030142590719113547
117	0.04702222823975887
182	0.04316754019367644
348	0.06689936287595775
356	0.04210471936115612
357	0.04843497978472213
647	0.03331562300135094
750	0.15116587886683205
764	0.03269525255944352
817	0.15320989205201602
902	0.08078638377554968
983	0.02544328422198954
1051	0.19472672400442892
1075	0.06322189514929319
1123	0.03219422386992963
1203	0.045488756549604825
1511	0.023579189015080864
1654	0.04110152814177864
1665	0.057901076358133755
1737	0.05143270285737922
1755	0.10037758294821765
1868	0.06760084708328462
1885	0.2114400487275551
1999	0.04449300237738756
2109	0.03439992798614787
2121	0.12841861070544897
2157	0.03190020813204062
2199	0.03770562002077255
2397	0.07347632451590887
2431	0.09638327030348355
2577	0.02370169329276894
2645	0.04748085733307578
2665	0.05832193235479266
2702	0.03691642341248983
2716	0.03984588603874222
2842	0.08228453958904679
2891	0.018372896678874803
3103	0.06433992492089634
3318	0.03219422386992963
3335	0.05631020123870009
3343	0.0465750660836001
3401	0.07929668463335857
3433	0.03104609364276476
3476	0.04227752799649874
3808	0.032095680619986744
3939	0.03969495219264808
4219	0.1702916125202651
4472	0.028065368667087132
4587	0.039103109161010695
4598	0.031139005823759582
4708	0.028949778497854205
5135	0.04372361258687624
5239	0.03603765802732131
5324	0.05349884989917946
5333	0.045924610597391835
5416	0.05832193235479266
5450	0.03969495219264808
5531	0.08978095100834343
5548	0.023518250098821646
5797	0.04679724974354868
5842	0.0337414896590931
5857	0.2063995679168872
5930	0.06909217340424306
6019	0.03417774432619927
6076	0.08398921501575116
6335	0.08587364627330969
6348	0.049905207446554856
6554	0.01373661022528316
6556	0.03428849114827206
6628	0.0591945715009495
6671	0.04159609111570902
7119	0.04725007278110296
7133	0.02510771050165424
7170	0.04918553275978013
7215	0.028867545917962315
7327	0.02420027762256568
7366	0.03310643284333212
7441	0.06622435617845489
7531	0.036788211002379306
7754	0.032095680619986744
7780	0.05349884989917946
7826	0.05224320779614304
7862	0.030498533901650745
8018	0.09940798186763491
8021	0.04062027342290214
8036	0.019649290094854797
8056	0.11277490470561848
8089	0.02110426947711941
8212	0.03269525255944352
8351	0.06760084708328462
8386	0.02707359133107067
8539	0.04062027342290214
8541	0.05164696743062152
8719	0.058565085202032165
8724	0.027909161956974935
8761	0.03300274817835224
8831	0.09036854420704828
8894	0.0631856176760152
8907	0.08587364627330969
9115	0.07673724667829715
9130	0.11338970329368453
9390	0.03496777106395789
9421	0.04193356442232615
9451	0.06557390069224664
9495	0.01792235510756761
9522	0.04280620356848299
9523	0.08228453958904679
9652	0.03023091462512368
9688	0.35192104476326735
9726	0.30113274884465296
9891	0.014503936674907963
9894	0.026633760447082856
9987	0.40043702139648807
9997	0.04245202259636347
9998	0.02187869509416315
10116	0.03279716482731362
10452	0.02081340032963315
10532	0.13114780138449328
10558	0.05924323080554215
10729	0.05317657893484582
10736	0.057087956583442366
10773	0.03180326721927526
10825	0.06988721783164598
10867	0.03428849114827206
11016	0.0324931537467709
11199	0.051356138996424404
11306	0.03825178626327896
11544	0.06338990124777062
11567	0.028704206384377828
11636	0.024519101655089012
11669	0.05832193235479266
11701	0.06988721783164598
11746	0.048191635151741775
11814	0.04996896695982324
11876	0.03354560177304014
11889	0.0678775532591972
11988	0.11277490470561848
12042	0.07558293943341603
12196	0.02798709478014613
12564	0.1299726149870836
12566	0.018881963645229993
12567	0.05023792773679117
12649	0.03784060597939035
12717	0.051356138996424404
12739	0.04378233878174249
12742	0.07306902187694013
12829	0.01139680354790996
12834	0.02707359133107067
