273
t_index	tf-idf
16	0.03950983084634633
173	0.05229040198188083
181	0.03599121032779912
327	0.04637245189766328
407	0.10880521958500206
469	0.024867111645879836
470	0.04206786246874868
534	0.03834229400282552
596	0.05028373848505619
660	0.026007546679073165
687	0.029609795682816405
758	0.022354612112343
807	0.03236656290619968
847	0.06274589672118626
932	0.0772712051091089
977	0.02192548642509935
1020	0.020049716799976317
1023	0.019871937316874026
1032	0.032025801017337395
1044	0.032194929115546236
1069	0.056987743225230855
1240	0.01683695375104208
1243	0.042474397829096115
1265	0.03364495275947549
1301	0.012230476259541104
1317	0.03834229400282552
1428	0.07447623799203393
1490	0.02287621456645333
1497	0.022575286764878938
1561	0.025614794864637736
1587	0.035527745767033964
1614	0.06243276768733878
1632	0.045807214480583835
1860	0.038056228382856376
1864	0.04637245189766328
1895	0.03575716057009568
1945	0.05853471361877162
2025	0.04057093564750469
2057	0.012507423367451581
2106	0.04333294379790447
2130	0.035527745767033964
2210	0.049705268549151
2238	0.05853471361877162
2264	0.05921959136563281
2349	0.01981327861447915
2418	0.04637245189766328
2437	0.03508211125053078
2640	0.026209031217941058
2729	0.05262220594099887
2731	0.07500890830058643
2755	0.05440260979250103
2872	0.06091572433488701
2909	0.04518464437370474
2969	0.04825524490522175
2970	0.07500890830058643
2996	0.034652985563287136
3041	0.2926735680938581
3160	0.05853471361877162
3178	0.22903607240291918
3203	0.029746898690908324
3216	0.027727002675257927
3231	0.10395895668986141
3276	0.03924548383794969
3293	0.08924069607272497
3294	0.040704432408416535
3428	0.05329843478569248
3471	0.06371821300305705
3527	0.05136310169274223
3546	0.08114187129500938
3582	0.05853471361877162
3597	0.04022508701038399
3659	0.03444423993425836
3698	0.04825524490522175
3721	0.04426024408704307
3839	0.029746898690908324
3900	0.05803222647077749
4063	0.05229040198188083
4130	0.014434266119990711
4280	0.036473991389867164
4430	0.018805245810667504
4442	0.024598719666214703
4472	0.018178873323103306
4501	0.06274589672118626
4620	0.03252619939234849
4659	0.03924548383794969
4673	0.032025801017337395
4682	0.025614794864637736
4708	0.018751735004342376
4735	0.2977174380815644
4765	0.029077054974204524
4859	0.036054864713064384
4895	0.015593739890373475
4970	0.019298301879149615
4990	0.039344339536706366
5043	0.04759306073853079
5061	0.04637245189766328
5073	0.0469666882509666
5327	0.0489575853303931
5369	0.043413307855040904
5411	0.03444423993425836
5414	0.01918690612691495
5449	0.056987743225230855
5484	0.014215673427919077
5500	0.10100911144786773
5515	0.018332320188557873
5544	0.01547242915917978
5680	0.06835071777155634
5693	0.041675110654313244
5704	0.06835071777155634
5791	0.049705268549151
5792	0.02796105243296137
5838	0.07198242065559823
5896	0.03137294836059313
5899	0.03090637246129109
5925	0.02694317256610686
5928	0.06501790112006861
5929	0.04333294379790447
5934	0.03718533954722325
5946	0.025518652661640828
5970	0.015798790711853014
5978	0.023995643122499643
5983	0.0469666882509666
5985	0.04289571949518077
5989	0.04057093564750469
6086	0.06543530494067379
6087	0.03924548383794969
6091	0.056987743225230855
6158	0.06835071777155634
6227	0.03345345965630446
6391	0.04500252102636945
6484	0.036473991389867164
6554	0.00889765960805338
6556	0.022209796864552676
6565	0.06243276768733878
6570	0.04206786246874868
6582	0.07555411317149217
6603	0.02984505210276812
6614	0.019930894538123613
6625	0.03422342269538069
6642	0.05229040198188083
6668	0.03060544465971669
6755	0.022066769505028953
6760	0.018645449222405346
6827	0.022952683946221818
6847	0.04759306073853079
6848	0.05562321863336856
6865	0.11124643726673712
6992	0.10880521958500206
7001	0.013346820457565692
7022	0.045807214480583835
7133	0.016263099696174246
7366	0.04288827672123541
7481	0.01924247011339121
7483	0.026007546679073165
7498	0.11333116975723825
7519	0.03863560255455445
7565	0.03834229400282552
7591	0.016973518031473536
7671	0.03016822035699299
7711	0.050504555723933864
7778	0.03289726954071759
7805	0.033265080400477126
7811	0.058044529365870665
7832	0.03526601787115188
7862	0.019754915423173165
7989	0.050504555723933864
8035	0.024776955012105435
8036	0.02545499827637557
8060	0.050375363198783864
8103	0.015965485227661887
8112	0.040704432408416535
8113	0.05853471361877162
8115	0.06243276768733878
8177	0.05440260979250103
8212	0.021177803206341456
8342	0.3560661255932374
8388	0.04021917618141874
8414	0.04749298450335876
8475	0.05136310169274223
8505	0.009458336871965317
8516	0.24852634274575494
8521	0.03423918911277882
8524	0.037238118996016964
8539	0.026311102970499434
8546	0.19847829205437628
8549	0.07105549153406793
8570	0.06835071777155634
8651	0.017019399552720544
8692	0.050504555723933864
8724	0.09038846519141042
8729	0.037504454150293215
8775	0.026311102970499434
8777	0.017730363029255725
8805	0.041580826034256495
8877	0.023743076629413017
8879	0.018487826804924157
8905	0.05161901297912186
8926	0.05136310169274223
8947	0.0489575853303931
8967	0.036473991389867164
9156	0.03137294836059313
9246	0.06243276768733878
9327	0.029609795682816405
9381	0.026209031217941058
9489	0.036977769410963215
9525	0.05921959136563281
9539	0.021177803206341456
9549	0.03403770457391092
9705	0.06835071777155634
9759	0.05329843478569248
9820	0.01981327861447915
9872	0.04475330015552518
9891	0.0328813887034502
9914	0.06501790112006861
9997	0.027497587872196205
9998	0.021257338428874104
10006	0.12877971646218495
10102	0.03060544465971669
10121	0.021716740796070572
10128	0.014072203247931552
10173	0.03423918911277882
10178	0.023664618631960097
10185	0.03236656290619968
10216	0.03834229400282552
10476	0.02988564369021162
10558	0.01918690612691495
10665	0.05181620683273334
10750	0.030754931494719973
10890	0.023107153820990697
10920	0.02407989854094697
10948	0.012507423367451581
11021	0.04129523829531488
11092	0.04333294379790447
11258	0.041675110654313244
11279	0.02988564369021162
11345	0.05440260979250103
11347	0.06835071777155634
11357	0.037238118996016964
11360	0.06243276768733878
11372	0.025614794864637736
11406	0.06835071777155634
11437	0.02495797539772889
11514	0.021716740796070572
11519	0.023664618631960097
11535	0.024164771220708477
11660	0.018751735004342376
11663	0.020600034615544355
11682	0.03090637246129109
11715	0.04475330015552518
11736	0.03672314226068743
11833	0.02192548642509935
11857	0.02072596051811668
11889	0.01099163756601752
12005	0.06501790112006861
12028	0.0489575853303931
12188	0.014694615705044465
12228	0.038936530356128846
12260	0.06501790112006861
12311	0.056987743225230855
12332	0.04129523829531488
12352	0.06243276768733878
12406	0.037504454150293215
12489	0.01981327861447915
12564	0.04209379415873353
12566	0.012230476259541104
12581	0.017158144552023837
12612	0.019581569511187644
12638	0.02468749457549914
12719	0.021310205435723137
12739	0.02835927793942985
12766	0.03688566055650782
12768	0.027611727406025403
12829	0.05905671162017271
