599
t_index	tf-idf
3	0.01490614265628348
16	0.009029348854962128
17	0.013057412665238785
44	0.009358688329341442
91	0.008923968865942399
117	0.013921328286913297
153	0.022055950683533422
163	0.024361033737403087
166	0.033569980475156885
176	0.04561325764097225
178	0.016784990237578443
180	0.052977346581426596
182	0.012780115295909597
190	0.009679705988894444
211	0.019227893295221555
222	0.014486682833621272
277	0.010318451652887877
278	0.010561551311439763
316	0.014715286809279098
320	0.011283875233182916
331	0.02486571731209
356	0.012465458201306507
389	0.021753287183376328
394	0.016135790138433664
539	0.029717632217340747
542	0.022055950683533422
543	0.03478860372845135
578	0.017020369863148768
579	0.024361033737403087
597	0.06906680495857184
604	0.02133850678159308
612	0.011203031377602975
631	0.023327542766422214
634	0.013172529583408832
639	0.011707714952289885
647	0.0591802314241701
689	0.031240957606049276
705	0.26103944620051595
706	0.08335555615836077
716	0.014873363314730137
723	0.023084039725188753
731	0.040789107907547396
738	0.008795126264179345
743	0.049030411409136256
750	0.022376968343086424
751	0.03338796415446791
753	0.06677592830893582
758	0.020435176456684086
762	0.018082955246249168
790	0.19546900812804616
829	0.029717632217340747
830	0.055141251337844234
831	0.050704116834376735
847	0.014339585327923702
854	0.06705277404837881
858	0.011123403265268901
865	0.011752026254254266
871	0.010021448409479387
872	0.004389160378148238
874	0.020937033176770124
875	0.013596369302515801
890	0.03311925971508127
893	0.02542361912050349
902	0.041855611070911694
930	0.03338796415446791
983	0.007532699440475814
991	0.04041531397793195
1003	0.06815613229101411
1005	0.015467043432803196
1023	0.009082835872206147
1032	0.014637983689159813
1049	0.19765744977754643
1052	0.0676054891125023
1083	0.021466992072401908
1100	0.022246806530537802
1105	0.06603697348051094
1122	0.02433690991579603
1157	0.009082835872206147
1158	0.023900293731794958
1163	0.04138140360055185
1167	0.016450447233036757
1170	0.01405710930812393
1203	0.03366832756529604
1206	0.012025975428919823
1213	0.023476454012687987
1240	0.007695640594577781
1301	0.011180330003355738
1391	0.020013802406839247
1411	0.018082955246249168
1420	0.027907068617035624
1446	0.013921328286913297
1463	0.020937033176770124
1471	0.012414786334392212
1475	0.01188722942096723
1488	0.010284616587707683
1490	0.010455996261020426
1511	0.013961636583634762
1527	0.06677592830893582
1555	0.012568280260860468
1559	0.028536049249217158
1561	0.011707714952289885
1565	0.01779666013527475
1589	0.02811421861624786
1598	0.03338796415446791
1601	0.02486571731209
1605	0.13350037926021607
1612	0.03338796415446791
1716	0.009302356205678541
1718	0.04973143462418
1737	0.12943023603294787
1740	0.031115122716188784
1774	0.03311925971508127
1783	0.027570625668922117
1793	0.022376968343086424
1879	0.02281500697444732
1885	0.01564965358685612
1905	0.014267541091625396
1917	0.022055950683533422
1988	0.028536049249217158
2002	0.015838786895025176
2012	0.016901372278125576
2045	0.024361033737403087
2057	0.01715024637295339
2069	0.008103989801367508
2109	0.030553168690744058
2129	0.013471771325977317
2157	0.00944432636332412
2167	0.00986337190402835
2198	0.016671111231672153
2199	0.011163067643122753
2239	0.019227893295221555
2277	0.010705646452843644
2294	0.009164093267532801
2430	0.008522246842377911
2436	0.015204419213657417
2437	0.016034926713887836
2474	0.08915289665202224
2484	0.03338796415446791
2506	0.015227086592111512
2577	0.08420504062937006
2601	0.020937033176770124
2621	0.022731945063409885
2642	0.04462008994419041
2664	0.012414786334392212
2665	0.01726670123964296
2668	0.018706636405959265
2686	0.02486571731209
2689	0.024729189553521342
2743	0.06677592830893582
2752	0.028536049249217158
2771	0.026754371662315913
2781	0.018874751150784574
2784	0.020937033176770124
2788	0.016671111231672153
2793	0.019806122075560827
2794	0.020937033176770124
2806	0.026754371662315913
2807	0.026047300280213587
2812	0.03338796415446791
2858	0.03338796415446791
2891	0.01631835426496582
2894	0.017020369863148768
2909	0.02065247601409615
2913	0.03380274455625115
2928	0.014637983689159813
2969	0.022055950683533422
3011	0.03338796415446791
3044	0.02542361912050349
3054	0.057072098498434316
3167	0.004400249742796254
3181	0.009989453329150315
3195	0.014873363314730137
3207	0.013854721500708513
3212	0.012465458201306507
3214	0.019419755955120185
3238	0.010742291371994844
3305	0.03866789376124043
3306	0.027570625668922117
3318	0.009531372208701797
3320	0.036464249639876004
3325	0.020455322174705602
3343	0.013788942149411908
3346	0.018082955246249168
3351	0.044111901367066844
3359	0.011841777041596408
3365	0.008308989712601798
3381	0.03774950230156915
3401	0.023476454012687987
3474	0.028252656396295178
3483	0.028536049249217158
3550	0.028536049249217158
3598	0.019606280634957698
3624	0.016901372278125576
3692	0.011933075332327693
3715	0.016450447233036757
3730	0.021753287183376328
3808	0.028506592938845016
3824	0.011324764777558689
3853	0.022055950683533422
3862	0.017394301864225675
3869	0.01405710930812393
3878	0.019606280634957698
3879	0.018706636405959265
3881	0.011979321649728958
3918	0.026047300280213587
3929	0.01574337585093443
3973	0.018543695251857298
3981	0.007259087376724529
3988	0.016671111231672153
4007	0.022718710763671365
4013	0.031240957606049276
4023	0.014715286809279098
4062	0.01593594869783054
4087	0.014196463921293456
4093	0.03338796415446791
4130	0.0065974478488464204
4135	0.016784990237578443
4148	0.02240606275520595
4149	0.03338796415446791
4163	0.017394301864225675
4182	0.028825246618244014
4191	0.017020369863148768
4212	0.018082955246249168
4216	0.017020369863148768
4222	0.01405710930812393
4227	0.019413707788061587
4260	0.009358688329341442
4273	0.10016389246340372
4276	0.01188722942096723
4285	0.02486571731209
4292	0.018874751150784574
4304	0.009502197646281671
4342	0.15573118144647646
4398	0.02486571731209
4407	0.022055950683533422
4416	0.022376968343086424
4417	0.026001558589089986
4419	0.017394301864225675
4426	0.018005613190915527
4428	0.01726670123964296
4429	0.015036304468832102
4457	0.004791810177244521
4587	0.005788403060078254
4617	0.02577859584082695
4638	0.016450447233036757
4682	0.011707714952289885
4836	0.024729189553521342
4859	0.024719312467734428
4898	0.03338796415446791
4920	0.00989461193378091
4949	0.00577399442619696
4990	0.08991528425585577
5091	0.08272312691799753
5094	0.021753287183376328
5109	0.013788942149411908
5122	0.019606280634957698
5135	0.012944745230024
5195	0.023068174553060507
5205	0.06677592830893582
5216	0.01997890665830063
5239	0.01066925339079654
5248	0.012673138532584923
5257	0.020455322174705602
5304	0.016343470469712084
5314	0.017641290407228047
5357	0.019048378826544206
5358	0.02486571731209
5362	0.010053637989971352
5369	0.03968570790348313
5414	0.026309189154629785
5448	0.012889297920413476
5454	0.03338796415446791
5476	0.040910644349411204
5538	0.014561792882810842
5578	0.013988783590015036
5584	0.0152905214308255
5617	0.02542361912050349
5641	0.031240957606049276
5657	0.024361033737403087
5690	0.011491555564461336
5692	0.03338796415446791
5725	0.010929419313851689
5740	0.015378046889417048
5769	0.03481388405181903
5839	0.02542361912050349
5857	0.010184389563581354
5874	0.018874751150784574
5882	0.02298311112892267
5888	0.023476454012687987
5913	0.03636160362962031
5938	0.06616785205060026
5955	0.027570625668922117
5965	0.027570625668922117
5970	0.036105645042782596
5978	0.021935303504065307
5986	0.02542361912050349
6000	0.14340176239076974
6006	0.1902937879590776
6019	0.010118610212284747
6061	0.01574337585093443
6069	0.026754371662315913
6085	0.020455322174705602
6142	0.06677592830893582
6155	0.012465458201306507
6173	0.011796711495676033
6182	0.023900293731794958
6183	0.028536049249217158
6233	0.01726670123964296
6250	0.022055950683533422
6273	0.023476454012687987
6315	0.015036304468832102
6323	0.028535082183250793
6335	0.05084723824100698
6348	0.024624764432245275
6388	0.007863755339403092
6391	0.020569233175415366
6466	0.022376968343086424
6488	0.13172529583408835
6544	0.02377445884193446
6554	0.008133679225938677
6556	0.010151397745426446
6559	0.05498455960519681
6601	0.01912141680774251
6603	0.034103080329352345
6612	0.026233363191795155
6665	0.011841777041596408
6671	0.07388924704991126
6692	0.016784990237578443
6708	0.024218787003466594
6732	0.054134815364622044
6760	0.034088987369511645
6791	0.023476454012687987
6798	0.016207979602735016
6800	0.026754371662315913
6810	0.020013802406839247
6827	0.01049094800299763
6828	0.011163067643122753
6842	0.031115122716188784
6844	0.019606280634957698
6848	0.05084723824100698
6875	0.03338796415446791
6909	0.020727054842297147
6959	0.014594639629810984
6985	0.02615789744866943
7001	0.012200821459811474
7070	0.027570625668922117
7099	0.026754371662315913
7133	0.014866700005967287
7169	0.014196463921293456
7187	0.009801439388850156
7192	0.03338796415446791
7206	0.008846287721929743
7215	0.05982536749613008
7230	0.021753287183376328
7231	0.029717632217340747
7247	0.027447939854197027
7278	0.036165910492498336
7281	0.011123403265268901
7296	0.009740222872548603
7324	0.1589320397442798
7325	0.06248191521209855
7327	0.014329393651886456
7340	0.00919145854644417
7366	0.029404318166550474
7389	0.029717632217340747
7417	0.01574337585093443
7463	0.059435264434681494
7483	0.01188722942096723
7501	0.007374622935024778
7547	0.016784990237578443
7566	0.01779666013527475
7591	0.007758059820513623
7650	0.04613414066825114
7651	0.011534087276530254
7686	0.03338796415446791
7719	0.03338796415446791
7735	0.016343470469712084
7743	0.008239770822578141
7757	0.01188722942096723
7778	0.030072608937664204
7805	0.04561325764097225
7894	0.017525053437835676
7903	0.021466992072401908
7915	0.06677592830893582
7929	0.013921328286913297
7975	0.01066925339079654
8002	0.055141251337844234
8021	0.012025975428919823
8024	0.029717632217340747
8036	0.02326935394218316
8037	0.07528965127815809
8060	0.015349993264079098
8089	0.02811643845689148
8103	0.014594639629810984
8140	0.011663771383211107
8156	0.013533703841155511
8189	0.031240957606049276
8212	0.019359411977788888
8257	0.027570625668922117
8300	0.026047300280213587
8309	0.018874751150784574
8360	0.026754371662315913
8386	0.0320614625835092
8390	0.0152905214308255
8396	0.024361033737403087
8414	0.032561318238379086
8497	0.034040739726297536
8504	0.022898725508194342
8505	0.004323107508956785
8521	0.01564965358685612
8530	0.022376968343086424
8537	0.014715286809279098
8651	0.007779030816970011
8665	0.011203031377602975
8709	0.009274413292896837
8719	0.01733868869615096
8722	0.038834235690071994
8724	0.024788230185601598
8773	0.019806122075560827
8777	0.016207979602735016
8792	0.016238612197987633
8805	0.03167547383341201
8857	0.027570625668922117
8877	0.014469615430536573
8879	0.02535060781823882
8886	0.03338796415446791
8891	0.020690701800275924
8892	0.015467043432803196
8905	0.0353901344870281
8929	0.015036304468832102
8931	0.018543695251857298
8938	0.012620449842304367
8955	0.016135790138433664
8956	0.018082955246249168
8964	0.10468516588385061
8997	0.026229316600902566
9014	0.022055950683533422
9067	0.014715286809279098
9109	0.025859569262179704
9178	0.013114658300451283
9215	0.01726670123964296
9235	0.015036304468832102
9261	0.029683835801342724
9280	0.012620449842304367
9307	0.010742291371994844
9327	0.013533703841155511
9333	0.07170088119538487
9364	0.015378046889417048
9376	0.04630785351471953
9415	0.02542361912050349
9421	0.012414786334392212
9424	0.026754371662315913
9430	0.024361033737403087
9435	0.019413707788061587
9456	0.044111901367066844
9495	0.037142453458061775
9510	0.013988783590015036
9527	0.018543695251857298
9553	0.02126621749498193
9561	0.021753287183376328
9580	0.008126379558548872
9584	0.028536049249217158
9587	0.018232124819938002
9606	0.035318231054284395
9652	0.017900235810354412
9670	0.015557561358094392
9679	0.01726670123964296
9785	0.014954207170310077
9821	0.017525053437835676
9826	0.007695640594577781
9876	0.027570625668922117
9883	0.01574337585093443
9885	0.017142103263104478
9891	0.017176052387349035
9893	0.022055950683533422
9894	0.00788514999349483
9903	0.03338796415446791
9907	0.026754371662315913
9911	0.35318231054284394
9938	0.08560524654975238
9987	0.06586264791704417
9998	0.03238686343638556
10038	0.015838786895025176
10112	0.028536049249217158
10116	0.009709877977560092
10120	0.013471771325977317
10128	0.006431960327932168
10131	0.009246617062747426
10137	0.011123403265268901
10169	0.014486682833621272
10171	0.034222510461670984
10173	0.01564965358685612
10181	0.01564965358685612
10211	0.008897948323733309
10212	0.020013802406839247
10222	0.03677123749281252
10228	0.007842446780731685
10282	0.022718710763671365
10329	0.018328186535065603
10342	0.017020369863148768
10367	0.013988783590015036
10375	0.009274413292896837
10446	0.021195385374962836
10452	0.006161983164183169
10473	0.016559629857540635
10476	0.013659785266277476
10477	0.00986337190402835
10489	0.024361033737403087
10651	0.029717632217340747
10652	0.02542361912050349
10665	0.03552533112478922
10682	0.01593594869783054
10699	0.029430573618558196
10705	0.018543695251857298
10722	0.011163067643122753
10853	0.03385162569954875
10873	0.01316977949294658
10920	0.02201232449350364
10948	0.011433497581968927
10950	0.03338796415446791
11046	0.025668850409319925
11057	0.028679170655847405
11064	0.015838786895025176
11117	0.017525053437835676
11122	0.03338796415446791
11132	0.051778980920096
11134	0.011283875233182916
11137	0.027570625668922117
11141	0.026754371662315913
11174	0.01574337585093443
11175	0.022123868805074335
11202	0.012568280260860468
11209	0.032337574975488025
11265	0.018706636405959265
11277	0.02542361912050349
11279	0.013659785266277476
11305	0.006131107451722997
11306	0.011324764777558689
11352	0.031240957606049276
11400	0.014339585327923702
11401	0.00983231510131033
11432	0.03505010687567135
11433	0.03338796415446791
11435	0.02486571731209
11454	0.061744516425298164
11491	0.031240957606049276
11516	0.008308989712601798
11537	0.020569233175415366
11553	0.014486682833621272
11577	0.03754985897717071
11592	0.008429636112735337
11663	0.009415626186374648
11701	0.04138140360055185
11733	0.026754371662315913
11737	0.020690701800275924
11751	0.014412623309122007
11775	0.006431960327932168
11777	0.040979355798832426
11779	0.07308310121220926
11802	0.05886114723711639
11807	0.014954207170310077
11814	0.04438120560718819
11823	0.019606280634957698
11850	0.028536049249217158
11872	0.017142103263104478
11876	0.013241945418760876
11889	0.08540682534260799
11933	0.022718710763671365
12055	0.011292102432628948
12057	0.014873363314730137
12103	0.031240957606049276
12115	0.026754371662315913
12188	0.00671644543386961
12193	0.020097843520533343
12313	0.01726670123964296
12343	0.024361033737403087
12354	0.018232124819938002
12488	0.014143918869735367
12489	0.04528012414592173
12510	0.027570625668922117
12512	0.04196635077004511
12516	0.00866934434807548
12520	0.025346277065169846
12537	0.01353654917689518
12566	0.01677049500503361
12584	0.010184389563581354
12591	0.046480757974793355
12612	0.017900235810354412
12698	0.012516619659056904
12699	0.01081635089649411
12748	0.023784601171976536
12766	0.012644454169103007
12813	0.031240957606049276
12827	0.039212561269915396
12829	0.01349648024359352
12834	0.1122151190422822
12835	0.2820968808295729
12839	0.009989453329150315
12898	0.06677592830893582
