329
t_index	tf-idf
3	0.039448173326252486
16	0.031860808604618936
17	0.023037083430998136
166	0.029613617215375997
185	0.026383582035665397
189	0.017077823928115524
231	0.026240949900676144
240	0.04627616284822432
278	0.018633656219668553
309	0.03392361054985837
338	0.0313984979138243
355	0.03640951507018203
356	0.021992703145058058
375	0.03569155158206407
393	0.018952534389569366
435	0.04141931051884955
488	0.05890610456582261
582	0.05511815895585557
596	0.04054890981506794
604	0.0376473481863024
612	0.019765414109412315
614	0.03425144149799408
639	0.020655823098879915
729	0.020812838952450598
735	0.035310183390718126
738	0.015517167353794227
748	0.028115660362129986
804	0.03787403370508813
847	0.025299209884415034
918	0.016713457057882332
948	0.11781220913164522
983	0.013289878318148483
1006	0.022838305221903974
1023	0.016024770997329067
1028	0.044854677554624696
1075	0.016511455169193327
1083	0.03787403370508813
1200	0.042979967093170854
1203	0.011880149475075428
1207	0.02582567160540895
1273	0.01751242430549937
1538	0.05890610456582261
1591	0.03091930450011079
1706	0.026528425609503452
1768	0.05890610456582261
1879	0.020126162534035822
1944	0.017347070902626383
1947	0.033606894681407574
2057	0.010086011848470473
2087	0.056663646200022615
2157	0.01666254563284833
2173	0.02921601579080024
2239	0.03392361054985837
2277	0.018887882066674206
2292	0.04864262316459173
2464	0.01646162985976517
2506	0.013432510453137732
2531	0.03494377472758572
2616	0.03837914176336086
2634	0.023343413280176705
2640	0.04227003302518685
2642	0.026240949900676144
2648	0.033003961400767286
2712	0.026825029040965183
2718	0.029412701442292834
2729	0.16973861906513815
2801	0.014537358415375281
2899	0.036089153006639826
2909	0.009109247467149731
2913	0.05963789814288108
2933	0.05511815895585557
2991	0.04797592019352641
3000	0.02050140266784937
3167	0.007763323641588503
3202	0.02902338580395704
3207	0.024443768708846958
3238	0.03790506877913873
3241	0.02050140266784937
3247	0.04720251308052174
3269	0.042979967093170854
3294	0.01641206887682912
3313	0.08145395457851581
3335	0.029412701442292834
3351	0.03891312843310891
3359	0.020892347716387805
3365	0.014659480721329596
3378	0.021903303196106713
3522	0.02492296212256047
3651	0.021468702818722863
3840	0.025172102843772515
3871	0.016561547639734307
3900	0.0935946128281804
3946	0.021300369915466414
3981	0.012807146853503402
4010	0.03425144149799408
4023	0.025962056850581252
4098	0.02846823893632189
4100	0.026528425609503452
4130	0.02327964358975167
4141	0.03693903167929087
4182	0.0254280701808332
4192	0.03650443130190702
4237	0.04141931051884955
4244	0.05890610456582261
4264	0.021384157233805476
4277	0.03891312843310891
4288	0.02582567160540895
4353	0.01928268264476723
4358	0.020734001156544214
4407	0.03891312843310891
4419	0.030688620597624748
4423	0.044854677554624696
4457	0.008454150425418088
4587	0.030637292619754022
4598	0.01626494420827258
4620	0.026229193881024192
4640	0.028595602201509685
4644	0.012942543765072752
4701	0.03787403370508813
4828	0.023240183242284856
4836	0.021814750652786413
4859	0.014537358415375281
4862	0.10069182374780457
4893	0.05890610456582261
4920	0.017456980680612664
4990	0.010575785357735124
5043	0.11513742529008257
5178	0.06487518528369016
5198	0.07217830601327965
5216	0.01762430855741737
5392	0.039479497192031116
5515	0.014783220588256379
5665	0.03271648569193998
5727	0.03091930450011079
5728	0.0313984979138243
5798	0.05843203158160048
5885	0.02313808142411216
5925	0.02172702960102229
5934	0.059972668109836126
6199	0.17671831369746782
6233	0.030463495888027034
6246	0.022082966875007035
6348	0.008689052988338494
6353	0.020972538967330697
6388	0.027747914916875033
6421	0.11686406316320096
6428	0.021992703145058058
6554	0.021525272854524474
6556	0.017910025730075125
6581	0.04720251308052174
6601	0.033735754977825744
6603	0.024067111209338632
6604	0.06433356919467517
6605	0.050345911873902284
6620	0.02027445490753397
6625	0.027597838232540275
6634	0.03164763863503634
6692	0.029613617215375997
6712	0.17671831369746782
6777	0.022266153594723368
6798	0.028595602201509685
6827	0.01850909139593315
6844	0.034591196153393816
6947	0.02042513919639388
6985	0.015383386212714931
7006	0.03425144149799408
7060	0.042979967093170854
7134	0.03091930450011079
7177	0.02582567160540895
7187	0.017292597142611887
7206	0.07803715541871599
7207	0.050345911873902284
7343	0.33244295039356425
7366	0.017292597142611887
7374	0.03091930450011079
7384	0.043870376082638454
7401	0.05890610456582261
7472	0.021384157233805476
7497	0.03569155158206407
7501	0.03903295580416076
7555	0.037394840291374624
7574	0.015295251376281347
7584	0.01844742633129664
7726	0.011120675832574601
7731	0.02921601579080024
7811	0.018722890997567576
7821	0.021151570715470247
7872	0.05511815895585557
7901	0.03837914176336086
7999	0.05243056877455878
8021	0.04243465476628454
8023	0.024800839816606152
8037	0.014759211001895043
8089	0.016535198693134776
8103	0.012874600022881287
8108	0.03569155158206407
8112	0.01641206887682912
8212	0.017077823928115524
8386	0.028282884496038843
8388	0.3891939136469768
8391	0.033003961400767286
8505	0.015254444493455201
8509	0.09019140005077284
8535	0.08595993418634171
8539	0.02121732738314227
8541	0.026976938459113205
8645	0.015078484728858792
8665	0.019765414109412315
8722	0.022838305221903974
8724	0.04373366619657551
8731	0.026383582035665397
8754	0.06851491566571193
8805	0.0447078178272995
8844	0.027775905706730244
8865	0.019980187323908678
8877	0.025528620901684063
8879	0.014908621442541643
8890	0.030243668725139547
8985	0.03425144149799408
8997	0.02313808142411216
9026	0.01762430855741737
9124	0.053056851219006905
9139	0.022082966875007035
9204	0.03091930450011079
9215	0.030463495888027034
9233	0.03837914176336086
9260	0.03041588048391079
9272	0.025046701989487254
9275	0.03271648569193998
9276	0.021814750652786413
9280	0.022266153594723368
9364	0.08139407667043123
9381	0.021135016512593426
9426	0.01832530402534232
9443	0.02241044283498398
9446	0.03091930450011079
9495	0.009361445498783788
9502	0.026100462691278494
9525	0.023877399949924757
9532	0.05511815895585557
9553	0.018759904402726166
9601	0.039479497192031116
9650	0.03569155158206407
9670	0.02744807475859453
9679	0.0913904876640811
9735	0.027131358890143748
9818	0.06329527727007268
9826	0.013577354026975786
9891	0.05303123853953858
9986	0.081568643876933
9997	0.02217411124061421
10115	0.05511815895585557
10121	0.01751242430549937
10128	0.01134785355248124
10155	0.06092699177605407
10171	0.040252325068071644
10184	0.05843203158160048
10185	0.026100462691278494
10189	0.11459858812751217
10190	0.21294116233764737
10191	0.05059841976883007
10209	0.01641206887682912
10224	0.019017637254933967
10256	0.04216708737332791
10375	0.016362769430640144
10379	0.03693903167929087
10420	0.032166784597337586
10452	0.03261460533408766
10473	0.02921601579080024
10476	0.024099844348681204
10477	0.017401864158660928
10535	0.03330056483222901
10541	0.020126162534035822
10619	0.3453834770520673
10637	0.043870376082638454
10707	0.05511815895585557
10738	0.05335110055611999
10766	0.03569155158206407
10835	0.028834647599454293
10873	0.0058088328201985045
10948	0.020172023696940947
11117	0.03091930450011079
11127	0.045287337056563785
11175	0.013010985268053587
11202	0.02217411124061421
11209	0.019017637254933967
11214	0.04072697728925791
11242	0.03091930450011079
11250	0.03693903167929087
11306	0.019980187323908678
11350	0.025962056850581252
11401	0.017347070902626383
11466	0.09440502616104347
11514	0.01751242430549937
11543	0.029412701442292834
11544	0.011036888514235541
11574	0.04216708737332791
11623	0.011580693601464477
11636	0.012807146853503402
11663	0.01661191015185219
11682	0.02492296212256047
11736	0.029613617215375997
11783	0.06660112966445803
11802	0.025962056850581252
11872	0.030243668725139547
11999	0.05511815895585557
12055	0.009961280711621473
12075	0.04720251308052174
12166	0.05963789814288108
12183	0.023037083430998136
12371	0.02172702960102229
12372	0.03243759264184508
12420	0.022453004290709105
12434	0.03332509126569666
12489	0.06390987399778109
12537	0.01194120997592905
12566	0.01972536226560989
12649	0.019765414109412315
12666	0.01832530402534232
12694	0.03891312843310891
12719	0.03436918671472731
12748	0.027975314641545766
12766	0.007436168075587413
12829	0.017858795002179483
12839	0.01762430855741737
12867	0.09969184849024187
12868	0.03981609248880313
12881	0.04720251308052174
12905	0.1108170950378726
