220
t_index	tf-idf
16	0.024795732142829926
176	0.0417532551089729
178	0.046093702728329904
559	0.07836359464717564
585	0.05230925360454735
604	0.029299117078280236
607	0.03144139589873867
631	0.03203018906887949
660	0.032643833057871934
807	0.04062546495464929
872	0.012053188642575968
893	0.06981646848951856
945	0.07347088301100836
1020	0.05033151462938077
1032	0.04019775163167539
1044	0.040410035761026475
1075	0.02570013992703931
1116	0.050632889442477284
1241	0.053312493065034584
1243	0.053312493065034584
1273	0.027258152022406303
1301	0.015351298996455513
1490	0.02871348607072743
1596	0.08039550326335078
1600	0.04223005863156047
1694	0.04578097659796311
1860	0.04776694939633896
1879	0.031326445066096914
1888	0.04223005863156047
1894	0.03601450775534302
1906	0.032519015084589854
1944	0.054001557700810575
2025	0.05092332877919902
2098	0.04152059087172556
2277	0.05879811404443997
2294	0.025165757314690385
2349	0.024868987736570737
2375	0.0715291757098407
2451	0.043495308867214706
2485	0.07836359464717564
2515	0.05617289770131678
2645	0.03860259723104743
2729	0.06604969423191057
2872	0.038229725400963185
2891	0.014937420474254712
2909	0.014178576760004247
3016	0.03381820046890987
3146	0.05230925360454735
3285	0.03879268104371432
3294	0.02554544480208416
3319	0.05749573694136697
3342	0.06828439967418876
3343	0.03786617635023576
3356	0.048126009728214986
3446	0.07571241958617306
3546	0.05092332877919902
3635	0.04547483466721241
3809	0.02554544480208416
3812	0.0555540296401993
3839	0.07467469399078638
3840	0.03918046948095755
3900	0.09105022170415787
3975	0.07836359464717564
3981	0.03986874116525965
4130	0.01811742489009984
4135	0.046093702728329904
4155	0.09094966933442482
4200	0.025622586651989344
4280	0.04578097659796311
4365	0.04062546495464929
4369	0.03768775442335207
4417	0.035701781624976225
4421	0.04152059087172556
4452	0.09168756565581447
4457	0.013158915835768746
4472	0.022817534974072917
4673	0.04019775163167539
4682	0.03215086365857358
4717	0.07467469399078638
4735	0.4152059087172556
4739	0.0488718760167012
4783	0.03918046948095755
4828	0.03617342960607966
4949	0.015856117809369248
4990	0.03292249662394899
5216	0.02743230026678937
5410	0.07571241958617306
5417	0.08160837068282759
5515	0.04602027305253424
5544	0.019420493624584128
5753	0.1076826448397543
5795	0.04488123369256303
5907	0.059737273516531665
5929	0.21756044900354304
5992	0.059737273516531665
6086	0.04106614124224693
6087	0.049259664453944425
6227	0.041989702669931885
6601	0.02625491256191906
6603	0.018730272994764686
6625	0.021478067710937312
6626	0.05749573694136697
6668	0.03841496618124436
6713	0.050489230734013346
6947	0.03179180332669755
6959	0.04007872337140323
7001	0.03350499639558399
7022	0.05749573694136697
7033	0.04223005863156047
7133	0.02041291775946778
7278	0.04965807854354479
7366	0.026915990245138282
7454	0.05230925360454735
7483	0.032643833057871934
7494	0.15142483917234612
7501	0.0202516458150527
7547	0.046093702728329904
7584	0.2871348607072743
7591	0.021304611921355857
7700	0.027697496758828287
7774	0.06446930722387265
7811	0.11656899129616802
7821	0.016461248311974496
7832	0.044264767231125705
7951	0.07347088301100836
8015	0.06238844857753424
8036	0.0159751460696414
8060	0.021076509916946016
8095	0.06828439967418876
8103	0.020039361685701616
8112	0.02554544480208416
8140	0.03203018906887949
8157	0.15142483917234612
8167	0.024942614246291104
8321	0.05496042866554991
8342	0.2482903927177239
8414	0.029805830528321715
8454	0.04578097659796311
8464	0.03302484711595528
8505	0.03561539736871717
8546	0.16608236348690225
8645	0.04693943246654847
8677	0.04019775163167539
8719	0.02380711430710778
8724	0.09076214698681674
8729	0.04707438019111205
8805	0.052190910592996256
8811	0.048126009728214986
8873	0.049259664453944425
8877	0.08940463004853177
8879	0.023205323411316148
8894	0.05137078576386693
9000	0.03087551886881475
9001	0.06828439967418876
9040	0.09168756565581447
9068	0.0257781090393315
9260	0.023671214209486337
9364	0.04223005863156047
9372	0.09035001078643073
9495	0.029142247824042004
9525	0.07433051945074905
9534	0.04272302803085882
9662	0.05006771702938265
9728	0.09035001078643073
9790	0.0715291757098407
9820	0.024868987736570737
9891	0.011791902193309028
9910	0.06238844857753424
9998	0.008893841666929338
10023	0.03554790500806237
10178	0.0297030654037623
10185	0.04062546495464929
10245	0.11947454703306333
10375	0.025468710035075483
10448	0.04578097659796311
10478	0.08160837068282759
10558	0.024082785209727158
10735	0.09168756565581447
10738	0.04152059087172556
10750	0.03860259723104743
10809	0.0555540296401993
10824	0.04674008490286666
10873	0.009041469377600198
10948	0.01569891406634461
10967	0.06339168803802148
11012	0.060568425707000245
11116	0.03978226037674918
11117	0.048126009728214986
11175	0.0202516458150527
11242	0.048126009728214986
11265	0.05137078576386693
11306	0.031099234121470656
11346	0.05749573694136697
11357	0.04674008490286666
11375	0.07836359464717564
11417	0.06689847484884041
11437	0.09397933519829074
11514	0.05451630404481261
11519	0.0297030654037623
11791	0.05280222300384571
11857	0.026014556600290485
11876	0.009091013563871925
11974	0.06238844857753424
12063	0.04849416115423125
12228	0.0977437520334024
12238	0.056819279875853536
12330	0.04776694939633896
12339	0.0417532551089729
12372	0.050489230734013346
12400	0.09168756565581447
12411	0.08494890875559448
12434	0.025935312782356133
12470	0.05092332877919902
12520	0.03480203871957614
12564	0.10566954324805934
12566	0.015351298996455513
12646	0.05895107098968809
12766	0.0115744226117725
12827	0.05384132241987715
12829	0.03706303902603446
