44
t_index	tf-idf
91	0.11070357254400548
316	0.18254600002180138
604	0.1323541671291668
647	0.122357050266423
729	0.1463405045961424
983	0.0934446042436794
1171	0.1452364851351922
1203	0.08353243268888265
1737	0.1888949760478188
2167	0.122357050266423
2294	0.11368236253200058
2577	0.08704832797228713
2772	0.26630221932512005
2822	0.14308259998746833
2891	0.13495490943607583
4182	0.17879140033085714
4219	0.10423727927008596
5216	0.12392111491099045
5248	0.15721275275360222
5857	0.1263393368808306
5934	0.10542087186208947
5970	0.17915902465756517
6348	0.0610950001429937
6554	0.050449937789159065
6947	0.1436144863886906
7501	0.0914836343936514
7821	0.07436110802986937
8880	0.14415071476774777
8991	0.18861378280154334
9109	0.10693099840729259
9130	0.20822107431455744
9553	0.13190578578647447
9894	0.09781682202597386
9998	0.040176535124252524
10671	0.16058208675566668
10695	0.16127720024382655
11209	0.4011539182816398
11454	0.10942182238105558
11833	0.12431802011645102
11876	0.04106722825099046
11889	0.12464568343447484
12196	0.10278716272802779
12772	0.26985376595900706
12835	0.1399786708379844
