302
t_index	tf-idf
3	0.01611071548931768
15	0.018112493494449548
182	0.02762576559218473
348	0.04281332938559344
355	0.022304581769164965
356	0.026945596209033303
357	0.030996748760564054
571	0.07217212442729759
607	0.024749182953444335
612	0.048433415754646006
639	0.02530764249017339
655	0.05630439125073743
687	0.029254738416129612
728	0.037054730379084924
807	0.03197844866587783
847	0.030996748760564054
864	0.037882523518321796
901	0.02447984935093651
918	0.020477431181073955
983	0.01628284128904293
1020	0.019809296443108568
1122	0.05260717552267168
1157	0.019633648751053383
1183	0.08235075133346706
1206	0.025995601019581153
1207	0.031641772924253665
1241	0.04196507842146108
1301	0.012083818055022979
1317	0.037882523518321796
1378	0.03147707727732551
1475	0.07708705420582589
1488	0.022231443181771823
1559	0.061684123283162015
1561	0.02530764249017339
1621	0.05375025669488195
1731	0.06423825783901752
1756	0.08476269586226486
1860	0.03759988817116532
1861	0.05265932208203155
1867	0.03250279148589723
1912	0.044216653952402075
2012	0.036534361226865195
2057	0.012357444232110265
2087	0.023141550179419795
2120	0.03343388587546775
2130	0.035101725120396846
2188	0.07217212442729759
2199	0.02413032142967552
2271	0.027394522374186218
2277	0.023141550179419795
2349	0.03915138687490933
2352	0.061684123283162015
2431	0.030841016426530893
2440	0.024391461653177803
2506	0.01645759506489773
2664	0.026836062837457174
2722	0.08843330790480415
2729	0.025995601019581153
2796	0.036534361226865195
2801	0.01781126163632672
2822	0.02493232526025868
2837	0.04581639010660187
2872	0.030092635557772186
2889	0.06753110998742924
2891	0.02351606483124916
2909	0.011160706457911316
2996	0.03423745434961591
3000	0.02511844562094229
3167	0.00951167224449587
3203	0.029390197393312674
3212	0.026945596209033303
3214	0.2728579897314692
3241	0.02511844562094229
3305	0.027861777046028893
3320	0.039410943865605584
3343	0.029806466902984018
3359	0.0511948678351534
3439	0.029254738416129612
3546	0.040084441053883146
3589	0.05375025669488195
3630	0.07217212442729759
3635	0.03579564363430896
3684	0.04581639010660187
3812	0.04372951022258903
3843	0.1053186441640631
3869	0.030386142664475126
3889	0.03068737452259796
3900	0.028668174939373743
3901	0.029806466902984018
3931	0.05074719597387351
3939	0.07621028019296648
3948	0.05630439125073743
3981	0.01569139570648186
3999	0.046403500847231945
4000	0.07217212442729759
4005	0.04581639010660187
4130	0.07130590904654381
4136	0.02630358776133584
4141	0.09051586113974563
4153	0.06423825783901752
4191	0.03679158890547141
4207	0.03603662411361948
4212	0.039088495782720695
4222	0.06077228532895025
4277	0.04767660614854526
4329	0.03974273956026518
4332	0.05630439125073743
4358	0.02540342673098883
4415	0.030238448357445036
4473	0.04767660614854526
4612	0.05630439125073743
4620	0.016068085458729526
4628	0.059597243399149166
4682	0.02530764249017339
4686	0.049109242255013605
4709	0.029806466902984018
4735	0.45756269358414164
4765	0.02872838591302508
4990	0.012957517771387407
5088	0.06423825783901752
5091	0.019868449804644528
5118	0.046403500847231945
5195	0.02493232526025868
5239	0.023062882172283982
5362	0.02173215499460518
5469	0.02338085122948777
5534	0.04080005843681882
5538	0.03147707727732551
5673	0.036534361226865195
5690	0.024840387818330725
5699	0.03974273956026518
5764	0.07159128726861792
5769	0.03010176912807263
5803	0.07217212442729759
5896	0.030996748760564054
5913	0.05240000397332511
5925	0.0532401826723529
5946	0.025212653148485458
5970	0.015609344100765367
6086	0.09697598472437363
6087	0.15509953205924384
6176	0.04767660614854526
6194	0.038469634258951876
6213	0.03250279148589723
6353	0.025695684735275292
6530	0.04281332938559344
6554	0.00879096590661125
6559	0.019809296443108568
6609	0.03324150907845346
6612	0.018902196249177102
6626	0.04525793056987282
6634	0.03877488301481096
6696	0.04791896039743357
6828	0.02413032142967552
6909	0.014934678997586324
6959	0.047322119243080565
6960	0.05495622895928084
6985	0.0376956402749947
7056	0.029120863790804852
7133	0.016068085458729526
7168	0.049109242255013605
7177	0.031641772924253665
7187	0.02118699720252478
7206	0.019122321302161564
7296	0.042109340590813914
7340	0.039736899609289056
7352	0.07217212442729759
7353	0.03817231494572511
7377	0.02579478621998643
7426	0.040084441053883146
7483	0.025695684735275292
7498	0.14929625592637097
7501	0.015941139795424972
7519	0.03817231494572511
7547	0.03628278736412201
7574	0.03747967357923887
7591	0.016769985018855977
7726	0.027250241917028288
7805	0.03286619184853875
7808	0.046441525212321096
7811	0.011469701049449343
7880	0.07217212442729759
8010	0.03286619184853875
8035	0.02447984935093651
8045	0.049109242255013605
8089	0.006753009309233305
8112	0.06032450554072798
8212	0.02092385572891127
8233	0.04989894500974115
8297	0.04238134793113243
8335	0.043262255550746365
8371	0.03305231220922237
8386	0.01732618269410509
8388	0.019868449804644528
8454	0.03603662411361948
8464	0.07798680305874346
8505	0.04672459985962657
8507	0.05630439125073743
8524	0.03679158890547141
8535	0.05265932208203155
8546	0.2614643963337952
8549	0.07020345024079369
8596	0.04080005843681882
8651	0.05044594909549279
8694	0.07217212442729759
8724	0.08930459815853181
8753	0.0355596321804648
8754	0.027981633114816305
8773	0.04281332938559344
8787	0.061684123283162015
8805	0.013694073877773114
8835	0.06423825783901752
8877	0.0547361929815103
8922	0.03343388587546775
8933	0.054789044748372435
8938	0.027280629394870477
8997	0.028348920775841936
9096	0.0404366580741773
9109	0.018632862646669277
9124	0.03250279148589723
9130	0.03628278736412201
9170	0.05495622895928084
9261	0.021388400932169382
9307	0.023220762606160548
9386	0.040084441053883146
9394	0.0997978900194823
9425	0.07217212442729759
9443	0.013728706733187433
9455	0.06753110998742924
9525	0.11701895366451845
9580	0.03513230539781521
9652	0.019346762806590406
9655	0.05630439125073743
9670	0.06725910264711074
9820	0.019575693437454664
9821	0.037882523518321796
9826	0.01663505830933708
9832	0.07217212442729759
9891	0.03712811551894671
9998	0.035004062046531274
10006	0.03180887297198512
10135	0.04758230286007426
10157	0.049109242255013605
10222	0.03974273956026518
10228	0.01695239764409789
10476	0.029527278672246304
10520	0.03877488301481096
10546	0.07217212442729759
10587	0.06753110998742924
10620	0.039410943865605584
10661	0.035101725120396846
10715	0.09051586113974563
10840	0.04238134793113243
10873	0.014234035951512488
10876	0.026836062837457174
10890	0.022830071095919637
10948	0.04942977692844106
10974	0.03197844866587783
11046	0.05548632606277728
11096	0.05375025669488195
11116	0.031314717817767845
11117	0.037882523518321796
11132	0.027981633114816305
11135	0.03877488301481096
11147	0.040084441053883146
11175	0.14347025815882475
11194	0.13864573720317075
11202	0.027167858532116774
11250	0.04525793056987282
11305	0.013253130614244707
11306	0.02447984935093651
11366	0.06753110998742924
11401	0.021253738790935128
11437	0.049317398166342785
11453	0.026836062837457174
11519	0.02338085122948777
11535	0.02387500638370504
11541	0.02672756771251262
11577	0.027056187890441636
11592	0.01822167843449548
11627	0.027167858532116774
11635	0.04281332938559344
11660	0.05558063705778716
11876	0.014312033641835625
12019	0.061684123283162015
12055	0.0122046228701313
12146	0.04117537566673353
12193	0.014481306862293226
12222	0.06423825783901752
12332	0.04080005843681882
12387	0.022304581769164965
12403	0.07217212442729759
12488	0.015286896017880478
12504	0.02630358776133584
12537	0.029260888953613444
12554	0.04837052466245737
12566	0.012083818055022979
12612	0.019346762806590406
12638	0.024391461653177803
12737	0.056450354817340814
12786	0.08235075133346706
12839	0.02159341208396623
