71
t_index	tf-idf
569	0.0660197844747431
596	0.14194078373707605
612	0.09225133737250536
865	0.09677203448337711
1801	0.1374665588972918
2002	0.06521222802005645
2200	0.08838494963082791
2480	0.40951338962647243
2762	0.04612566868625268
2891	0.02239557541647447
2918	0.11319255894789218
3242	0.042483633782168066
3390	0.052618915723983736
3624	0.20876146957930908
3809	0.038300115913487816
3857	0.08154673445289089
4130	0.02716333493978232
4148	0.18450267474501073
4196	0.1374665588972918
4209	0.048386017241688555
4264	0.04990325759132666
4836	0.05090811432098848
5556	0.047313594579025356
5842	0.12338719738079286
5868	0.0777120485315318
5899	0.05816160932331865
6071	0.12886703822771944
6549	0.1501323919474374
6560	0.0629548826372392
6587	0.17711892602292564
6668	0.057595303935922694
7165	0.0521784657621898
7327	0.029498840170312284
7481	0.036211723991627004
7543	0.22817334778141696
7584	0.2152496958478201
7811	0.04369277882173867
7821	0.024680240383909514
8010	0.18780113513333152
8294	0.12862679853407824
8531	0.2447097774870744
8751	0.2462807724638873
8933	0.0521784657621898
8948	0.07569816867458797
8971	0.09504273731063777
9006	0.0686391144847713
9495	0.04369277882173867
9497	0.059645279052089044
9844	0.0464585229622172
9845	0.08496726756433613
9891	0.01767952072642713
9998	0.0400034334182128
10120	0.16639990727186832
10169	0.059645279052089044
10750	0.05787661792407609
10835	0.06729013591594442
11046	0.05284252313638535
11377	0.08240180606969905
11457	0.08154673445289089
11459	0.0872666772528635
11636	0.029887469562278043
11663	0.038766476617621164
11673	0.061570193115971825
11775	0.026481981625298127
11777	0.056240735947352245
12057	0.12247467768001465
12188	0.027653277616566843
12200	0.1374665588972918
12201	0.2749331177945836
12411	0.12736333531362598
12788	0.06958715652643636
