97
t_index	tf-idf
181	0.06767203154506624
596	0.04727269110947771
688	0.10021372794274115
807	0.060856832711234175
847	0.058988601155209305
872	0.018055642825922844
1032	0.06021611935143275
1044	0.12106824076519711
1173	0.07264411757820236
1645	0.06437781515582458
2025	0.07628300387637114
2109	0.041895416097249435
2130	0.06680060799219129
2131	0.11738844528715629
2237	0.05541868383423657
2241	0.06596270916123476
2349	0.03725367397201977
2441	0.22011835392106183
2729	0.0989422569559918
2762	0.046085792200408406
2801	0.06779171692181295
2872	0.057268021570214205
2909	0.021239468272675678
3305	0.053022569119718733
3336	0.3855467949288768
3881	0.04927920931784321
3884	0.11341699247164422
3900	0.08183578625016949
4020	0.07500129987169163
4155	0.0681211749577001
4280	0.06857977471246937
4598	0.03792396328173736
4618	0.07051728967221794
4620	0.12231397451060494
4682	0.04816190370684218
4735	0.1865931864833727
4859	0.06779171692181295
5165	0.13734771653801423
5305	0.12851559830962558
5369	0.027209113112939054
5469	0.0444951087773517
5700	0.11341699247164422
5929	0.08147623580659098
6601	0.03932978547845355
6603	0.02805789648316856
6713	0.22689817866173972
7074	0.1931496832891447
7169	0.11679968826389402
7366	0.12096023398876558
7494	0.11341699247164422
7501	0.030336908706635808
7519	0.07264411757820236
7584	0.08602544341650094
7700	0.04149077256478417
7726	0.02592939124427862
7811	0.0654825084206484
7821	0.024658903863825722
8060	0.03157255282084992
8176	0.06555554433890422
8342	0.1487753251345857
8516	0.2803731636623589
8546	0.3109886441389545
8549	0.06680060799219129
8724	0.03399036049098208
8775	0.0494711284779959
8865	0.04658656560584794
8877	0.05952350461899811
8905	0.09705601570031797
8914	0.07155475640178019
8938	0.05191661161200474
9204	0.07209262777321218
9495	0.043655005613765605
9580	0.06685880402435522
9735	0.06326050954482355
9820	0.03725367397201977
9826	0.03165747567214462
9891	0.00883211822838863
9998	0.01332294990564977
10026	0.05672342611051558
10121	0.08166527076043359
10153	0.08830853922219457
10556	0.13734771653801423
10738	0.062197728827790906
10948	0.0235169292991498
11258	0.07835911538280492
11592	0.017338452652789976
11635	0.08147623580659098
11636	0.029861631297145707
11742	0.09496057112254953
11908	0.10715050486205148
12028	0.09205189902407011
12055	0.023226101430736643
12228	0.14641986676842642
12404	0.13734771653801423
12411	0.06362661368814036
12612	0.03681800577402337
12829	0.013880082162107002
