291
t_index	tf-idf
16	0.01997724943068552
39	0.069119978923678
189	0.021416151270927476
222	0.06410297819680288
310	0.07387018694377272
348	0.08764127897010908
357	0.0317260388794372
563	0.12627084915534112
607	0.07599444187006961
632	0.0244367364663717
639	0.025903079571095215
687	0.05988608518701969
731	0.030081688643451256
807	0.0327308361762282
847	0.0317260388794372
871	0.02217224937797091
872	0.009710927451580573
880	0.02876395794782994
983	0.03333188650166553
1020	0.02027536868408398
1100	0.049220603859216075
1107	0.04812870241034297
1183	0.04214414806433553
1211	0.03422051684740802
1219	0.06313542457767056
1240	0.017026447217431625
1241	0.04295243091016613
1253	0.03739394004424081
1378	0.09665300563219188
1439	0.14774037388754543
1456	0.04812870241034297
1476	0.04000816816372282
1480	0.05919349940340644
1497	0.022829362971719513
1508	0.07387018694377272
1511	0.030889835022663494
1522	0.07387018694377272
1555	0.027807062692897136
1587	0.035927596939517296
1640	0.06099944467705785
1733	0.07387018694377272
1756	0.04337849439024826
1860	0.03848453665884326
1888	0.1020708414531461
2003	0.06099944467705785
2057	0.012648189627461849
2069	0.01792991147492101
2071	0.04337849439024826
2207	0.06574965269715256
2246	0.06313542457767056
2349	0.0400725389547164
2433	0.053898288257408104
2509	0.041027545990693234
2537	0.027246407654863185
2557	0.07387018694377272
2588	0.041027545990693234
2631	0.028639983727591915
2662	0.04577775401078795
2664	0.02746746052396925
2729	0.026607224358022017
2731	0.03792655241860657
2837	0.046894356084430246
2872	0.03080065374163588
2992	0.027356412730576166
3146	0.04214414806433553
3187	0.08447041117193507
3193	0.019235878483956012
3203	0.030081688643451256
3216	0.028039059471707917
3378	0.02746746052396925
3474	0.03125421184707393
3587	0.03907043146495982
3624	0.03739394004424081
3659	0.034831896663545976
3684	0.046894356084430246
3783	0.05287891043043769
3809	0.02058127260326182
3812	0.04475837618381753
3900	0.014671339238750011
3904	0.07387018694377272
3932	0.06313542457767056
3948	0.0576291184505324
4020	0.04033820279068412
4083	0.059612036343972816
4130	0.014596718257254374
4155	0.07327568387439476
4177	0.04632275713669157
4191	0.03765721976416779
4215	0.05919349940340644
4260	0.04141181254649479
4276	0.052600503313578496
4442	0.024875568835442074
4564	0.0189627786004306
4587	0.012806723230432946
4620	0.03289226930989235
4634	0.048798339206232166
4640	0.01792991147492101
4663	0.039374746093694075
4722	0.12627084915534112
4734	0.0315666424820122
4735	0.16726007434988344
4744	0.0317260388794372
4807	0.05919349940340644
4836	0.027356412730576166
4934	0.05919349940340644
4949	0.012774844423043216
4990	0.013262381670139862
5120	0.05026468231095568
5195	0.025518931894176724
5296	0.08856025592989646
5410	0.1219988893541157
5411	0.10449568999063792
5414	0.038805694814658925
5437	0.053898288257408104
5469	0.023930954851781292
5484	0.014375665388148308
5548	0.09243000661850988
5663	0.04525698140952384
5682	0.04254132015002956
5727	0.038773821837810085
5784	0.06574965269715256
5811	0.05919349940340644
5842	0.022101460917966134
5882	0.025424831352225907
5891	0.04337849439024826
5903	0.05287891043043769
5913	0.05363286892383497
5978	0.024265704896188813
6010	0.04475837618381753
6086	0.09925763135685713
6087	0.03968717672863235
6554	0.017995598718778663
6570	0.08508264030005912
6601	0.042305743102000984
6603	0.015090473367185771
6612	0.038693852554698184
6620	0.05084966270445181
6625	0.017304297105605753
6701	0.029143951944688266
6708	0.01339589256790672
6713	0.040677804959612006
6732	0.05988608518701969
6760	0.018855296612722325
6772	0.138239957847356
6828	0.0246980585533278
6876	0.07387018694377272
6881	0.06574965269715256
6883	0.06099944467705785
6909	0.015286061457263484
6985	0.019291270806945076
7001	0.013497033810359781
7105	0.053898288257408104
7169	0.03140938569823336
7321	0.0241811164096708
7327	0.01585174500245943
7340	0.08134365521306088
7365	0.05107296515678628
7481	0.019459036745194076
7483	0.026300251656789248
7498	0.45842667468085696
7501	0.04894860665925462
7502	0.07387018694377272
7519	0.03907043146495982
7574	0.019180746831686572
7711	0.05107296515678628
7755	0.0327308361762282
7779	0.030081688643451256
7811	0.02347911932578633
7832	0.01783146169820073
7862	0.01997724943068552
8035	0.025055810151891695
8036	0.025741484533429747
8037	0.027762801934245043
8118	0.06574965269715256
8176	0.0352579601436281
8212	0.021416151270927476
8297	0.04337849439024826
8335	0.04428012796494823
8337	0.07387018694377272
8341	0.09759667841246433
8359	0.06574965269715256
8371	0.03382996553300461
8457	0.05026468231095568
8505	0.009564786831183019
8507	0.0576291184505324
8510	0.0519411737316747
8532	0.04577775401078795
8546	0.20071208921986014
8549	0.07185519387903459
8589	0.0334520148699767
8625	0.06313542457767056
8645	0.01890891434698397
8656	0.046894356084430246
8661	0.05287891043043769
8719	0.019180746831686572
8729	0.03792655241860657
8745	0.1100297806621008
8753	0.03639627761642
8762	0.069119978923678
8802	0.04632275713669157
8805	0.028032534871325593
8877	0.024010295863948337
8885	0.04000816816372282
8929	0.033267515710671935
8938	0.027922486823467357
8997	0.02901591291628353
9170	0.05624923665696314
9212	0.03688449219445009
9327	0.029943042593509845
9411	0.046894356084430246
9443	0.014051715131350754
9491	0.07387018694377272
9496	0.04254132015002956
9507	0.04214414806433553
9525	0.029943042593509845
9531	0.04428012796494823
9580	0.017979448354167704
9587	0.04033820279068412
9652	0.0198019525768472
9785	0.033085877118952375
9820	0.0200362694773582
9823	0.041388049957292096
9844	0.024965342872332222
9891	0.028501248120568298
9907	0.05919349940340644
9979	0.05026468231095568
9998	0.007165527210643329
10006	0.03255727071299186
10099	0.023767099670482503
10120	0.08941805451595923
10155	0.03820222289007141
10185	0.0654616723524564
10209	0.02058127260326182
10217	0.01792991147492101
10246	0.05624923665696314
10375	0.020519449480971754
10452	0.013633261560264334
10594	0.05624923665696314
10696	0.025424831352225907
10723	0.046894356084430246
10747	0.03140938569823336
10750	0.062202132940843334
10792	0.0352579601436281
10803	0.09378871216886049
10805	0.04475837618381753
10876	0.02746746052396925
10890	0.02336721598785773
10920	0.024350908577103314
10927	0.07387018694377272
10948	0.012648189627461849
11016	0.04256754369125409
11135	0.03968717672863235
11153	0.0198019525768472
11249	0.1443861072310289
11251	0.04382063948505454
11306	0.025055810151891695
11401	0.02175379580688449
11499	0.048798339206232166
11544	0.013840620150210946
11592	0.018650397269951807
11663	0.020831880115910036
11678	0.05026468231095568
11693	0.03688449219445009
11702	0.026300251656789248
11715	0.04525698140952384
11766	0.07387018694377272
11833	0.04434449875594182
11846	0.1219988893541157
11971	0.05919349940340644
12028	0.04950858420391225
12186	0.069119978923678
12330	0.03848453665884326
12332	0.04176000038741703
12339	0.03363946614079688
12406	0.03792655241860657
12458	0.05026468231095568
12480	0.0315666424820122
12488	0.01564656542386235
12557	0.047495280340314236
12566	0.012368125585914769
12612	0.0198019525768472
12671	0.07387018694377272
12680	0.04812870241034297
12724	0.047495280340314236
12748	0.01754098100369769
12766	0.027975595904927708
12788	0.03739394004424081
12829	0.007465171536550348
12839	0.022101460917966134
12850	0.02901591291628353
12909	0.07387018694377272
