261
t_index	tf-idf
91	0.016055256812828902
154	0.044736314444621395
163	0.043828330057569274
231	0.026758908651042558
278	0.019001457893267574
574	0.04813422305222178
593	0.05133966803360564
594	0.16861833730440284
595	0.056206112434800955
601	0.06615572848149809
607	0.02059873382815258
614	0.0349275158742533
644	0.025541087997325348
648	0.04686211948539071
687	0.024348705610995485
697	0.02959626585210013
698	0.034270246627078914
738	0.031646908005599335
742	0.0251674469522099
758	0.018382628343744812
858	0.020012294836451363
863	0.021143260629611634
918	0.017043356751482233
923	0.056206112434800955
982	0.027052058718437993
983	0.01355220147307408
1020	0.01648726850991965
1023	0.016341077014912317
1075	0.016837367634959133
1123	0.01714804599704386
1157	0.016341077014912317
1169	0.14402862325947133
1171	0.021063539449110432
1206	0.021636127023364295
1208	0.026904356139998822
1218	0.11904365348919985
1253	0.03040753239852067
1544	0.07126702953950477
1561	0.021063539449110432
1747	0.028670623210731747
1762	0.13722013385177542
2057	0.020570190540213643
2163	0.043828330057569274
2167	0.017745352022011246
2359	0.042999405256832476
2464	0.03357311769063517
2493	0.11941023126416696
2626	0.024575540743442675
2661	0.0312943699944789
2674	0.033957870265617786
2687	0.037668155234679306
2702	0.01966329517000735
2722	0.03680150117482179
2762	0.020155555062058315
2891	0.009786205085147413
2928	0.02633543335727931
3167	0.007916560526202333
3207	0.024926253677668674
3211	0.0600688266633592
3214	0.01746919861474618
3277	0.056206112434800955
3318	0.08574022998521931
3438	0.022067269621747505
3439	0.024348705610995485
3440	0.03722497646858504
3572	0.049602758845816705
3640	0.030840635409602652
3698	0.07936243565946657
3785	0.0349275158742533
3809	0.033472039199188675
3840	0.025668964084787242
3854	0.03968121782973329
3939	0.06342978188883491
3981	0.013059941581023108
4018	0.044736314444621395
4087	0.025541087997325348
4207	0.08997979806985819
4304	0.017095557569630736
4369	0.024691016405494665
4538	0.043828330057569274
4564	0.015419913065496131
4598	0.016585990900895516
4682	0.021063539449110432
4695	0.0260632255394167
4777	0.0600688266633592
4836	0.04449068514460611
4849	0.0600688266633592
4878	0.021223654570642486
4888	0.036396051667848234
4949	0.020776173637769665
4985	0.019941464580978185
4987	0.0251674469522099
5024	0.02959626585210013
5107	0.03722497646858504
5216	0.01797218715445843
5234	0.03152960726665291
5320	0.035633514769752385
5325	0.0600688266633592
5332	0.02423728182061841
5369	0.023799733121773532
5469	0.019459871950432462
5548	0.03758053333672024
5561	0.02782700815962673
5584	0.05501884913804943
5656	0.02309062209890389
5725	0.01966329517000735
5780	0.030840635409602652
5842	0.01797218715445843
5896	0.025798580036280286
5899	0.050829811365464724
5934	0.030578221321726
5936	0.22870022308629237
6504	0.5647363483696619
6544	0.021386506834982073
6554	0.007316716965698778
6580	0.020012294836451363
6601	0.017200825220552187
6604	0.03280171083348398
6612	0.01573228942695726
6614	0.016389558674131655
6671	0.022155890032672657
6708	0.010893102914103359
6745	0.034593214012950554
6791	0.04223686835873662
6805	0.01520289626724476
6827	0.018874434338400647
6842	0.027989860423966315
6909	0.012430126604941832
6959	0.013128726179310827
7001	0.010975347673630693
7112	0.030840635409602652
7281	0.020012294836451363
7299	0.049602758845816705
7377	0.042937977912167975
7501	0.01326780347379633
7543	0.024926253677668674
7726	0.022680364077373037
7730	0.03862161286070084
7803	0.024691016405494665
7811	0.038184908075635515
7821	0.0107845362066476
7869	0.0600688266633592
7898	0.0600688266633592
7926	0.026198357244499742
7932	0.027509424569024714
7944	0.0260632255394167
7947	0.03813296085563715
7955	0.03177080054119414
8018	0.02647451065176481
8033	0.041530869463237544
8035	0.02037456759206017
8037	0.052676878375065364
8085	0.056206112434800955
8089	0.005620526607347027
8131	0.020083655660579184
8167	0.016341077014912317
8367	0.0600688266633592
8505	0.015555545369653293
8651	0.01399538023916834
8689	0.049602758845816705
8705	0.05346547307437496
8709	0.03337149410595759
8716	0.05133966803360564
8718	0.04686211948539071
8723	0.05346547307437496
8724	0.014865635367099748
8778	0.02338991243430182
8865	0.02037456759206017
8877	0.03904877894746054
8880	0.020906070980040475
8894	0.033655412307422236
8922	0.02782700815962673
8933	0.06840134591069803
9130	0.03019814758583755
9269	0.02782700815962673
9290	0.04686211948539071
9306	0.020228001232296806
9434	0.044736314444621395
9435	0.0698550317485066
9489	0.03040753239852067
9495	0.009546227018908879
9539	0.01741491570163232
9541	0.02359479399685331
9553	0.01913019803455765
9652	0.08051150986257027
9668	0.026904356139998822
9820	0.016292840833500074
9845	0.018564093363225665
9891	0.01545085691423297
9946	0.03600715581486783
9998	0.011653546031915188
10095	0.05346547307437496
10125	0.0762659217112743
10126	0.05133966803360564
10128	0.01157184392126102
10171	0.020523424143667257
10179	0.023189344489879755
10218	0.049602758845816705
10237	0.2402753066534368
10359	0.056206112434800955
10403	0.018442733435714165
10450	0.045740044617258474
10452	0.011086123636631633
10475	0.02480790898217351
10558	0.015777762665926683
10565	0.0600688266633592
10620	0.03280171083348398
10692	0.0600688266633592
10699	0.02647451065176481
10722	0.04016731132115837
10738	0.1904146119199577
10739	0.028324162285269065
10771	0.02529037285744763
10824	0.030621622879600803
10831	0.0260632255394167
10873	0.04146443599612421
10936	0.05346547307437496
10984	0.022800448636899347
11042	0.0600688266633592
11086	0.03152960726665291
11132	0.023289100641963035
11279	0.04915108148688535
11305	0.011030574642649933
11306	0.02037456759206017
11316	0.018442733435714165
11357	0.030621622879600803
11400	0.025798580036280286
11466	0.14440266915666536
11480	0.11241222486960191
11514	0.01785809446772658
11535	0.01987115706278057
11543	0.02999326602328606
11544	0.011254740878742345
11559	0.03813296085563715
11592	0.015165894756219577
11660	0.015419913065496131
11663	0.01693980545503368
11711	0.05159716007256057
11733	0.04813422305222178
11737	0.2605748352800953
11889	0.018077270788669154
12029	0.0600688266633592
12055	0.010157902119343745
12057	0.026758908651042558
12077	0.049602758845816705
12193	0.012052785180880637
12304	0.03862161286070084
12337	0.11329664914107626
12338	0.03019814758583755
12380	0.035633514769752385
12446	0.0600688266633592
12467	0.022800448636899347
12511	0.0600688266633592
12624	0.053404669395389445
12739	0.0116601903857159
12745	0.0600688266633592
12760	0.08051753179281296
12766	0.007582947378109789
12790	0.029215150012190803
12795	0.027354516676633543
12829	0.01214086801709625
