131
t_index	tf-idf
496	0.10366791370022627
596	0.043209233074488554
660	0.04469700066098644
688	0.0915995731639897
807	0.055625711316182554
872	0.016503618915374184
901	0.042582085431549614
977	0.03768150426982294
1044	0.11066147727927596
1895	0.06145284864268181
2131	0.10729798904229602
2386	0.08542429813203299
2435	0.10729798904229602
2634	0.04974984480605951
2729	0.04521869753328097
2730	0.0658957017951646
2778	0.04649193528097422
2872	0.05234538659987793
2898	0.05184760338514769
3294	0.06995531199903662
3328	0.09794007977906834
3336	0.11746867611593674
3414	0.09559498520567372
3434	0.10366791370022627
3438	0.04611976946398975
3840	0.05364717639572084
3855	0.08293226347105892
3900	0.04986757299584119
3901	0.05184760338514769
4155	0.06226562645309484
4209	0.04418862517516653
4222	0.1057118697361946
4280	0.12536961193448523
4620	0.05590006522641326
4636	0.05849776307669692
4682	0.08804402176980317
4684	0.0654040646806522
4735	0.22740538763912532
4810	0.07606638886880532
4859	0.03098224395783429
4990	0.09015711180443722
5073	0.08071772865400506
5086	0.04668065983614062
5305	0.23493735223187348
5314	0.06633276275476868
5411	0.059196441483175946
5584	0.11498734016102215
5756	0.08413931736335786
5797	0.05209493937945413
5806	0.06799346037425277
5896	0.053918068894166754
5899	0.05311620382258413
5913	0.0911484958023366
5929	0.07447271522676543
5970	0.027152063499272207
5978	0.04123930987193689
6019	0.038046840969437216
6086	0.056229099658572174
6218	0.07525361105839229
6219	0.08827347764247591
6246	0.04706356185802133
6582	0.06492427540433388
6601	0.03594908239034903
6603	0.02564610053431116
6604	0.06855435074640363
6805	0.031773485485457824
6992	0.09349722662658555
7001	0.022938066791740198
7206	0.03326279944231085
7366	0.11056275453117503
7494	0.20733582740045253
7519	0.06639978673221289
7584	0.11794632422062094
7651	0.04336915595434012
7726	0.07110167097271583
7769	0.032785311534717004
7832	0.060608762662169316
8023	0.0528559348680973
8112	0.03497765599951831
8342	0.4079607622455166
8388	0.03456067130337394
8391	0.07033855494764739
8392	0.06492427540433388
8505	0.016255254470358686
8516	0.08542429813203299
8546	0.2842567345489066
8549	0.06105857256079591
8709	0.034872588254390866
8722	0.04867335067010134
8805	0.023820498868673733
8874	0.057169918370050594
8877	0.10881398643188442
8879	0.031773485485457824
8905	0.044356645509815926
8938	0.047453972239186876
8991	0.057169918370050594
9026	0.03756120002768437
9322	0.07969646421087506
9372	0.1855652713032449
9489	0.06355060722176999
9525	0.05088788548715519
9534	0.11699552615339384
9652	0.06730641964695282
10006	0.05533073863963798
10121	0.03732275057291293
10128	0.024184721674668445
10153	0.08071772865400506
10209	0.03497765599951831
10211	0.0669140954587499
10375	0.034872588254390866
10436	0.12554160461048927
10727	0.04539567906746547
10873	0.03713962407819303
10920	0.041384112630170986
11020	0.06913150105534845
11175	0.08318764142465107
11699	0.047652086226971334
12055	0.08491854443473419
12188	0.050508820073352716
12218	0.08413931736335786
12228	0.0669169662382946
12251	0.09349722662658555
12339	0.057169918370050594
12406	0.06445577634181263
12416	0.06799346037425277
12434	0.03551147595077895
12436	0.0631130007821999
12584	0.038294176963743654
12643	0.05364717639572084
12739	0.04873872497261502
12829	0.012686980393110916
