222
t_index	tf-idf
3	0.013431874670739207
67	0.026243164511877016
231	0.026804674634133083
277	0.01859584368585772
554	0.022283388965946515
607	0.02063396401322325
639	0.021099564595084278
738	0.01585051698723486
807	0.02666116938937575
841	0.024390349403864652
854	0.02416841105337374
858	0.020046522030057478
872	0.01582023021474571
880	0.0234299163952599
902	0.010775985542821127
977	0.018060586452077757
1020	0.016515466821804263
1023	0.03273805058854444
1044	0.026519790226601708
1100	0.020046522030057478
1105	0.019835231060515147
1116	0.01661435805850306
1119	0.03182513840449426
1123	0.017177374442137443
1156	0.0340159486923815
1157	0.01636902529427222
1183	0.06865771862744163
1241	0.03498725269393234
1395	0.030044563754578174
1511	0.012580783447066939
1587	0.058530233850449136
1860	0.031347893014669045
1888	0.02771421195440255
1895	0.0294540917923609
1942	0.04968759485509441
2025	0.0668386439869027
2057	0.010302685953731273
2069	0.014604955534761654
2087	0.019293643532013828
2157	0.03404100201825287
2349	0.081603533070597
2355	0.040327620797153275
2621	0.020483678719198466
2635	0.02485033815437165
2729	0.043346262941217434
2730	0.03158353261509795
2731	0.030893382403774327
2801	0.014849659171593874
2872	0.02508892355477533
2891	0.009802942512756586
2909	0.01860987620059119
2913	0.09137861595907623
3093	0.023951517195635433
3167	0.023790300855712286
3203	0.024503284673918657
3216	0.022839444433042626
3231	0.02854455447209144
3285	0.02545837300641478
3331	0.10711383103157963
3369	0.02384489129370714
3522	0.02545837300641478
3890	0.03606873915167917
3900	0.01195065895986482
3981	0.013082278107275164
4079	0.03868766772505132
4105	0.046942268156471546
4143	0.02803773171406915
4155	0.029843652777139597
4191	0.03067399529482849
4193	0.03569445906518967
4276	0.04284616870950175
4288	0.052760950134135134
4339	0.04094350667303909
4355	0.04307294749577614
4365	0.02666116938937575
4430	0.015490364096430512
4564	0.015446285870524013
4587	0.02086364158440959
4620	0.026792666064208753
4734	0.02571286592665888
4735	0.2724861137254152
4758	0.05355691551578982
4825	0.03920362683508073
4836	0.022283388965946515
4859	0.014849659171593874
4949	0.010405853649808165
4955	0.03313443758591997
4990	0.05401490544121163
5324	0.02854455447209144
5411	0.028372605334614068
5416	0.03111793203323693
5663	0.03686444308708125
5727	0.03158353261509795
5764	0.029843652777139597
5797	0.024968885255779682
5838	0.029646884590711395
5882	0.020710003610305575
5885	0.02363514836844471
5902	0.040327620797153275
5913	0.021843545265963472
5929	0.03569445906518967
5944	0.03920362683508073
5970	0.013013869793240472
6086	0.026950370883134345
6356	0.03920362683508073
6554	0.029316923229297107
6559	0.04954640046541279
6570	0.034652379073387425
6606	0.040327620797153275
6625	0.014095356250987305
6660	0.02322900541782133
6671	0.022193783434896714
6745	0.034652379073387425
6760	0.015358735541373595
6909	0.012451385953423993
6985	0.01571386187480994
7167	0.03686444308708125
7187	0.017664087685137782
7215	0.01540241030384308
7278	0.03258897947576246
7327	0.025824336191857325
7366	0.035328175370275564
7377	0.021505707545707655
7472	0.021843545265963472
7483	0.021423084354750876
7498	0.466768980498554
7501	0.013290495507965164
7519	0.03182513840449426
7591	0.01398152286611992
7651	0.020786653973744955
7711	0.04160190005325061
7726	0.011359577245949793
7811	0.019125108020087597
7832	0.014524762466691127
8018	0.026519790226601708
8021	0.021673131470608717
8035	0.020409414383760646
8036	0.020967936040027356
8037	0.0075381388680620925
8112	0.016764643352527843
8117	0.0631670652301959
8140	0.042040739585007404
8176	0.028719658815067054
8321	0.10820621745503751
8335	0.10820621745503751
8336	0.060171562875108095
8342	0.0977669384272874
8475	0.042309106424507935
8543	0.03498725269393234
8546	0.05449722274508304
8589	0.08174583411762457
8719	0.015623833669905893
8775	0.021673131470608717
8805	0.022834129766620585
8877	0.03259630366458926
8905	0.04251990712566961
8967	0.030044563754578174
8997	0.02363514836844471
9047	0.060171562875108095
9225	0.02854455447209144
9299	0.07840725367016146
9364	0.02771421195440255
9381	0.02158905234571937
9484	0.03498725269393234
9489	0.03045953865302541
9492	0.07546515878511041
9507	0.034328859313720816
9525	0.09756139761545861
9580	0.02929061240703307
9820	0.016320706614119402
9891	0.04643184792834489
9899	0.6460942124366421
9998	0.005836738594105724
10006	0.026519790226601708
10155	0.03111793203323693
10184	0.029843652777139597
10185	0.02666116938937575
10210	0.04821654741256889
10217	0.014604955534761654
10228	0.014133604474303896
10246	0.04581827419439901
10420	0.03285781187119528
10452	0.011105084325705691
10750	0.07600088157482264
10803	0.03819817997441623
10873	0.005933621852061179
10890	0.019033956244077735
10920	0.039670462121030294
11257	0.05355691551578982
11258	0.034328859313720816
11305	0.011049440325819513
11345	0.0448128273337345
11400	0.02584270356138728
11457	0.03569445906518967
11459	0.07639635994883245
11519	0.038986308661202604
11541	0.022283388965946515
11543	0.030044563754578174
11592	0.007595916555814626
11682	0.02545837300641478
11715	0.03686444308708125
11775	0.0231832706835215
11795	0.024503284673918657
11876	0.017898408263246002
11982	0.028372605334614068
12028	0.040327620797153275
12228	0.03207302036573305
12252	0.03606873915167917
12330	0.031347893014669045
12332	0.0340159486923815
12406	0.030893382403774327
12467	0.022839444433042626
12488	0.01274503739780765
12504	0.021929907112773164
12557	0.03868766772505132
12564	0.017336869836317163
12566	0.030223672517841412
12567	0.026804674634133083
12584	0.01835423789646141
12612	0.01612984187294134
12646	0.03868766772505132
12766	0.02278774966744388
