140
t_index	tf-idf
15	0.0829523176818817
44	0.023162467650538844
56	0.028546513573224554
176	0.037630472966755264
189	0.04791395309779949
277	0.07661355764921043
319	0.0280284467843394
393	0.15952105742194458
554	0.030601994259263236
726	0.20492288950238652
871	0.024802778597547794
880	0.03217653150149127
950	0.04071435424102032
1175	0.044754761690718854
1235	0.035490035525474806
1301	0.013835487565771893
1465	0.2057400742118535
1488	0.025454111797281898
1555	0.03110610960858568
1589	0.034790916007822734
2098	0.03742078236258042
2245	0.07746482887163346
2264	0.033495503470281345
2269	0.038964374175628036
2271	0.031365630627048745
2489	0.07732041547460015
2621	0.028130434716705042
2658	0.07732041547460015
3010	0.06823645608106943
3052	0.12308378109846878
3203	0.033650598572338875
3439	0.033495503470281345
3557	0.04714415555241451
3640	0.08485236356231855
3881	0.02964845504228602
3886	0.037843573323302314
3981	0.035932038896662015
4005	0.05245793115570368
4087	0.0351358144172903
4130	0.0163284818339255
4134	0.033342222387628566
4164	0.07732041547460015
4200	0.02309257210796056
4260	0.023162467650538844
4304	0.02351764882488755
4349	0.05245793115570368
4457	0.011859583769872081
4467	0.04804833356915875
4620	0.018397314123544187
4644	0.036311911724595344
4695	0.03585409735735703
4708	0.021212534245086123
4895	0.03528022781432362
4949	0.014290459774354915
5012	0.03661404258776604
5091	0.022748579047750288
5152	0.05383872108424956
5484	0.016081203117304273
5515	0.020738079420470425
5732	0.0531301494326366
6251	0.04714415555241451
6450	0.27293901999468134
6554	0.020130607551060695
6726	0.02528821865597407
6773	0.06292268047778028
6824	0.03429001236864225
6826	0.11226234708774126
6934	0.05622811494594522
7025	0.04804833356915875
7105	0.12058562824604518
7109	0.10756229207207108
7353	0.04370577133679823
7591	0.01920096100008033
7808	0.05317368580731486
7928	0.05245793115570368
7946	0.033807551144907445
8073	0.054587803998936264
8103	0.07224257425838584
8407	0.033807551144907445
8558	0.04370577133679823
8645	0.021152279503684635
8665	0.05545432067828259
8666	0.1568020543774707
8709	0.04590777902090194
8775	0.029763921720228036
8892	0.038280459884381376
9068	0.02323273796993539
9139	0.030978251197665976
9145	0.04714415555241451
9215	0.12820367389760876
9260	0.06400164375751306
9261	0.04897772439163239
9275	0.04589507912620272
9327	0.033495503470281345
9449	0.03920051359436767
9645	0.07732041547460015
9845	0.02553785254973681
9886	0.3771532444193161
9891	0.02125510241315665
9934	0.5138587559631457
9986	0.04577018938034854
10026	0.03412721048414053
10101	0.051818517359400296
10133	0.0323166973634661
10159	0.11245622989189044
10161	0.14014329708085793
10185	0.03661404258776604
10217	0.020057127132438696
10452	0.01525072004546615
10479	0.04512395182756525
10503	0.038280459884381376
10566	0.049019546940087394
10660	0.029763921720228036
10861	0.04337397176217296
10920	0.027239915255828383
10948	0.028297557152809356
11305	0.03034860720113429
11429	0.04337397176217296
11516	0.020564495648755312
11612	0.0401900690021164
11653	0.054587803998936264
11663	0.04660677421379964
11696	0.15974235018622673
11775	0.01591890527630826
11800	0.05538231289729718
11876	0.024580057717380442
11889	0.024868150944403627
11924	0.0826341910778893
11982	0.038964374175628036
12369	0.0826341910778893
12488	0.01750288351012672
12566	0.013835487565771893
12665	0.050068537294008016
12666	0.12853478307146013
12674	0.033190713380317365
12719	0.12053376993393326
12748	0.019622053712365396
12829	0.025052532152791244
12841	0.04804833356915875
12855	0.033190713380317365
