380
t_index	tf-idf
75	0.019648799483708415
102	0.021912255458260227
231	0.04727105719125563
240	0.020840738891600735
393	0.017070768025541028
514	0.0413922323811037
554	0.019648799483708415
604	0.016954702058708238
634	0.020932703186042075
661	0.02806241743600127
738	0.01397649300432892
743	0.025971702261593517
758	0.01623695284241164
764	0.015382194521611842
765	0.030850671489847728
804	0.13645432959655418
808	0.026315205024494172
815	0.04251585220516048
854	0.042621906690521356
865	0.03735071170001004
871	0.015925263535872727
872	0.006974893535060637
932	0.02806241743600127
978	0.04964556645511967
991	0.02140823361005036
1005	0.024578956326830655
1012	0.04628081286018528
1100	0.017676399775468882
1105	0.01749008996866166
1175	0.02873594874085378
1207	0.02326148260796033
1236	0.047224822738760074
1301	0.00888343153835158
1368	0.03180429261924989
1370	0.03798038573980692
1446	0.022122632645475166
1475	0.01889020962890108
1497	0.01639723672068852
1507	0.04011076672107551
1511	0.01109334364163114
1530	0.05305741309641645
1565	0.028280992041482173
1589	0.022338404703324995
1627	0.02649236207703224
1737	0.012098818302230203
1764	0.050648204199114
1779	0.03504950709891737
1840	0.01918549077453498
1847	0.047224822738760074
1906	0.018817980437048118
1964	0.04381297609746329
2057	0.0181691762198153
2076	0.03279447344137704
2158	0.03327141520620733
2171	0.05305741309641645
2191	0.05305741309641645
2269	0.02501808113219136
2294	0.014562825091703332
2535	0.17241569244512264
2588	0.02946811895328419
2603	0.03504950709891737
2615	0.023813681585139655
2640	0.019036555042529022
2762	0.01780293823797144
2777	0.04381297609746329
2813	0.030108010092515493
2833	0.022787292416364617
2891	0.017287859766558025
2909	0.008204805077918311
2942	0.03871255595223734
2964	0.025805070099964217
2995	0.03610271103770821
2996	0.025169700534825874
3000	0.03693170337510904
3019	0.032879965594580965
3187	0.020223681954331038
3202	0.052283401912496266
3207	0.022016786606035857
3235	0.03214779538215055
3241	0.01846585168755452
3268	0.028972996787749013
3285	0.0224484016838258
3293	0.02160623449089458
3294	0.04434762362490308
3359	0.018817980437048118
3471	0.02314040643009264
3543	0.04040112945616653
3588	0.05305741309641645
3594	0.04040112945616653
3597	0.029216916741260986
3608	0.38025393008361164
3640	0.027240823967706735
3656	0.03798038573980692
3708	0.0366832618475041
3801	0.034113582399138545
3871	0.014917178467564024
3900	0.04215087785065608
3907	0.04381297609746329
3928	0.028972996787749013
3946	0.03837098154906996
3987	0.034113582399138545
3988	0.02649236207703224
4011	0.01749008996866166
4031	0.04964556645511967
4038	0.04964556645511967
4096	0.03504950709891737
4119	0.025805070099964217
4120	0.025481389841364787
4130	0.041936491159370856
4134	0.02140823361005036
4136	0.0193371101771695
4142	0.03871255595223734
4143	0.024722799986557457
4150	0.04964556645511967
4192	0.032879965594580965
4200	0.05930872544687798
4217	0.0413922323811037
4219	0.013352900416878605
4237	0.03730685443495441
4264	0.038521917972183434
4276	0.01889020962890108
4288	0.04652296521592066
4344	0.019260958986091717
4353	0.0521044091897453
4416	0.03555964202344732
4423	0.04040112945616653
4457	0.007614751557700263
4550	0.05305741309641645
4587	0.045992275974999074
4598	0.029300048618362856
4618	0.027240823967706735
4710	0.03368196732134861
4737	0.02160623449089458
4742	0.03610271103770821
4783	0.02267280562738849
4798	0.024722799986557457
4895	0.0339788699483218
4949	0.009175558176287985
4990	0.04762866401370814
5053	0.02946811895328419
5119	0.034113582399138545
5181	0.05305741309641645
5369	0.021021756907342048
5392	0.03555964202344732
5396	0.045347148036661365
5410	0.04381297609746329
5448	0.020482614666837803
5450	0.01867535585000502
5508	0.024578956326830655
5556	0.03652287440367686
5678	0.047224822738760074
5732	0.034113582399138545
5769	0.022129347199277224
5781	0.02999420582417355
5789	0.047224822738760074
5792	0.04061822119718352
5833	0.03871255595223734
5838	0.026141700956248133
5916	0.060540241360103664
6085	0.03250591960691348
6155	0.019809083361985294
6157	0.04964556645511967
6164	0.05305741309641645
6194	0.028280992041482173
6250	0.03504950709891737
6348	0.007826331026587877
6421	0.18420643517145924
6428	0.4159907506016911
6545	0.029216916741260986
6547	0.04321246898178916
6554	0.012925375643983964
6579	0.05305741309641645
6603	0.02167752681802958
6614	0.014476520240935386
6620	0.01826143720183843
6630	0.046768652767209234
6660	0.04096522933367561
6692	0.053346658498514214
6696	0.01761383703980191
6708	0.019243254557123016
6726	0.01623695284241164
6744	0.02030911059859176
6755	0.03205576496133343
6760	0.013542855417411464
6805	0.01342836862843534
6828	0.035478862300452406
6833	0.05305741309641645
6870	0.03730685443495441
6898	0.04964556645511967
6910	0.027240823967706735
6947	0.01839716029234166
6958	0.028697400654497336
7001	0.009694272183142588
7040	0.031156692457213375
7119	0.02222982707834489
7187	0.015575643252393988
7215	0.01358136646488153
7296	0.015478362987604303
7324	0.0841872523080038
7327	0.02277109664105015
7343	0.15852453335821717
7353	0.02806241743600127
7366	0.031151286504787976
7472	0.019260958986091717
7497	0.09644338614645163
7574	0.041329832111614805
7591	0.049313888420311994
7726	0.020033043974277128
7731	0.10526082009797669
7759	0.05305741309641645
7798	0.03730685443495441
7811	0.04215981388257866
7818	0.028972996787749013
7832	0.012807483892717013
7908	0.03951455767900498
7926	0.02314040643009264
7975	0.016954702058708238
8021	0.019110693400399142
8037	0.019940689361737225
8041	0.02376399901754295
8060	0.0243929498028549
8089	0.004964481888362135
8108	0.03214779538215055
8111	0.027240823967706735
8112	0.029565082416602054
8140	0.018535108450401856
8141	0.04964556645511967
8253	0.05305741309641645
8324	0.04964556645511967
8379	0.024578956326830655
8380	0.04251585220516048
8382	0.05305741309641645
8386	0.025474722820752006
8388	0.08763787048549639
8414	0.017247925078079093
8432	0.045347148036661365
8464	0.019110693400399142
8509	0.04061822119718352
8519	0.03055539034421383
8683	0.04964556645511967
8719	0.0137766107038716
8721	0.03610271103770821
8724	0.02626094766369129
8731	0.02376399901754295
8753	0.026141700956248133
8754	0.020570726981727083
8769	0.03798038573980692
8805	0.02013442559634681
8818	0.03055539034421383
8848	0.03456853909851015
8876	0.05305741309641645
8877	0.028742406982814116
8880	0.01846585168755452
8905	0.018746365969174283
8932	0.05305741309641645
8933	0.04027822380787428
8949	0.05305741309641645
8965	0.019809083361985294
8992	0.03250591960691348
9008	0.020223681954331038
9010	0.02999420582417355
9012	0.045347148036661365
9014	0.03504950709891737
9026	0.0158744195794632
9036	0.01812786853730473
9111	0.08551618795513458
9113	0.022338404703324995
9115	0.03610271103770821
9124	0.023894461308134576
9260	0.04109390565088581
9272	0.022559855620296745
9386	0.11787247581313676
9389	0.0475279980350859
9390	0.016451350406762082
9397	0.03610271103770821
9409	0.04040112945616653
9421	0.03945711957759174
9443	0.010092673178216351
9465	0.03456853909851015
9502	0.023508990133125258
9504	0.05305741309641645
9525	0.0215066516815059
9529	0.02873594874085378
9546	0.047224822738760074
9598	0.034113582399138545
9679	0.027438824848550952
9824	0.05305741309641645
9826	0.024458561185643657
9891	0.010235539923890325
9998	0.005146654597721516
10090	0.03456853909851015
10102	0.02222982707834489
10116	0.01543014137033755
10120	0.02140823361005036
10121	0.015773644133238205
10128	0.02044228720026298
10135	0.01749008996866166
10137	0.017676399775468882
10171	0.05438360561191419
10178	0.017188457345168377
10184	0.026315205024494172
10189	0.10322028039985687
10190	0.27704239348838877
10191	0.06836187724909384
10257	0.04964556645511967
10273	0.027849376963692236
10339	0.05305741309641645
10419	0.017676399775468882
10452	0.009792118043575875
10473	0.026315205024494172
10490	0.0366832618475041
10506	0.045347148036661365
10532	0.030850671489847728
10541	0.01812786853730473
10619	0.056561984082964346
10658	0.025971702261593517
10660	0.019110693400399142
10747	0.022559855620296745
10754	0.04964556645511967
10766	0.03214779538215055
10820	0.05305741309641645
10835	0.025971702261593517
10861	0.027849376963692236
10873	0.0052320832419822366
10948	0.0363383524396306
10996	0.045347148036661365
11115	0.02946811895328419
11144	0.04964556645511967
11175	0.01171914566829187
11220	0.045347148036661365
11279	0.021707009937119576
11337	0.031156692457213375
11455	0.05448164793541347
11516	0.01320396468487265
11541	0.019648799483708415
11543	0.02649236207703224
11577	0.019890384952759722
11586	0.09444964547752015
11623	0.010430865338741602
11627	0.019972479742307838
11714	0.03147426407729804
11737	0.032879965594580965
11775	0.02044228720026298
11795	0.02160623449089458
11802	0.023384326383604617
11857	0.015054005046257746
11876	0.0052607532839747655
11889	0.015967237536791336
11974	0.03610271103770821
11982	0.02501808113219136
11984	0.03798038573980692
12022	0.045347148036661365
12055	0.017944482650190843
12081	0.0413922323811037
12095	0.04964556645511967
12108	0.04964556645511967
12183	0.020749768825220397
12193	0.01064594795380657
12235	0.045347148036661365
12334	0.1061148261928329
12371	0.01956978811273072
12420	0.020223681954331038
12434	0.045024445601833066
12488	0.022476355335769305
12489	0.014391091596674664
12504	0.0193371101771695
12516	0.0137766107038716
12544	0.03055539034421383
12566	0.01776686307670316
12590	0.09097193924798902
12591	0.05539755506266355
12638	0.05379422597965973
12698	0.019890384952759722
12755	0.025481389841364787
12766	0.026791372089455073
12787	0.03798038573980692
12829	0.010723749497259167
12868	0.10758845195931946
12904	0.03055539034421383
12905	0.03327141520620733
