178
t_index	tf-idf
190	0.027205297215955625
245	0.08780427194366806
251	0.07145435153423979
371	0.04685499089520361
569	0.04506696252839486
601	0.05167369991083334
612	0.0629733586323888
626	0.08352288984342929
723	0.06487884677377621
738	0.024719141711884263
858	0.06252576105757002
871	0.028165781360203417
1044	0.04135804865599982
1083	0.06033405356860016
1122	0.034200050514798165
1123	0.02678839771694842
1203	0.01892530329389984
1207	0.04114078437535134
1273	0.027897623854680885
1579	0.09383854109826281
1695	0.13434593886800203
1747	0.04478877986997798
1813	0.0802019918874383
2002	0.044515701769631696
2069	0.022776668158539508
2086	0.047175053529946095
2129	0.03786308627236118
2157	0.02654375102027904
2242	0.06988634063260478
2294	0.05151228381192654
2333	0.32990873365609175
2455	0.049631826321790085
2506	0.042796487511786545
2645	0.039508207910803124
2702	0.030717678943170162
2793	0.05566609547638483
3115	0.028905428671257755
3167	0.024734243419076603
3242	0.14500261906061515
3276	0.050415288204949324
3285	0.03970275105893311
3621	0.04506696252839486
3659	0.04424754426410917
3856	0.05211798182586145
3871	0.026382859302900546
3999	0.06033405356860016
4011	0.030933368789655954
4059	0.037186499813748226
4090	0.051242297562951705
4123	0.06717296943400101
4138	0.036698510557734064
4200	0.026223688385536556
4222	0.039508207910803124
4298	0.0728877561617251
4344	0.03406536779552106
4598	0.025910364414666907
4640	0.022776668158539508
4642	0.06846790223528973
4645	0.04372530334991766
4682	0.03290511771350945
4920	0.02780930110934039
4949	0.06491239906178206
5128	0.04852892636434794
5329	0.0400996369501158
5332	0.03786308627236118
5414	0.024647763450793544
5515	0.02354995060292371
5544	0.019876095260072158
5547	0.09383854109826281
5556	0.032297590956122224
5612	0.2393992260741119
5734	0.06598174673121836
5792	0.03591915244928962
5816	0.05404095460475118
5934	0.02388439925996464
6061	0.04424754426410917
6168	0.03104239740116629
6213	0.12678085447228554
6554	0.011430055884692153
6560	0.04297477429477771
6587	0.04030212087508632
6623	0.06385207147801003
6696	0.03115223065915347
6745	0.05404095460475118
6947	0.03253763388439365
6985	0.02450602581841495
7054	0.06113870027940626
7132	0.10248459512590341
7133	0.020891801504447527
7179	0.07339702111546813
7340	0.025833053389332235
7481	0.024719141711884263
7501	0.04145349229266553
7543	0.15575754747241677
7743	0.023158287501374854
7769	0.02450602581841495
8010	0.042732779712328826
8036	0.016349920409428276
8089	0.008780294977180414
8103	0.020509481865684288
8183	0.04685499089520361
8212	0.027205297215955625
8311	0.052575936078928714
8396	0.06846790223528973
8457	0.06385207147801003
8492	0.059570689377771255
8500	0.05456319551894268
8532	0.0581522509804562
8555	0.08780427194366806
8563	0.06846790223528973
8677	0.04114078437535134
8746	0.05456319551894268
8751	0.5463841014522841
8777	0.022776668158539508
8917	0.09088636984023525
8937	0.056249791421780264
8991	0.042732779712328826
9000	0.031599853541511555
9029	0.051242297562951705
9225	0.044515701769631696
9235	0.04226028482409519
9267	0.04685499089520361
9301	0.07145435153423979
9416	0.042732779712328826
9426	0.029192556655969603
9453	0.06487884677377621
9476	0.048887554293821925
9484	0.05456319551894268
9509	0.08796826631834377
9570	0.03638185310294212
9580	0.02283959568954209
9844	0.0634277900214536
9845	0.029000523812123036
9891	0.030171345772973757
10026	0.03875451071538323
10131	0.051976158309515276
10179	0.07245203133900087
10224	0.030295456613411754
10279	0.06487884677377621
10342	0.04783659972562268
10396	0.05456319551894268
10402	0.07145435153423979
10452	0.017318561494910078
10474	0.09851007624587545
10635	0.059570689377771255
10671	0.03638185310294212
10695	0.03653933964037008
10722	0.03137435924411356
10727	0.03393189300927564
10739	0.04424754426410917
10836	0.06988634063260478
10853	0.0317138950107268
10976	0.027120977789780867
11036	0.06385207147801003
11065	0.049631826321790085
11127	0.07214358632159358
11175	0.020726746146332766
11381	0.04783659972562268
11459	0.059570689377771255
11567	0.02388439925996464
11673	0.08405909253112065
11775	0.018077345799902292
11777	0.19195754421754613
11833	0.05633156272040683
11857	0.053249707770698866
11876	0.009304287269886316
11889	0.02824001752778856
12183	0.036698510557734064
12202	0.049255038122937723
12294	0.11249958284356053
12387	0.05800104762424607
12516	0.02436562535344073
12564	0.02703713340514688
12566	0.03142287596986184
12632	0.04114078437535134
12649	0.0314866793161944
12748	0.022282603238465103
12829	0.009483132979903955
