155
t_index	tf-idf
102	0.045406499755958396
190	0.03187493013314513
232	0.09785911387567131
246	0.08810120146943827
612	0.036891186865616016
623	0.18157819419975224
678	0.048715247810794456
858	0.03662897430252838
936	0.08371908032408094
1020	0.030177035642546007
1022	0.04244400306681179
1044	0.09691384004289065
1122	0.08014058527321502
1177	0.15461426871579836
1211	0.05093242804611585
1299	0.08810120146943827
1387	0.0521565661448736
1404	0.09785911387567131
1449	0.08810120146943827
1471	0.04088145316404113
1475	0.03914422687060084
1488	0.03386687938202652
1511	0.022987588215917967
1747	0.05247651653175358
2002	0.0521565661448736
2035	0.09078909709987612
2086	0.05527238035144522
2167	0.03247973550837554
2333	0.07730713435789918
2576	0.05527238035144522
2626	0.04498119069896347
2657	0.1347173077194226
2715	0.08810120146943827
2762	0.036891186865616016
2801	0.027133274459382975
2891	0.0179119215218748
2918	0.030177035642546007
3167	0.02897973415327665
3313	0.07601492796117218
3499	0.09078909709987612
3624	0.055655622302745074
3856	0.06106373388214819
3869	0.04628956474344424
4062	0.10495303306350716
4192	0.06813375065794339
4209	0.03869900761521227
4288	0.048202363575650026
4298	0.028466173539346832
4419	0.05727882202963009
4457	0.015779261765409027
4617	0.04244400306681179
4620	0.024477759166668583
4836	0.040716174136494775
4968	0.046748454565470485
5216	0.06578983438139478
5252	0.04396120364141121
5314	0.02904607329158876
5329	0.046982509178388636
5469	0.035617861690932305
5672	0.06160029335087307
5842	0.03289491719069739
5913	0.0798249848051869
5956	0.07481191258680635
6213	0.09902803968521397
6476	0.06661655008334395
6554	0.013391959288312041
6623	0.07481191258680635
6799	0.048977460373882106
7132	0.12007548689620481
7287	0.08577284036740523
7327	0.023593093737983517
7453	0.07730713435789918
7543	0.09124621767560656
7583	0.07262946703797749
7738	0.040229533988590346
7743	0.027133274459382975
7877	0.09078909709987612
7968	0.052802447644760865
8021	0.039601112577131135
8036	0.01915629028406127
8449	0.07601492796117218
8751	0.3939494106925066
8805	0.02086124344133289
8877	0.0119119832108276
8917	0.03549549763190517
8946	0.10287537060814221
8948	0.0605431935297114
8976	0.16376385872520308
9000	0.03702378679629208
9026	0.03289491719069739
9070	0.04746025979928269
9225	0.0521565661448736
9267	0.10979476160972386
9280	0.08311739167157486
9426	0.03420329123517816
9453	0.07601492796117218
9495	0.017472684018467098
9497	0.04770413519919839
9580	0.026759881029583685
9680	0.08022002416620945
9714	0.14525893407595497
9844	0.07431480565659448
9891	0.028280067103180755
10179	0.08488800613362359
10206	0.06160029335087307
10211	0.029300629737384048
10224	0.03549549763190517
10340	0.08577284036740523
10348	0.05489738080486193
10375	0.030540315591833712
10424	0.056858637677110906
10442	0.05453027657507787
10705	0.06106373388214819
10750	0.04628956474344424
10843	0.1099453873839374
10873	0.04336761898431846
10904	0.06331677388713301
10974	0.048715247810794456
11089	0.09902803968521397
11165	0.1099453873839374
11306	0.03729205065454829
11377	0.06590474484953175
11381	0.2241899085987092
11455	0.05644834093860956
11555	0.20575074121628442
11592	0.013879247078865283
11673	0.2954620580193799
11711	0.04721974830539714
11731	0.08810120146943827
11751	0.04746025979928269
11775	0.021180218315227463
11777	0.04498119069896347
11889	0.016543627119962618
11942	0.09785911387567131
11946	0.10287537060814221
11991	0.06813375065794339
12021	0.07601492796117218
12052	0.05035114732473265
12055	0.05577674205848612
12057	0.048977460373882106
12157	0.07069004712143566
12193	0.02206049642344048
12294	0.1318094896990635
12405	0.04562310883780328
12489	0.029821170089820832
12494	0.08188192936260154
12516	0.028547844915137115
12551	0.04651750010490349
12564	0.03167790197065519
12591	0.03826487381646656
12612	0.029472422327521345
12649	0.036891186865616016
12766	0.013879247078865283
12829	0.02222171651192123
12839	0.03289491719069739
