116
t_index	tf-idf
3	0.040829519001588946
15	0.022951320746373138
16	0.02473235223535489
17	0.0357656498277388
91	0.024443705174657767
263	0.05734877316281983
459	0.604151139884834
557	0.07122104993652813
638	0.04052162296300636
700	0.07328308546018293
901	0.03101974195040632
918	0.025948061278400696
957	0.18265582679748005
1116	0.02525173383007454
1203	0.01844423003022188
1246	0.05880038725898159
1589	0.038503925853783524
1944	0.026931762664255385
2018	0.04662061344546201
2069	0.044395389634103485
2209	0.27435961434890205
2351	0.045358597292286425
2353	0.11965892442777
2577	0.03844110205306503
2640	0.03281264323051254
2653	0.0667274769076739
2909	0.02828467032991752
2990	0.24185103067652902
3159	0.0431227902668651
3167	0.036158264004571956
3187	0.0348588523129477
3241	0.03182894184465785
3343	0.03776938732462091
3432	0.03101974195040632
3433	0.025176388018543758
3434	0.1510377849712085
3439	0.0370702622996437
4298	0.0473566533353578
4329	0.050360176155024736
4331	0.09145320478296735
4349	0.058056427465374434
4358	0.06438011366448061
4369	0.037591421458689656
4426	0.0246596501477815
4431	0.04662061344546201
4726	0.0476448531897956
4744	0.039277657883850084
4895	0.019522729375131505
4985	0.03036035403549702
5091	0.050352776037087515
5239	0.02922422615274414
5337	0.04662061344546201
5369	0.018117233079676467
5390	0.1510377849712085
5515	0.022951320746373138
5544	0.03874170652763476
5764	0.045358597292286425
5769	0.03814358075564703
6168	0.030253312692812846
6348	0.05395989079024091
6388	0.10769833465892031
6464	0.09145320478296735
6501	0.0855723242167102
6625	0.021423168023506408
6798	0.022197694817051743
6827	0.08620748587546471
6892	0.16279954610372283
7001	0.01670967745026836
7215	0.07022917719084343
7551	0.1638446913847277
7553	0.09145320478296735
7743	0.04513922711284086
7821	0.01641917202284027
7878	0.09071719458457285
8060	0.021022636643886847
8311	0.05123947785854358
8330	0.14269268264151094
8454	0.04566395669937001
8524	0.04662061344546201
8709	0.02540360994138866
8915	0.09145320478296735
8943	0.049531148457135216
9063	0.05734877316281983
9178	0.03592245174521417
9260	0.023610708661282436
9272	0.03888563304373624
9306	0.030796598532126282
9495	0.04360163680361195
9872	0.11205863041485209
9894	0.10799134588788598
9938	0.07816064203047324
9950	0.1829064095659347
10209	0.05096029713618726
10455	0.07328308546018293
10474	0.04800299573426848
10620	0.049939739873695946
10660	0.03294043292150724
10667	0.08139977305186141
10690	0.04286607496161849
10917	0.09145320478296735
11028	0.07134634132075547
11175	0.0201998809617069
11305	0.016793759054451584
11454	0.024160690612699858
11536	0.033731758398784846
11612	0.04447929558876758
11784	0.0643045184326689
11823	0.053703699621984
11842	0.07134634132075547
12196	0.06808720921264069
12304	0.05880038725898159
12718	0.10119527519635454
12768	0.03456876192096245
12786	0.10435109379823454
12792	0.047295341431713885
12829	0.009242075721180656
