445
t_index	tf-idf
3	0.00934713340624943
134	0.04187290599735831
182	0.016027948393176058
190	0.03641887990653104
232	0.03726982617280238
246	0.033553507019823105
267	0.02367142473868301
371	0.020907769945053643
422	0.03188456800241972
434	0.023460586699134613
604	0.05352259781134771
607	0.014359009375772664
612	0.014050077374874938
639	0.029366034141707225
660	0.014908151866054545
714	0.0482286230303328
742	0.017543777679050375
825	0.04187290599735831
847	0.03596745855478571
858	0.041850639692416064
865	0.014738589281641633
872	0.0385320977792699
875	0.034103276921927994
902	0.022496764656088252
936	0.03188456800241972
960	0.02434734737071126
1022	0.03232975557877471
1023	0.011391072870054813
1030	0.02692243638860605
1044	0.03690981686924182
1083	0.08076730916581815
1122	0.04578253722459759
1166	0.08184446453359137
1177	0.14721283206676777
1180	0.039180276912166974
1203	0.00844490373062326
1211	0.019397710286332602
1240	0.009651347225466837
1253	0.021196547634774125
1271	0.02692243638860605
1299	0.2348745491387617
1301	0.0070108034303030765
1387	0.03972785113217691
1404	0.11180947851840715
1420	0.011666380290581329
1449	0.06710701403964621
1490	0.02622639382987655
1496	0.029974117263055128
1497	0.012940697854494452
1555	0.015762279349429576
1582	0.03188456800241972
1694	0.020907769945053643
1747	0.019985779268116535
1760	0.04187290599735831
1999	0.03304017522252487
2002	0.03972785113217691
2011	0.03457719708761105
2035	0.03457719708761105
2057	0.021508668539471695
2069	0.010163470931808902
2086	0.02105058922230354
2109	0.01277256633148902
2129	0.01689537618229018
2157	0.01184442957319169
2167	0.03710990367459373
2173	0.020767957613943275
2264	0.01697304771608717
2291	0.032666746348246456
2294	0.022985960699318388
2333	0.05888513282670712
2429	0.0221468575036063
2440	0.014151466221152046
2447	0.03726982617280238
2455	0.0442937150072126
2464	0.023403220591883586
2485	0.03578796545426864
2493	0.018497497571018127
2506	0.02864515918978836
2576	0.02105058922230354
2587	0.0253710374384992
2615	0.03758751104783599
2626	0.01713117043473273
2634	0.016593467810218202
2645	0.017629467131642918
2648	0.023460586699134613
2689	0.015506830916297246
2696	0.020767957613943275
2697	0.023460586699134613
2701	0.0501998901732461
2716	0.014794630461776677
2731	0.0644953680205383
2801	0.01033375822189566
2804	0.024588859092672458
2822	0.01446526508957116
2824	0.02434734737071126
2833	0.017983729277392856
2891	0.01364357748812841
2899	0.025653669046859465
2909	0.006475231484241473
2918	0.03447894104897758
2922	0.032666746348246456
2964	0.020365359173985503
2971	0.05251559622015169
3017	0.0611038918674681
3135	0.026581805805156795
3167	0.016555478764075964
3203	0.017051638460963997
3212	0.015633326939685787
3214	0.03653239885359577
3216	0.0158937854375112
3223	0.039180276912166974
3231	0.019863925566088455
3241	0.014573248614082067
3242	0.025881395708988904
3305	0.03232975557877471
3349	0.0442937150072126
3369	0.016593467810218202
3377	0.029974117263055128
3390	0.016027948393176058
3433	0.011527300014857883
3471	0.01826240682762159
3499	0.03457719708761105
3522	0.0177162767394942
3546	0.023256237023986787
3584	0.028950427195267178
3600	0.03578796545426864
3659	0.019744267546155336
3698	0.02766106808373276
3761	0.0221468575036063
3779	0.04187290599735831
3856	0.023256237023986787
3881	0.015023647654302865
3981	0.027311555919906663
3999	0.02692243638860605
4004	0.04187290599735831
4023	0.01845490843462091
4062	0.019985779268116535
4090	0.04573097330435503
4136	0.015260845741532528
4148	0.042150232124624806
4204	0.03457719708761105
4207	0.020907769945053643
4222	0.035258934263285836
4264	0.0152007472278754
4276	0.014908151866054545
4298	0.021682790648690723
4329	0.023057988259176838
4344	0.0152007472278754
4423	0.03188456800241972
4426	0.011290705612955275
4457	0.018028683885665534
4491	0.028950427195267178
4587	0.014518840147792809
4598	0.034685393894494286
4617	0.03232975557877471
4620	0.00932240026616734
4628	0.03457719708761105
4682	0.029366034141707225
4730	0.04362949256089517
4737	0.017051638460963997
4765	0.016667667916630494
4783	0.017893376313066735
4816	0.03457719708761105
4836	0.015506830916297246
4856	0.017543777679050375
4864	0.04187290599735831
4895	0.008938707111213199
4921	0.02981630373210909
4949	0.014482699497271533
4970	0.011062251227364947
4971	0.03457719708761105
4990	0.022553122604017015
5086	0.015569777742430256
5128	0.021654718285519924
5162	0.023256237023986787
5195	0.01446526508957116
5216	0.02505618122035361
5223	0.0221468575036063
5239	0.013380649452836927
5252	0.05022811938019882
5304	0.020496865262067124
5314	0.011062251227364947
5329	0.017893376313066735
5337	0.0426915725692444
5414	0.010998396500425861
5415	0.0213457862846222
5448	0.016164877789387355
5469	0.013565129105445394
5484	0.008148766239154025
5544	0.008869168879640094
5548	0.008732239483428796
5577	0.028492256544521387
5578	0.017543777679050375
5585	0.023460586699134613
5612	0.035608472353751586
5690	0.014411924718977457
5728	0.022319356564050125
5769	0.008732239483428796
5842	0.07516854366106084
5913	0.0304014944557508
5934	0.010657765916976607
5938	0.02766106808373276
5946	0.014627906045553857
5970	0.009056247178509742
5976	0.024588859092672458
6019	0.02538014071673855
6046	0.023057988259176838
6049	0.033553507019823105
6168	0.013851828610064986
6213	0.09428753437289342
6216	0.06236977125942544
6218	0.02509994508662305
6243	0.04187290599735831
6323	0.017893376313066735
6347	0.08374581199471662
6353	0.014908151866054545
6476	0.0253710374384992
6477	0.02944256641335356
6554	0.005100352690938488
6556	0.012731190244768336
6559	0.022985960699318388
6580	0.013950213230805355
6587	0.12588610494174995
6609	0.019286096895409534
6623	0.028492256544521387
6625	0.009808844894421534
6630	0.01845490843462091
6633	0.04187290599735831
6665	0.029702297187718087
6689	0.026581805805156795
6708	0.015186774894007632
6726	0.01281420183110591
6805	0.010597667403319473
6909	0.04332409602246134
6922	0.028950427195267178
6959	0.05491080292800213
7018	0.02944256641335356
7056	0.01689537618229018
7132	0.022865486652177514
7133	0.00932240026616734
7187	0.012292296357734255
7206	0.011094410323798683
7296	0.012215522780863212
7327	0.01797094757286338
7426	0.023256237023986787
7450	0.03457719708761105
7501	0.009248748785509063
7543	0.06950258462417977
7574	0.01087250002025406
7583	0.02766106808373276
7584	0.02622639382987655
7591	0.019459258317358553
7651	0.02893053017914232
7661	0.04187290599735831
7738	0.0306429862153158
7743	0.02066751644379132
7811	0.013309008642116192
7862	0.011323993103382722
7877	0.03457719708761105
7891	0.04187290599735831
7908	0.03118488562971272
7954	0.039180276912166974
7975	0.013380649452836927
8010	0.019068344914127084
8035	0.014202747097098846
8036	0.01459141781949452
8037	0.010491460255820385
8060	0.01925091395310055
8089	0.003917968692880276
8103	0.01830360097600071
8108	0.0253710374384992
8117	0.08791490392240348
8129	0.04187290599735831
8130	0.03457719708761105
8292	0.017543777679050375
8293	0.026581805805156795
8306	0.04463871312810025
8355	0.025948866109178122
8370	0.016447509397747615
8386	0.020104649128740753
8449	0.028950427195267178
8499	0.03726982617280238
8505	0.010843492792884017
8563	0.09165583780120214
8651	0.009755929551216739
8672	0.02434734737071126
8709	0.011631336196404534
8724	0.010362568854657948
8751	0.45010910509699126
8777	0.010163470931808902
8827	0.03055194593373405
8865	0.014202747097098846
8873	0.022496456137622658
8874	0.03813668982825417
8877	0.022683505197325163
8882	0.035608472353751586
8913	0.028063666523690536
8917	0.04055557957552012
8922	0.019397710286332602
8933	0.0635751417500448
8936	0.023460586699134613
8937	0.0501998901732461
8948	0.046115976518353675
8950	0.023460586699134613
8958	0.024588859092672458
8959	0.04187290599735831
8976	0.03118488562971272
8990	0.023057988259176838
8997	0.03289501879549523
9006	0.020907769945053643
9008	0.03192105622847905
9026	0.06264045305088403
9028	0.02434734737071126
9029	0.022865486652177514
9051	0.025653669046859465
9068	0.011772636004379826
9070	0.10845197117251167
9109	0.021620871278401028
9135	0.019985779268116535
9208	0.03726982617280238
9225	0.019863925566088455
9264	0.02728148817786379
9267	0.06272330983516092
9280	0.015827706878032862
9301	0.03188456800241972
9306	0.014100578305969624
9307	0.04041674611258805
9327	0.01697304771608717
9339	0.017051638460963997
9364	0.019286096895409534
9394	0.08685128158580153
9396	0.02944256641335356
9421	0.031139555484860512
9422	0.021654718285519924
9426	0.026052774614173987
9443	0.007965136831785272
9446	0.02197872598060087
9485	0.0241143115151664
9492	0.026257798110075847
9495	0.019963512963174286
9516	0.051897732218356245
9529	0.02267840835330787
9534	0.01951123169061047
9580	0.0203831012744415
9714	0.11064427233493104
9844	0.19812052709612862
9845	0.09058488498146115
9891	0.04577469444825268
9910	0.028492256544521387
9998	0.02030869689968172
10001	0.02509994508662305
10120	0.13516300945832144
10128	0.016133051356124754
10131	0.011596476061574436
10135	0.013803177546787967
10137	0.02790042646161071
10157	0.028492256544521387
10171	0.014306512340050336
10179	0.016164877789387355
10211	0.011159199524873653
10217	0.020326941863617803
10224	0.02703705305034675
10245	0.02728148817786379
10340	0.06533349269649291
10348	0.020907769945053643
10448	0.020907769945053643
10452	0.02318381623366682
10570	0.022496456137622658
10653	0.033553507019823105
10695	0.016304690120497716
10722	0.027999915173029848
10739	0.019744267546155336
10747	0.017804236176875793
10750	0.052888401394928744
10772	0.0253710374384992
10773	0.011808435769977067
10807	0.18634913086401192
10842	0.039180276912166974
10873	0.03716243692985584
10876	0.07784888871215127
10904	0.0241143115151664
10974	0.018553293055361283
11127	0.016096060174215117
11132	0.01623441602096046
11180	0.020767957613943275
11231	0.03726982617280238
11306	0.028405494194197693
11316	0.012856100017000237
11377	0.07529983525986915
11381	0.0426915725692444
11401	0.03699305570733459
11457	0.049678973177595266
11459	0.05316361161031359
11466	0.033553507019823105
11467	0.04187290599735831
11514	0.012448558636408074
11535	0.027703657220129973
11553	0.018168208930001317
11592	0.005285937155489452
11627	0.015762279349429576
11636	0.009103851973302223
11673	0.03750909209141594
11689	0.023057988259176838
11731	0.06710701403964621
11751	0.018075328528751943
11777	0.11991819304312912
11793	0.11777026565341424
11833	0.012568216656341195
11876	0.012455358160877665
11889	0.018902013801556195
11942	0.07453965234560476
11991	0.051897732218356245
12052	0.019176328438637993
12055	0.01416178421321144
12057	0.055959471598292586
12059	0.03726982617280238
12060	0.032666746348246456
12210	0.12561871799207494
12252	0.02509994508662305
12294	0.32629928612609965
12296	0.032666746348246456
12304	0.02692243638860605
12332	0.02367142473868301
12405	0.017375646156044942
12489	0.011357448289683603
12516	0.02174500004050812
12551	0.0177162767394942
12564	0.07238752855244741
12566	0.014021606860606153
12572	0.028492256544521387
12591	0.014573248614082067
12624	0.012409147004792885
12649	0.05620030949949975
12690	0.052888401394928744
12698	0.015697490148354608
12699	0.02713025821089079
12739	0.024384331260637236
12766	0.010571874310978904
12767	0.020631028217731977
12786	0.02388917671996546
12788	0.021196547634774125
12790	0.020365359173985503
12829	0.0169263644204425
12839	0.012528090610176805
12884	0.04187290599735831
