232
t_index	tf-idf
190	0.021677740641911702
433	0.021745310932341493
597	0.03866884713686495
604	0.023893836043561524
612	0.025089234000031196
632	0.024735221027872862
638	0.1325225188494754
713	0.29908992208333185
808	0.03708535792199439
821	0.05568687431054357
854	0.03003299163857103
858	0.04982181304195447
871	0.022443074172525022
872	0.009829542387177374
902	0.02678165999330204
983	0.016869510808639583
1006	0.02898980920433243
1020	0.020523023870744093
1022	0.05773126946120556
1157	0.020341047605850357
1206	0.026932220525419267
1253	0.03785069145260771
1273	0.022229400754081717
1488	0.02303244037015361
1490	0.04683249168089397
1497	0.023108214135226634
1555	0.028146714385992352
1589	0.031480953048173874
1695	0.053524804304777615
1747	0.07137724289368352
1867	0.033673864563874896
1906	0.07955912248003838
1999	0.029499933183369315
2002	0.03547102719718876
2086	0.07518010680586865
2167	0.044178122400733384
2186	0.04939439060204771
2245	0.10514238716987429
2277	0.04795067690589073
2294	0.061569071612232275
2315	0.056936297662897116
2379	0.04807541541462183
2440	0.05054056828198517
2471	0.04189358775526651
2493	0.049546493509443755
2506	0.01705056094960097
2588	0.041528680382814424
2626	0.030591144252346256
2661	0.038954609250778684
2662	0.046336910216086546
2762	0.025089234000031196
2765	0.050878644477271445
2822	0.051661270044495174
2866	0.061744527496169224
2918	0.061569071612232275
3059	0.05568687431054357
3131	0.07477248052083296
3167	0.009854377064077588
3186	0.07477248052083296
3305	0.02886563473060278
3318	0.0426910930846075
3369	0.029630968261216098
3621	0.10773084934021517
3651	0.027251304005797145
3659	0.035257353778745455
3801	0.04807541541462183
3806	0.05833303413804973
3857	0.13306767105384593
3981	0.04877026646165177
4090	0.040830917142630895
4130	0.029550022186606847
4136	0.027251304005797145
4141	0.04688857032825656
4162	0.036601268100254165
4163	0.038954609250778684
4187	0.04390834463823338
4200	0.020895574526661364
4358	0.02631871024274342
4365	0.03313062971236885
4598	0.02064591153921116
4620	0.01664701734227335
4640	0.018148917878321534
4710	0.04746715111915196
4727	0.19171979250580556
4739	0.03985569222323022
4859	0.01845300002351014
4894	0.046336910216086546
4895	0.04788556853900608
4949	0.012930883828759484
4970	0.01975387054499847
4985	0.024822738427943976
5086	0.027802964117967163
5128	0.03866884713686495
5216	0.08948568424381856
5314	0.01975387054499847
5329	0.12780886350759837
5333	0.03044912394547333
5362	0.022515162867995462
5414	0.039279690219750814
5585	0.04189358775526651
5672	0.04189358775526651
5788	0.08695415394027414
5842	0.02237142106095464
5855	0.02911529771805298
5868	0.042270081405030815
5918	0.0401719390682912
5970	0.016171747568456053
6014	0.04939439060204771
6019	0.045321336844356054
6061	0.035257353778745455
6155	0.05583288793699751
6218	0.04482099129164578
6219	0.052575613542673594
6353	0.026621498280451537
6388	0.08805455915427986
6554	0.01821540746451349
6580	0.024910906520977234
6587	0.03211355923495314
6623	0.10175728895454289
6630	0.06590988843852896
6708	0.027119035636268017
6709	0.06655275732944135
6805	0.018924262852235856
6828	0.024999735055317544
6909	0.015472774333486951
6910	0.03838980946536882
7132	0.040830917142630895
7133	0.0332940346845467
7222	0.03985569222323022
7247	0.030734886059387075
7296	0.10906634223589706
7327	0.016045367467660485
7367	0.040496851280113884
7510	0.04746715111915196
7543	0.12411081894547489
7584	0.07024873752134096
7738	0.027359602054242486
7784	0.03954766051800986
7790	0.16366990022243447
7808	0.024057404897330652
7811	0.011882953496313497
7846	0.05455663340747816
7975	0.023893836043561524
8035	0.025361856440705086
8036	0.026055906049327473
8089	0.027985278861525006
8103	0.016342377186878976
8117	0.03924742792776034
8130	0.061744527496169224
8212	0.021677740641911702
8370	0.08811099063462814
8391	0.08378717551053302
8414	0.024307067884780858
8651	0.03484234184161919
8670	0.04939439060204771
8751	0.43537009532099463
8777	0.10889350726992918
8805	0.014187470306601562
8836	0.09493430223830392
8877	0.04050595271840491
8879	0.018924262852235856
8917	0.048280086475854356
8938	0.05652709674851942
8955	0.03613616715989037
8990	0.04117466741065609
8997	0.029370330211542714
9006	0.03733502090944459
9051	0.09161955318865188
9063	0.04688857032825656
9070	0.16138564044361134
9204	0.07849485585552068
9225	0.03547102719718876
9264	0.04871657447150549
9280	0.02826354837425971
9426	0.023261229856782258
9473	0.07477248052083296
9617	0.06996425068756085
9826	0.034468836362183335
9844	0.07581085242297775
9845	0.18486571308181307
9891	0.0240411491663606
9998	0.029012204568381356
10110	0.06390659750193518
10120	0.1206803450959088
10121	0.022229400754081717
10128	0.04321320336628439
10179	0.17319380838361667
10211	0.03985398238920149
10228	0.01756319122768252
10375	0.04154017202588163
10448	0.07467004181888919
10452	0.013799786173902746
10660	0.026932220525419267
10682	0.07137724289368352
10739	0.07051470755749091
10750	0.031480953048173874
10772	0.045305081113386
10794	0.04306094466323477
10867	0.02273409623502165
10873	0.036867217930845235
10948	0.01280268199758385
11046	0.05748549412427141
11127	0.028742747062135705
11175	0.016515497836481253
11306	0.025361856440705086
11481	0.026418783021314757
11514	0.06668820226224516
11535	0.024735221027872862
11592	0.03775640821471693
11623	0.04409987011273075
11633	0.06996425068756085
11663	0.021086332858001808
11673	0.0669800146647684
11773	0.09743314894301099
11775	0.057617604488379194
11777	0.09177343275703877
12033	0.06655275732944135
12055	0.025288708987367563
12165	0.056936297662897116
12170	0.038954609250778684
12405	0.09308311420910617
12537	0.03031515653263474
12576	0.036601268100254165
12581	0.01756319122768252
12590	0.051281788224402415
12632	0.0327818235696622
12649	0.025089234000031196
12748	0.03551047356665322
12766	0.018878204107358465
12827	0.04390834463823338
12829	0.00755635549868394
12839	0.02237142106095464
