253
t_index	tf-idf
102	0.03153988513964386
190	0.02214069881265506
355	0.023601722048339435
371	0.038132361982502895
569	0.03667719693785203
597	0.03949467391609238
612	0.025625049335673212
660	0.027190037241681512
685	0.05369843857658725
706	0.038132361982502895
730	0.05196522838683067
808	0.07575473419244477
858	0.02544291342635616
865	0.026880782746127263
901	0.02590349400609525
902	0.027353619429701884
983	0.01722978257285672
1098	0.07145843414748836
1100	0.02544291342635616
1157	0.020775458845756104
1240	0.01760248304757125
1253	0.038659045384215836
1420	0.021277574673679203
1428	0.03893123233828805
1447	0.06527141138944552
1506	0.061196123681523704
1511	0.015967447300809463
1605	0.030535965575471558
1695	0.05466790062185538
1747	0.0729016027588844
1788	0.11630450228974706
1793	0.051183550098837224
1841	0.07145843414748836
2002	0.03622856010326334
2086	0.0767856820961202
2111	0.0439805707673145
2129	0.06162882049178718
2167	0.022560803691232572
2173	0.037877367096222386
2294	0.06288396439736213
2429	0.04039225557397242
2455	0.04039225557397242
2493	0.05060462749032235
2582	0.06797408362447022
2590	0.04136171761924055
2629	0.04039225557397242
2634	0.03026377862139934
2653	0.05572176586392104
2689	0.05656386035007107
2729	0.0275073953904787
2787	0.04039225557397242
2793	0.045303171813770755
2801	0.018847089392726713
2813	0.021668312098451884
2822	0.05276456800682235
2909	0.023619532023405554
2918	0.02096132146578738
2991	0.031099407153275884
3000	0.07973768501475066
3065	0.07145843414748836
3214	0.044419424320416644
3269	0.05572176586392104
3285	0.0969347968800107
3318	0.10900705124013792
3377	0.05466790062185538
3432	0.02590349400609525
3471	0.03330765115804952
3505	0.05369843857658725
3672	0.03667719693785203
3735	0.03667719693785203
3761	0.04039225557397242
3856	0.0424155828613062
4011	0.025174744322619565
4023	0.03365874268907377
4059	0.03026377862139934
4130	0.015090551915636345
4148	0.025625049335673212
4185	0.07145843414748836
4222	0.03215327239534154
4298	0.01977293666372849
4587	0.013239998085322122
4598	0.021086833570589405
4606	0.056876144626629016
4617	0.058964200666811795
4682	0.026779428098381193
4708	0.01960432406046467
4783	0.032634599694379464
4881	0.056876144626629016
4882	0.07145843414748836
4920	0.022632260003071312
4978	0.05957881686165372
4987	0.031996988811155924
4990	0.013711072282892369
5054	0.04788994067890888
5086	0.05679346983650237
5091	0.021023914937014297
5162	0.0424155828613062
5202	0.04678810781087659
5216	0.02284919373765531
5286	0.04678810781087659
5329	0.06526919938875893
5343	0.07145843414748836
5414	0.02005928119945439
5424	0.0424155828613062
5548	0.03185236089502578
5561	0.03537825948028227
5585	0.08557656667204146
5664	0.044846068142258694
5673	0.038659045384215836
5725	0.024999207775818343
5824	0.07145843414748836
5868	0.08634563505808833
5885	0.05999514857048722
5921	0.06797408362447022
5925	0.02816820342654498
5983	0.09820426497127312
6020	0.06797408362447022
6036	0.1436698220367266
6066	0.045303171813770755
6246	0.028629661514686967
6484	0.038132361982502895
6488	0.030129945108007768
6531	0.07145843414748836
6554	0.009302211357807256
6559	0.02096132146578738
6630	0.03365874268907377
6665	0.02708607257135759
6668	0.031996988811155924
6671	0.02816820342654498
6716	0.04039225557397242
6798	0.018536513152234646
6909	0.015803216856076528
6910	0.03920967700871009
6985	0.01994392975874038
7179	0.059733269052858654
7187	0.022419143483077095
7206	0.02023439475187047
7366	0.022419143483077095
7501	0.03373641832688157
7543	0.06338068867635906
7584	0.02391633219718707
7613	0.07145843414748836
7743	0.018847089392726713
7764	0.043172817529044165
7803	0.03139127211285564
7975	0.02440412200045604
8010	0.03477755076622767
8021	0.0275073953904787
8036	0.013306183002614835
8037	0.009567356089419584
8060	0.035110526913336125
8136	0.11915763372330744
8156	0.03095607045404906
8293	0.14544263359143753
8584	0.05369843857658725
8597	0.06306316738467187
8651	0.017793224150661053
8677	0.06696384961652352
8751	0.4446680266070843
8777	0.018536513152234646
8877	0.024822608058809967
8880	0.026579228338250223
8917	0.09862234916162037
8968	0.06527141138944552
8978	0.1073968771531745
8997	0.02999757428524361
9026	0.02284919373765531
9029	0.041702917920866014
9065	0.0820597329143919
9070	0.0659329017128481
9135	0.1458032055177688
9225	0.07245712020652668
9306	0.025717154796466826
9316	0.037877367096222386
9338	0.06306316738467187
9357	0.056876144626629016
9390	0.023679611768386465
9421	0.05679346983650237
9422	0.07898934783218475
9426	0.0950320225301002
9476	0.07957307775134424
9507	0.04356996162401417
9522	0.02898767210315482
9539	0.02214069881265506
9554	0.04356996162401417
9570	0.02960892672497886
9580	0.037175451909298565
9593	0.04577820562878781
9630	0.03738293886597132
9820	0.02071413309587487
9844	0.12904983026556532
9845	0.2124154984350549
9883	0.03601032339307423
9891	0.04910916239798341
9910	0.155895685160492
10014	0.061196123681523704
10120	0.03081441024589359
10121	0.022704140390459395
10166	0.07034938972239538
10178	0.02474058279518258
10179	0.058964200666811795
10209	0.021277574673679203
10245	0.049756984382057036
10296	0.061196123681523704
10413	0.22889102814393902
10419	0.02544291342635616
10452	0.01409449971759039
10475	0.03153988513964386
10555	0.061196123681523704
10572	0.04732649910110454
10635	0.04848087786381252
10734	0.13594816724894043
10739	0.03601032339307423
10773	0.0646099820896148
10873	0.07530913684696397
11006	0.04910213248563656
11020	0.04205400945189026
11127	0.02935658822860387
11315	0.051183550098837224
11337	0.044846068142258694
11381	0.03893123233828805
11400	0.032799388763272534
11437	0.026092744883440242
11439	0.10236710019767445
11453	0.028396734918251183
11516	0.038010831914777464
11562	0.07145843414748836
11582	0.05466790062185538
11592	0.009640687149304118
11673	0.06841046563185912
11754	0.07145843414748836
11775	0.014712027055271868
11777	0.06248892100094361
11833	0.022922377100648508
11876	0.007572180537992971
11889	0.08043977654581788
12055	0.025828784387597115
12060	0.05957881686165372
12183	0.08959990357928797
12294	0.04577820562878781
12383	0.05815225114487353
12385	0.040706865722820056
12405	0.03169034433817953
12474	0.07145843414748836
12564	0.022003840749434893
12566	0.03835968564247621
12579	0.07145843414748836
12624	0.045264520006142624
12766	0.009640687149304118
12790	0.03714309321209192
12792	0.03949467391609238
12795	0.03477755076622767
12829	0.023153195803198388
