96
t_index	tf-idf
176	0.07370786091700916
356	0.06042994779724136
596	0.05570867044395635
742	0.06781471233868604
919	0.15144966248184272
1100	0.053923944695222825
1301	0.027099956838646574
1350	0.1920319179228382
1378	0.07059254216987149
1387	0.07678314344976782
1507	0.061181315025244896
1713	0.1940454999949923
1917	0.10692265995362765
2008	0.138336829551036
2487	0.0991631459695285
2524	0.15144966248184272
2634	0.06414133072348097
2642	0.07210297079848568
2645	0.06814594120423201
2718	0.08081807866046699
2778	0.0599409829006829
2964	0.0787214133308946
3207	0.06716480722268049
3238	0.05207639353075418
3300	0.06442814801927116
3640	0.08310135003426926
3812	0.09807064573557611
3853	0.10692265995362765
3871	0.045506614294276104
3900	0.12858622994192714
4260	0.04536897385235951
4353	0.0529835508590447
4457	0.02322969875546384
4620	0.036035334231985565
4682	0.056756566182036304
4769	0.07773398848277177
4928	0.3237158070449738
5314	0.04276065272406238
5320	0.1920319179228382
5934	0.04119713228559008
6034	0.138336829551036
6428	0.12085989559448272
6487	0.13365665689975384
6603	0.06612985518051454
6805	0.0409648240854863
6958	0.04377240460292535
7001	0.0295735219673912
7103	0.07210297079848568
7221	0.1084788867762203
7223	0.1618579035224869
7296	0.047218573935767325
7343	0.2686654484141839
7851	0.13365665689975384
8023	0.06814594120423201
8112	0.045095887437300974
8176	0.07725416365428772
8371	0.07412526655141646
8379	0.07498100848984425
8505	0.02095752573786173
8724	0.08011212166779967
8754	0.06275343159202537
8805	0.06142244269866793
8877	0.08768210632460319
8879	0.0409648240854863
9068	0.045506614294276104
9307	0.05207639353075418
9381	0.05807325894074324
9502	0.07171695027731169
9553	0.051547098883691495
9668	0.14498976997993632
9826	0.03730686444786483
9844	0.054701879407879295
10189	0.2361642399926838
10190	0.06501157951785619
10191	0.13903065235254575
10209	0.045095887437300974
10218	0.13365665689975384
10541	0.11060240692275929
10736	0.08193433630556984
10784	0.1101355829283029
10846	0.15144966248184272
10873	0.015961087719513767
10920	0.053355584630613254
11134	0.054701879407879295
11305	0.02972233328800267
11380	0.1618579035224869
11437	0.05530120346137964
11519	0.05243541869670516
11623	0.031820586363418495
11922	0.1618579035224869
11940	0.1205438239689471
12193	0.03247672127703155
12420	0.06169472975784148
12638	0.054701879407879295
12829	0.03271406407192371
12868	0.16410563822363786
