199
t_index	tf-idf
146	0.06361058560809482
190	0.02791680917782667
277	0.02975898711539288
371	0.04808040983588491
569	0.04624561838609822
871	0.05780482656267618
872	0.025317164151105936
890	0.04775889136703036
1011	0.060383565432288
1022	0.07434690080322129
1044	0.042439703677255386
1122	0.03509449929970618
1157	0.02619540264227161
1171	0.03376569955807043
1177	0.20312218809006044
1582	0.07332312824492145
1681	0.05258245964169616
1695	0.06892977329786981
1747	0.0459601602957139
2002	0.0913598805302518
2057	0.016487420723169336
2086	0.04840884320781727
2167	0.028446511868295454
2242	0.07171410847269769
2271	0.0365500347328983
2294	0.026429753479190014
2333	0.20312218809006044
2373	0.09959624893373656
2431	0.04114838018310501
2455	0.05092986904623232
2471	0.10790195477079692
2493	0.021268821746415943
2590	0.052152246314081996
2593	0.09010065522870925
2631	0.07466672703835628
2645	0.040541483243084306
2687	0.060383565432288
2762	0.0323101641248783
2822	0.16632473853478577
2918	0.026429753479190014
2990	0.10185973809246464
3000	0.03351327127889487
3167	0.03807169325556779
3388	0.04460781149284064
3439	0.039031952833715175
3470	0.07332312824492145
3522	0.04074111436271835
3809	0.053657022929424744
3845	0.06770739603002013
3856	0.053481046055717754
3871	0.02707286168858906
3939	0.03389349581167357
3999	0.06191199629355779
4059	0.03815905450512206
4090	0.10516491928339232
4136	0.03509449929970618
4138	0.03765830265400878
4172	0.05834433233245009
4298	0.099725361768808
4344	0.034956294164736924
4457	0.013819846438309196
4598	0.026588009436190923
4617	0.037173450401610644
4623	0.09629274124707733
4642	0.07025857303950556
4661	0.07716109241607581
4683	0.05899428417323699
4684	0.10033226349689249
4708	0.02471873984137534
4812	0.07332312824492145
5329	0.04114838018310501
5332	0.03885333602344055
5369	0.01907596394455922
5414	0.050584774241132585
5544	0.020395923417822828
5612	0.12283016903984982
5673	0.048744495470541785
5868	0.05443582963779659
5885	0.037823402242397546
5934	0.04901811666857292
6071	0.04513446930976999
6218	0.05772091666373775
6388	0.02267950674153743
6580	0.032080512230515876
6587	0.04135615975816748
6603	0.019671035195137385
6614	0.026273120688815113
6798	0.02337235625993116
6909	0.01992599208814212
6952	0.047444002619654556
7054	0.06273768727950171
7132	0.05258245964169616
7133	0.021438193869046725
7187	0.056535790116041665
7206	0.02551318465133153
7470	0.07951521426328952
7531	0.0314115777108567
7543	0.07991557115287704
7743	0.023763956259296493
7832	0.023244023040972693
7944	0.04178039712672026
8010	0.04385038867237688
8035	0.032661250005072466
8036	0.016777526983787813
8037	0.012063307330299016
8103	0.021045875258609733
8293	0.06112866750727797
8370	0.11347020672719266
8449	0.06657565145065608
8500	0.055990210485236364
8565	0.06361058560809482
8621	0.0554543111774432
8651	0.022435156517660742
8724	0.02383021043343761
8746	0.055990210485236364
8751	0.5606739223233262
8805	0.01827076482775696
8811	0.05054322654185824
8865	0.032661250005072466
8877	0.04173117378919088
8879	0.0243708531993172
8880	0.1005398138366846
8882	0.04094338967994994
8910	0.06112866750727797
8917	0.06217557371405727
9029	0.05258245964169616
9067	0.042439703677255386
9070	0.16626722139464908
9225	0.0456799402651259
9276	0.03566017742067849
9426	0.029956042277664584
9453	0.06657565145065608
9485	0.0554543111774432
9509	0.18053787723907996
9570	0.03733336351917814
9580	0.02343692956200119
9844	0.09762996687066229
9845	0.02975898711539288
9891	0.06192086018368091
9998	0.0093405511227224
10120	0.03885333602344055
10128	0.018550130481260824
10131	0.02666775668365509
10179	0.037173450401610644
10211	0.05132435338693515
10217	0.02337235625993116
10340	0.0751218593162379
10367	0.040344428080812594
10452	0.0355430027211249
10477	0.028446511868295454
10635	0.06112866750727797
10658	0.047135475698318025
10695	0.03749496887046518
10705	0.053481046055717754
10727	0.03481932855439692
10739	0.045404769519816646
10747	0.04094338967994994
10750	0.040541483243084306
10873	0.018991187410054605
10920	0.03174238262766322
10948	0.016487420723169336
10976	0.027830284509052828
11065	0.05092986904623232
11127	0.07403038888921946
11132	0.03733336351917814
11175	0.021268821746415943
11279	0.03939557865975128
11305	0.01768245409260111
11316	0.08869332683489776
11381	0.049087691108666114
11516	0.02396358737893054
11544	0.01804180157060911
11567	0.04901811666857292
11627	0.036247617658887295
11636	0.04187122157092182
11673	0.043128763255640475
11737	0.05967313207408583
11751	0.04156680534866227
11775	0.018550130481260824
11807	0.043128763255640475
11857	0.027321185260526782
11889	0.07244647744919529
11890	0.09010065522870925
11982	0.045404769519816646
11991	0.05967313207408583
12055	0.016283524994966266
12294	0.1154418333274755
12405	0.03995778557643852
12516	0.025002870142932454
12564	0.02774424730578763
12566	0.016122346050949667
12643	0.04114838018310501
12649	0.0323101641248783
12666	0.029956042277664584
12699	0.031194956161300545
12766	0.024311538291322297
12767	0.047444002619654556
12786	0.05493658148890987
12829	0.01946229895644492
