162
t_index	tf-idf
569	0.0569825789907496
593	0.10140724117055744
680	0.07352759203365294
716	0.05285478474969822
738	0.06250966855347759
808	0.17654157700595377
872	0.015597556659506533
901	0.04024429390936915
951	0.2422033016598081
983	0.026768606339106653
991	0.04787401198802809
1012	0.05174757128593812
1052	0.06006162660264799
1157	0.03227725463189923
1163	0.07352759203365294
1203	0.0478582326993561
1246	0.0762862589449808
1317	0.062277973554670074
1475	0.04224309855278371
1497	0.03666820540337564
1589	0.0499541005596252
1596	0.05201832703796715
1605	0.09488282724612276
1627	0.059243358549282886
1737	0.027055897417432
1867	0.05343382120868108
1996	0.09007189498013497
2411	0.14224425180131814
2499	0.16685438219584386
2565	0.05561345166102607
2577	0.024936297208677113
2580	0.09256308882456844
2689	0.04393948978545382
2729	0.04273615383759285
2762	0.03981169554440244
2796	0.06006162660264799
2878	0.06135987927188176
2928	0.05201832703796715
3000	0.04129413108814886
3133	0.044297923482034575
3182	0.05663084538329583
3212	0.044297923482034575
3242	0.03666820540337564
3359	0.04208157653001248
3439	0.04809409870879749
3476	0.04447973359314779
3488	0.07112212590065907
3550	0.10140724117055744
3635	0.05884719233531792
3824	0.04024429390936915
3900	0.023564901106330343
3939	0.041762633299372326
3981	0.025796283776383228
4044	0.09034674187254635
4130	0.02344504592332445
4177	0.07440296847717755
4209	0.041762633299372326
4264	0.08614436839554863
4357	0.0807344338866027
4387	0.09797645995120528
4457	0.017028434666746913
4532	0.06091710119332388
4620	0.02641555282844227
4878	0.08384285835884059
4949	0.020518777500738737
5093	0.05403124281823675
5415	0.06048450282835717
5484	0.023089993878314355
5548	0.02474329859255823
5764	0.05884719233531792
5842	0.03549905924482395
5913	0.04307218419777432
5962	0.11101954915650109
6018	0.05070190227643326
6488	0.09362122083719683
6554	0.014452140232610228
6614	0.0971190500136515
6671	0.043762801162269084
6708	0.02151629639644558
6744	0.04541610587651296
6749	0.08342719109792193
6755	0.035842239579351204
6910	0.12183420238664776
6958	0.0320871802873469
6959	0.02593214862737558
7008	0.07951999961927265
7133	0.02641555282844227
7281	0.03952872479673879
7340	0.03266326201599247
7435	0.18512617764913689
7501	0.07862057147253812
7726	0.044798753827639176
7731	0.05884719233531792
7751	0.10514362800406916
7811	0.018855917512784058
7821	0.04260370609736937
7832	0.028640645864802326
7901	0.07730365266725056
8035	0.04024429390936915
8036	0.06201842185186418
8037	0.10404852843995327
8089	0.011101787740499068
8156	0.09618819741759498
8172	0.08203268655583648
8231	0.11101954915650109
8326	0.05663084538329583
8505	0.015362827626850106
8777	0.028798774527400903
8804	0.08836415196526165
8832	0.08657068123894873
8997	0.09320991182266063
9068	0.03335843553428202
9168	0.08342719109792193
9260	0.06126397184685103
9539	0.034398324417765594
9783	0.08514072491146056
9987	0.046810610418598415
9998	0.06905502109073261
10121	0.10582110258387055
10128	0.06857088167437562
10173	0.05561345166102607
10477	0.0350510095035017
10660	0.04273615383759285
10661	0.05770640669474113
10671	0.046001143675082436
10729	0.05594650814524491
10746	0.0552861877580795
10867	0.0721491072851967
10873	0.023400418774524877
10948	0.020315346328986232
11086	0.062277973554670074
11184	0.04393948978545382
11305	0.021787833577436518
11350	0.10458607113620857
11404	0.043414324534505715
11426	0.11101954915650109
11454	0.09403655926203729
11481	0.041921429179420294
11541	0.4393948978545381
11592	0.0299560087943023
11623	0.02332594932250683
11643	0.12183420238664776
11658	0.22058926603639592
11663	0.10037962863549203
11775	0.02285696055812521
11795	0.04831679006658597
11876	0.03529296770166461
11889	0.03570662274972449
12164	0.06707433202353254
12196	0.029444922133814708
12371	0.043762801162269084
12445	0.12852112692390957
12488	0.025131295846067412
12504	0.08648495352750916
12516	0.030807848886790695
12548	0.07951999961927265
12624	0.03516202575538807
12719	0.034613380474124766
12748	0.028174079811910373
12829	0.023980909464075488
12838	0.05229303556810429
12868	0.04009898662272779
