81
t_index	tf-idf
190	0.050775805670554196
632	0.05793734674088801
871	0.05256844759138466
872	0.02302375244386996
1044	0.07719041717503276
1122	0.06383077181910252
1157	0.04764486749016971
1747	0.08359351360313186
2002	0.08308384225324728
2086	0.08804724063553644
2294	0.04807111077887448
2455	0.09263254683032465
2471	0.0981274158521407
2631	0.27161150101403125
2763	0.10086171775593672
2822	0.06050313664611641
2918	0.04807111077887448
3433	0.048214657916124136
3857	0.207789742116085
4200	0.048943736760510205
4268	0.10611816205856758
4330	0.0737378853591152
4617	0.0676120211902781
4640	0.04251023861494239
5128	0.09057410087883909
5252	0.07002887610469895
5314	0.09253904349191192
5414	0.04600243979166248
5515	0.04395348839136738
5585	0.0981274158521407
5673	0.0886577335452533
5842	0.10480122879309456
5868	0.0990092775144059
6476	0.10611816205856758
6554	0.021332988638121622
6668	0.0733794763961799
6952	0.08629236392682846
7179	0.06849388285254328
7543	0.14535248226479908
7584	0.10969581820991899
7769	0.04573790151366714
7821	0.03144393714317363
8010	0.07975620708026115
8259	0.1038948710580425
8305	0.32775474672200366
8370	0.2751766808055668
8751	0.3137747853532054
8877	0.037950862457574036
8879	0.08865266071002101
9051	0.10730031106968117
9070	0.15120553479340992
9113	0.0737378853591152
9225	0.08308384225324728
9319	0.2717223026365173
9580	0.04262768618627938
9844	0.0591906259041566
9845	0.1082528119240703
9891	0.0337869726831536
9998	0.05096649896220179
10120	0.07066744007212303
10131	0.04850399708697329
10179	0.0676120211902781
10635	0.11118238200068903
10669	0.31177325430914987
10739	0.08258335467241222
10750	0.0737378853591152
10873	0.017270828396676357
10984	0.06647813684680311
11127	0.06732418121301922
11306	0.059405115844405165
11553	0.07599125357886201
11673	0.07844369633830135
11762	0.09563832082096055
11777	0.07165368483069202
11991	0.10853501697298845
12055	0.029616891225259522
12188	0.0352317444908257
12411	0.08113382705456888
12564	0.05046194572957782
12766	0.022109223442571803
12829	0.01769926325426152
