125
t_index	tf-idf
721	0.05309903510602017
729	0.04188747626073613
735	0.0710645228130588
764	0.10311139379038084
818	0.10132510962397506
901	0.040211699332672865
957	0.05919537628878333
960	0.06893372143612778
1171	0.04157146949904316
1240	0.027325493450839126
1301	0.019849421924678576
1454	0.1352730404901124
1460	0.0806690456180627
1507	0.13443715904125547
1511	0.02478731980401425
1656	0.09499877218214083
1975	0.0652832078720684
2000	0.11855317106188477
2026	0.1957942141119449
2094	0.11092963242897895
2279	0.15244894666649053
2282	0.09248812031587174
2349	0.032155912703988515
2530	0.17409599232015685
2712	0.053987481943912535
2721	0.12445506700991099
2801	0.0292575778301569
2868	0.0696175044171543
2929	0.07526005887796201
3005	0.07622447333324527
3016	0.08745471376666508
3077	0.04220888510829471
3276	0.06369336326783778
3300	0.14157160856098547
3320	0.0647381853712246
3710	0.0652832078720684
3808	0.03374017229117943
3886	0.054293211602465835
3940	0.08829258425096853
3970	0.11855317106188477
4130	0.023426057359399916
4134	0.047835237965578675
4358	0.04172880899232445
4421	0.053686644170316156
4564	0.030433083064168587
4646	0.2774643609476152
4769	0.05693642777623335
4895	0.02530782251641669
4920	0.035133547398981536
5239	0.03788412544382206
5896	0.05091665081682858
5944	0.0772410430500601
6144	0.057294571170923375
6484	0.05919537628878333
6603	0.024218477636540035
6708	0.021498869961416225
6755	0.0358132103055474
6760	0.030260586810916246
6773	0.09027356842306665
6897	0.08486458168296593
6959	0.02591114571428589
7335	0.10132510962397506
7343	0.03935691760623805
7588	0.1957942141119449
7651	0.04095495657090601
7751	0.0525292351453298
7805	0.1619624458317376
7808	0.038143466931040544
7821	0.12770760177105317
7926	0.051705659998218065
8089	0.02218559240629003
8379	0.05492000163374265
8414	0.038539312282871
8505	0.030700769993470132
8604	0.25683407070821435
8719	0.18469738233876254
8805	0.02249450041617007
8827	0.0865005660888197
8880	0.04126068622945932
8955	0.057294571170923375
9276	0.08780780480645367
9430	0.0865005660888197
9485	0.06827393585430774
9495	0.09420322883205468
9538	0.05765966923916258
9575	0.07831573324507492
9585	0.10552064568887826
9826	0.027325493450839126
9891	0.05336477043034069
10016	0.08335962191693641
10023	0.04596388652232903
10131	0.06566532594272867
10173	0.05556840932733293
10191	0.05091665081682858
10541	0.04050548593059092
10660	0.042701541058770075
10774	0.10132510962397506
10873	0.011690733177464984
10948	0.02029889256499368
11016	0.03415801081398863
11194	0.17080928332870007
11265	0.06642306956985869
11374	0.05091665081682858
11381	0.06043551534280666
11401	0.1396493812856824
11514	0.07049026411441786
11535	0.03921815712605536
11536	0.04372735688333254
11546	0.07831573324507492
11554	0.0772410430500601
11567	0.09052478559567126
11699	0.04499947206704576
11738	0.11092963242897895
11775	0.02283844829510393
11857	0.03363714759655351
11867	0.05309903510602017
11876	0.011754794431007727
12098	0.0772410430500601
12166	0.060012981612150386
12361	0.3039753288719252
12367	0.11855317106188477
12699	0.03840643568936624
12766	0.0448976203268516
12868	0.04006650973301366
12869	0.07945559494286522
