36
t_index	tf-idf
190	0.09772132307572542
1454	0.1923026157522926
2002	0.15990022972516957
2294	0.09251596276995337
2631	0.13068347656503654
2762	0.11310003113051866
2947	0.30001389941886275
3305	0.13012370910284848
3857	0.19995240107950793
4200	0.0941953879282458
5024	0.16607523726899515
5055	0.2880852467199839
5252	0.13477510274988694
5332	0.1360040604186247
6476	0.20423126845117148
7187	0.09895028074446317
7821	0.06051589137309961
8370	0.3971964940701215
8751	0.15096996870646753
8877	0.0365194450609151
8879	0.08530889056666026
9070	0.14550241715764173
9319	0.1743157170503992
9426	0.10485955134911462
9509	0.31598167463741733
9844	0.11391618903230603
10179	0.13012370910284848
10750	0.1419133310232761
11650	0.1743157170503992
12188	0.06780577167495311
12405	0.13987012802333784
12467	0.12794147532445896
12748	0.08003902522179324
12788	0.17062754413292436
12829	0.0340633772291875
12838	0.1485579518728505
