260
t_index	tf-idf
190	0.022072293606086868
277	0.023528802910341904
371	0.038014549436457365
549	0.057972585779040686
569	0.0365638802239531
632	0.05037084537150516
633	0.029391013363638797
660	0.02710603175794082
729	0.02689962691197407
758	0.02329880758576849
797	0.048331092868634955
858	0.025364305801395752
871	0.022851556845431102
872	0.020016896517691875
936	0.057972585779040686
1022	0.08817304009091641
1044	0.03355475169646988
1122	0.027747300472898414
1157	0.020711271641643075
1177	0.10706506713992223
1196	0.05554960964895607
1317	0.03996176385791765
1420	0.02121183614829936
1487	0.06506975089006956
1498	0.0677640730339753
1582	0.057972585779040686
1619	0.0677640730339753
1681	0.041574073897512845
1747	0.07267636826027754
2086	0.0765484474681751
2167	0.04498220108369366
2173	0.03776034237435609
2200	0.0489504280817223
2242	0.05670042187935225
2297	0.062868329406508
2333	0.05353253356996111
2405	0.0677640730339753
2440	0.02573022439390346
2455	0.0402674609317765
2590	0.041233927757606086
2631	0.2066221354146737
2635	0.03144244050267146
2664	0.028309001259328236
2757	0.0489504280817223
2787	0.0402674609317765
2822	0.05260154825733165
2891	0.02480678007628917
2909	0.011773278930134657
2918	0.08358624010548084
3017	0.05554960964895607
3103	0.04343534924116764
3167	0.010033734947583877
3214	0.04428218746434498
3242	0.023528802910341904
3300	0.06061037477190192
3359	0.027002388293591893
3522	0.032211770060287706
3809	0.04242367229659872
3856	0.08456907402154291
3869	0.03205393265639936
3974	0.05554960964895607
4059	0.03017027660298303
4062	0.03633818413013877
4090	0.041574073897512845
4136	0.027747300472898414
4200	0.02127589141502276
4227	0.0442683960414186
4260	0.021340288311450642
4276	0.02710603175794082
4298	0.03942369364122512
4330	0.03205393265639936
4336	0.037267441714011904
4344	0.02763802923428805
4353	0.04984394201975624
4358	0.02679773272534777
4511	0.07613340204469261
4592	0.07613340204469261
4598	0.04204336870584299
4617	0.029391013363638797
4620	0.016950006945551956
4640	0.01847924332430546
4642	0.05554960964895607
4654	0.059394744023258006
4682	0.08009007365919914
4684	0.03966361563673315
4708	0.07817502063017484
4727	0.06506975089006956
4903	0.0489504280817223
4920	0.022562336084512323
4921	0.02710603175794082
4949	0.013166236701935653
4955	0.04192408070718717
4968	0.03237169808654459
4990	0.013668710985278465
5042	0.04303943215010042
5278	0.050293409717904476
5314	0.02011340746843563
5329	0.06506754572351073
5347	0.04228453701077146
5369	0.015082320988813557
5414	0.03999461335053693
5484	0.014816103193145245
5515	0.03821325089671995
5548	0.015876975421394574
5584	0.06973287800240113
5585	0.042656086001823405
5612	0.03237169808654459
5672	0.042656086001823405
5673	0.03853960561370033
5740	0.03506602023045034
5868	0.08607886430020084
5885	0.029904894723370254
5896	0.03269805280352497
5927	0.057972585779040686
5934	0.019377971462181117
5944	0.04960325676832338
5945	0.051804678251884936
5970	0.016466086865360944
6046	0.04192408070718717
6061	0.035899067030701295
6173	0.02689962691197407
6213	0.03428675699110611
6218	0.0912735414494584
6348	0.011230197097986873
6440	0.06506975089006956
6554	0.009273471538217275
6580	0.025364305801395752
6587	0.06539610560704993
6614	0.02077271904886189
6623	0.051804678251884936
6663	0.051804678251884936
6665	0.027002388293591893
6668	0.0956943957631776
6708	0.013806312354349981
6828	0.025454751089165593
6985	0.019882311620737055
7047	0.0677640730339753
7054	0.04960325676832338
7132	0.041574073897512845
7177	0.03337848010662024
7179	0.02977435951191581
7206	0.06051563760708474
7543	0.0631848696944007
7643	0.06506975089006956
7726	0.014372956596103437
7738	0.027857569636172294
7769	0.019882311620737055
7821	0.013668710985278465
7826	0.035268955922691365
7944	0.06606694815912843
8010	0.06934020627876625
8036	0.013265072638184612
8089	0.007123658570828383
8103	0.033279644170371284
8140	0.02659648824250223
8212	0.022072293606086868
8292	0.031898131921059204
8293	0.048331092868634955
8353	0.07613340204469261
8370	0.14952447361685128
8449	0.05263772505213589
8500	0.0442683960414186
8651	0.017738250765049375
8751	0.5455928544739321
8775	0.02742240940698466
8777	0.01847924332430546
8825	0.046129671385073394
8877	0.04124319484966682
8879	0.01926870022357075
8880	0.02649710999048326
8882	0.06474339617308918
8917	0.1228970608175364
8919	0.1952092526702087
8938	0.02877796853332426
8965	0.028424546537809216
8991	0.034670103139383124
9000	0.02563769988399617
9006	0.038014549436457365
9029	0.041574073897512845
9070	0.23005219122822151
9109	0.019655555858708495
9113	0.03205393265639936
9124	0.03428675699110611
9130	0.0765484474681751
9225	0.036116629483615714
9267	0.038014549436457365
9319	0.11811795724185387
9421	0.028309001259328236
9426	0.02368460364568206
9443	0.02896445566942761
9453	0.05263772505213589
9529	0.041233927757606086
9580	0.037060595802513537
9652	0.02040863952260696
9844	0.0771906731817104
9845	0.11764401455170953
9891	0.05874892352960775
9991	0.033033474079564216
9998	0.03692531361842467
10050	0.06100705406285319
10051	0.05353253356996111
10120	0.030719207013331543
10128	0.07333286619640206
10131	0.021084736138284724
10140	0.07123765841722529
10179	0.05878202672727759
10185	0.033733634812113056
10211	0.060869037174855804
10224	0.02457941216350728
10228	0.01788285595998676
10245	0.04960325676832338
10340	0.059394744023258006
10402	0.057972585779040686
10419	0.025364305801395752
10452	0.014050953794635782
10620	0.041574073897512845
10635	0.048331092868634955
10671	0.0590348958327639
10695	0.02964522042574006
10705	0.04228453701077146
10727	0.027529738019983995
10739	0.035899067030701295
10750	0.03205393265639936
10773	0.021470121707132306
10852	0.062868329406508
10873	0.01501529282135455
10971	0.0489504280817223
11065	0.0402674609317765
11127	0.05853177807417502
11175	0.01681609367503528
11305	0.013980548991896947
11381	0.07762190325504294
11439	0.05102541501254071
11567	0.038755942924362234
11592	0.009610901585556213
11623	0.014967508179589329
11673	0.03409955340462076
11737	0.047180280638238765
11751	0.03286459874688878
11777	0.062295857196342744
11889	0.0458235727672048
11913	0.06100705406285319
11991	0.047180280638238765
12055	0.012874492293926627
12185	0.05353253356996111
12188	0.015315274634964758
12202	0.03996176385791765
12294	0.0912735414494584
12387	0.023528802910341904
12405	0.03159243484720035
12516	0.019768401441379608
12537	0.015433458835860211
12564	0.021935858375233663
12566	0.01274705692146726
12624	0.022562336084512323
12632	0.03337848010662024
12649	0.025545878989336857
12766	0.04805450792778107
12792	0.039372652413951284
12829	0.007693887472592829
