135
t_index	tf-idf
16	0.03019726264253994
190	0.03237228162788028
277	0.03450846784542721
371	0.055753956624363145
604	0.03568167007575922
632	0.036938145652228443
660	0.03975500278957613
687	0.04526138218628377
729	0.039452279569133275
902	0.01999708950500782
936	0.08502536741437755
1044	0.04921300392507299
1240	0.05147376271974424
1511	0.023346268574174014
1544	0.19871554854719162
1747	0.053295319077407546
2002	0.05297037643478014
2057	0.019118783366965677
2086	0.05613480737075265
2245	0.052337849297666064
2291	0.08711117272409483
2429	0.05905818439111629
2455	0.05905818439111629
2493	0.04932657475876781
2590	0.06047565086868847
2631	0.17316680430925285
2765	0.07597921919402469
2822	0.11572192029327343
2918	0.03064789451881032
3017	0.08147171471925845
3167	0.014715955636486993
3214	0.03247318718384222
3377	0.07993084093281391
3809	0.06222058712084492
3856	0.12403304931026597
3928	0.06097452546832052
3980	0.06148786219791753
4090	0.12194905093664105
4138	0.043668499912654764
4186	0.0684096656435972
4276	0.03975500278957613
4598	0.03083140784143575
4620	0.02485969098764693
4682	0.03915464437549107
4683	0.0684096656435972
4708	0.057327612373901174
4949	0.05793069765665709
4968	0.04747788090954639
5086	0.08303867080839014
5314	0.029499285515346283
5329	0.09543117505539113
5414	0.029329006538421503
5515	0.0840680725362628
5548	0.06985779487799763
5585	0.1251229123568115
5673	0.05652402912989924
5927	0.08502536741437755
6046	0.06148786219791753
6061	0.05265128893426521
6066	0.06623851618239719
6292	0.11166088926978392
6298	0.0374668081094439
6665	0.03960299432699084
6671	0.041185195733493975
6828	0.037333155571961894
6909	0.04621228905376414
6985	0.02916034929067279
7132	0.06097452546832052
7377	0.03990832735911889
7543	0.04633497616677198
7726	0.042160131344578376
7743	0.027556640865303364
7760	0.11166088926978392
7762	0.19086881851630033
7821	0.0200471853719593
7946	0.0456830420390495
8010	0.050848831703935685
8036	0.019455190064125456
8060	0.025667840815668627
8277	0.07376272047076207
8292	0.04678332611827174
8293	0.07088469271246106
8370	0.08771989819581623
8589	0.050565483624547915
8651	0.026015767078858835
8722	0.04329170107731321
8751	0.5001203617076344
8775	0.040219017383546087
8877	0.0725870909150338
8879	0.028260397463570106
8880	0.03886192899773211
8917	0.03604934163187174
8919	0.09543440925815017
9070	0.3374055481709074
9260	0.028827778443250348
9319	0.17323744624748652
9338	0.09220569920565845
9426	0.10421091796975285
9443	0.021240328097810145
9495	0.01774531412235502
9539	0.03237228162788028
9844	0.037737177897918896
9845	0.13803387138170883
9891	0.07180331791280915
9946	0.13386614194734367
10121	0.033196098870139745
10128	0.06453209365885543
10179	0.0431062661142803
10402	0.1700507348287551
10413	0.13386614194734367
10452	0.020607800960696063
10738	0.050565483624547915
10739	0.05265128893426521
10771	0.047011830929428816
10773	0.0314891075160618
10873	0.011011073353154667
11127	0.042922752791654854
11567	0.02842065988909106
11636	0.024276896549370975
11673	0.05001203617076344
11897	0.06256145617840575
11991	0.06919685644641389
12057	0.04974166638228845
12060	0.08711117272409483
12183	0.043668499912654764
12405	0.04633497616677198
12564	0.03217217919195006
12566	0.018695443434775715
12576	0.054658212700827304
12624	0.09927300410356513
12649	0.0374668081094439
12739	0.021674923580923027
12766	0.028191616003120538
12790	0.05430753040663661
12829	0.02256844680675229
