51
t_index	tf-idf
190	0.09175695192170687
2002	0.150140800690887
2294	0.08686929812948624
2396	0.14332430142457359
2455	0.16739626350871425
2493	0.06990635075756786
2631	0.12270727717068979
2822	0.21867042096269984
2891	0.051562256451787955
3809	0.08817993564084743
3857	0.3754968163553195
4620	0.07046304295022195
4990	0.0568223347827356
5086	0.11768363151835726
5484	0.06159217037533301
5548	0.06600233289762311
5585	0.17732604061401863
5673	0.1602133789305271
5842	0.09469314356227349
5913	0.11489432702009506
6603	0.06465474686426685
7738	0.11580698061469065
8010	0.1441274315961306
8036	0.05514436578372617
8037	0.03964967141023359
8131	0.10581819966473631
8370	0.1243179361568153
8751	0.2835111872049958
8877	0.0685809986847014
8917	0.102179319485348
9070	0.1366217512761276
9319	0.1636764460935191
9426	0.19691900414030572
9845	0.3912472851166117
9891	0.02035214466894551
9998	0.030700517914870343
10171	0.10813528326426312
10179	0.12218167483029246
10750	0.13325172318493353
10771	0.13325172318493353
10773	0.08925365711387868
11400	0.13592940147366872
11623	0.06222157755474935
11673	0.1417555936024979
11876	0.03138113261221797
12183	0.12377528692718506
12188	0.12733456191074438
12405	0.13133322603885675
12564	0.09118977566258116
12624	0.09379411239695892
12829	0.03198433635909222
