51
t_index	tf-idf
190	0.09163199093699942
2002	0.14993632852931055
2294	0.08675099349089746
2396	0.1431291124447369
2455	0.16716829166040958
2493	0.06981114743787364
2631	0.12254016588522443
2822	0.2183726204085445
2891	0.05149203539272911
3809	0.08805984608514246
3857	0.37498543873276824
4620	0.07036708148846746
4708	0.08113489370117494
4990	0.05674495018397642
5086	0.117523361782163
5484	0.06150828988345554
5548	0.06591244634037442
5585	0.1770845457061635
5673	0.1599951892329056
5842	0.09456418386802949
5913	0.11473785595233355
6603	0.06456669554319569
7738	0.11564926663192937
8010	0.14393114885789213
8036	0.05506926635959445
8037	0.03959567373617204
8131	0.10567408909705575
8370	0.12414863136416908
8751	0.28312508199567127
8877	0.06848760032143435
8917	0.10204016459722007
9070	0.13643569029421437
9319	0.1634535401507115
9426	0.19665082617504398
9845	0.39071445741267924
9891	0.020324427705974573
9998	0.0306587078190757
10171	0.10798801713134001
10179	0.12201527934656906
10750	0.13307025174114187
10771	0.13307025174114187
10773	0.0891321052897596
11400	0.13574428338176286
11673	0.14156254099783563
11876	0.03133839560809643
12183	0.12360672115191754
12188	0.12716114886780422
12405	0.13115436733761499
12564	0.09106558709786325
12624	0.09366637706574515
12829	0.03194077787024817
