176
t_index	tf-idf
16	0.025385757595382398
190	0.08164265456205244
604	0.059992605148626456
686	0.07521915528416788
714	0.10811735067565294
743	0.04594920256995006
871	0.028175017286862957
872	0.03701999884931751
902	0.033621674440925106
918	0.026633584521814344
1003	0.12774601880825995
1132	0.07751403021710142
1206	0.03381068801199441
1301	0.015716589970139107
1343	0.05817131986117618
1420	0.052306620000285076
1488	0.02891490713790692
2002	0.04453029904820474
2167	0.02773058968600668
2294	0.05152917536090464
2613	0.0588638735228261
2631	0.1819689159328367
2807	0.07323124419589296
2822	0.032427758456255756
2918	0.07729376304135696
3000	0.032669832391880996
3061	0.045081740572552674
3214	0.08189713762702423
3216	0.03563016867867494
3242	0.058020066923415624
3300	0.037365033124712746
3305	0.03623789465200094
3761	0.04964810124425806
3809	0.026153310000142538
3854	0.12401935656305672
3857	0.11136869822864942
3981	0.02040871777901886
3986	0.06600338300559984
4079	0.06035383789081391
4130	0.0370970741144755
4148	0.031497004208559276
4163	0.04890358515979534
4289	0.05458108750161763
4304	0.026715158528774267
4514	0.04565439652018659
4564	0.02409663565325555
4587	0.016273930635293032
4618	0.048194535962915695
4682	0.03291590773030462
4836	0.034762706681277546
4920	0.055636840282962695
4949	0.01623342117078274
4990	0.016852951022299983
5309	0.08355027808716808
5414	0.02465584577354689
5515	0.023557672938541628
5590	0.0684903537524513
5769	0.019575649046000534
5892	0.06200967828152836
5899	0.07943154021652733
5946	0.03279236163518428
5983	0.06035383789081391
6031	0.1756661282167531
6298	0.031497004208559276
6369	0.08783306410837655
6388	0.04421744912996127
6554	0.011433803948930645
6580	0.06254626406922358
6587	0.04031533646558835
6660	0.07247578930400188
6708	0.051067823328117996
6726	0.028726458811210887
6738	0.1877386239568864
6745	0.05405867533782647
6799	0.0836320761996688
6828	0.03138464730526347
6909	0.038849016936851916
7002	0.08355027808716808
7073	0.469346559892216
7112	0.048194535962915695
7132	0.051259100579921314
7206	0.04974217284882121
7222	0.05003480399953879
7296	0.027384359685209567
7327	0.02014334142908285
7374	0.04927118949164639
7543	0.1168564668011138
7584	0.02939673621698855
7591	0.06543469385584862
7765	0.07147778234703477
7769	0.024514061663552036
7824	0.1877386239568864
7975	0.029996302574313228
7976	0.05817131986117618
8089	0.008783174150295524
8195	0.08022829116547175
8370	0.18435744476666494
8414	0.030515073495816045
8653	0.0321895578702092
8674	0.07147778234703477
8719	0.024373615159436174
8722	0.036393783186567344
8751	0.16817331320541304
8874	0.04274679234753088
8877	0.04068091240224286
8879	0.023757504382159043
8917	0.030305390888332815
8936	0.05259317641334272
8951	0.06387300940412997
8990	0.1033812887805065
8991	0.08549358469506176
9068	0.026391510586189097
9070	0.1620827226928376
9109	0.024234481258669123
9124	0.04227414252206759
9132	0.0938693119784432
9276	0.034762706681277546
9280	0.10644610777177613
9307	0.06040329356386855
9386	0.052135071991109526
9421	0.06980763763715908
9538	0.09130879304037318
9668	0.04204332830135326
9844	0.19034576646046888
9845	0.2030702342319547
9891	0.006036247870066658
9998	0.018210949154301683
10006	0.041371610498978126
10016	0.06600338300559984
10120	0.03787550207164057
10157	0.06387300940412997
10169	0.040728896920777954
10179	0.10871368395600282
10209	0.026153310000142538
10228	0.0440976323161847
10375	0.026074749295292222
10657	0.06200967828152836
10690	0.043998556129472136
10695	0.0731026427317654
10722	0.03138464730526347
10727	0.033943019719067394
10729	0.044262053610342515
10739	0.044262053610342515
10750	0.07904232633380172
10873	0.009256615154725414
10967	0.06490012139289275
10996	0.08022829116547175
11175	0.020733542716427886
11184	0.034762706681277546
11212	0.06490012139289275
11279	0.03840409791943413
11431	0.05568434911432471
11437	0.03207187173148089
11481	0.033166118981804334
11514	0.027906771849000735
11516	0.04672097669384378
11535	0.06210515321540601
11536	0.03462291956013253
11623	0.018454313837505905
11673	0.04204332830135326
11699	0.03563016867867494
11775	0.0180832735971067
11807	0.04204332830135326
12055	0.015873712473707977
12188	0.05664928615305185
12252	0.05626823646122519
12405	0.03895215560037126
12488	0.019882612890659155
12512	0.03932906735298293
12516	0.024373615159436174
12551	0.039715770108263666
12566	0.015716589970139107
12590	0.0321895578702092
12608	0.08355027808716808
12612	0.025163002032650254
12829	0.02845872786827077
