220
t_index	tf-idf
44	0.02843467282636352
91	0.027113856780566867
191	0.04313337432422638
360	0.07132893686405371
392	0.06080829956327936
542	0.06701299578429423
557	0.03950050399361482
607	0.06957361384979782
634	0.040022336017485664
647	0.05993612420588603
657	0.15405523962316497
758	0.031044283998274122
790	0.03711856497820446
865	0.03570639493772619
875	0.041310095938482255
982	0.04568507712222476
1005	0.04699379914427191
1042	0.06017730063858408
1123	0.028959341395206065
1193	0.13597669914632807
1203	0.06137705489743965
1261	0.08128829362847449
1265	0.04672339932916871
1329	0.05494177154599733
1497	0.031350739174061476
1515	0.05683671334769439
1654	0.036971637835760594
1694	0.05065214021908446
1710	0.035842162918802274
1737	0.02313236695723286
2117	0.058420457627134915
2130	0.04933807054524126
2277	0.03252716017125332
2349	0.0825452544406087
2360	0.08670159701916096
2449	0.10492346432790378
2529	0.05494177154599733
2530	0.04965666333780972
2577	0.23452156310124703
2621	0.10360032269026541
2626	0.041502773813636866
2664	0.03772007093353993
2697	0.11367342669538878
2702	0.03320705332147545
2737	0.044474851858667924
2801	0.0250350454314908
2891	0.03305356821099512
2971	0.06361336838942151
2986	0.13518575314533712
2994	0.05284942346050609
3009	0.05031342433411104
3115	0.031247937480640278
3139	0.08670159701916096
3167	0.013369358759221147
3242	0.06270147834812295
3365	0.02524535444296369
3369	0.04020011031558536
3378	0.07544014186707985
3381	0.05734749943204428
3432	0.03440823862846457
3522	0.04292027968201667
3716	0.06609340777146695
3761	0.05365401162500074
3808	0.02887069979201604
4010	0.058985021177535235
4100	0.04568507712222476
4144	0.0425023753995311
4219	0.05106022500225269
4277	0.06701299578429423
4342	0.03639699066843332
4426	0.027353390886870464
4457	0.014559043943028172
4505	0.04356822269493458
4553	0.05099814087225127
4564	0.026040898585476237
4572	0.037266846306944344
4708	0.0781226957564287
4737	0.041310095938482255
4739	0.05407191590748629
4949	0.05262969658752714
5195	0.03504422698110503
5248	0.07701005422468019
5324	0.09624654812246046
5345	0.04519001005258921
5362	0.03054615100956683
5415	0.051713299066172565
5418	0.05407191590748629
5450	0.03570639493772619
5469	0.03286351549422699
5474	0.03344022276915428
5556	0.034915002107397765
5560	0.07132893686405371
5561	0.04699379914427191
5583	0.04229742472625271
5718	0.29606628606844726
5725	0.03320705332147545
5842	0.030351137588167237
5846	0.09029162202410329
5934	0.02582000161029097
5970	0.17552069996947212
6000	0.0726166967850503
6216	0.15109992158738264
6273	0.07132893686405371
6348	0.014963573856005089
6362	0.06609340777146695
6385	0.058420457627134915
6388	0.023892590755635393
6560	0.04645746913773095
6609	0.04672339932916871
6612	0.026568434708070295
6671	0.03741650701668394
6701	0.040022336017485664
6739	0.13044710426591186
6756	0.08128829362847449
6769	0.04933807054524126
6995	0.058985021177535235
7063	0.06798834957316403
7119	0.0425023753995311
7170	0.08848671989424654
7215	0.025966928752734833
7296	0.029593896162612304
7313	0.0643983245682217
7340	0.027926575537922
7366	0.029779891416578295
7416	0.03145420197616269
7501	0.02240645088241572
7734	0.0726166967850503
7738	0.03711856497820446
7743	0.27538549974639875
7746	0.08670159701916096
7757	0.03611718517619565
7769	0.02649200506181133
7803	0.04169778723503646
7805	0.04619586320657466
7808	0.03263849909505807
7811	0.016121513047281297
7821	0.03642549895785301
7832	0.04897460393310765
7924	0.04470972333335498
8019	0.07013665740300486
8021	0.036538739693587466
8037	0.0635427543656429
8105	0.060509020417866606
8183	0.05065214021908446
8401	0.08128829362847449
8504	0.06957361384979782
8610	0.10144325824957293
8651	0.1181758534971464
8778	0.03950050399361482
8805	0.01924803355720874
8830	0.05539499617259291
8855	0.06080829956327936
8880	0.035305832912261324
8895	0.058985021177535235
8905	0.035842162918802274
8931	0.05634164627805885
8997	0.07969300929356328
9019	0.08128829362847449
9026	0.030351137588167237
9130	0.05099814087225127
9278	0.05494177154599733
9376	0.03517449822145311
9386	0.1126832925561177
9480	0.05099814087225127
9495	0.06448605218912519
9534	0.04726882140166528
9587	0.05539499617259291
9630	0.04965666333780972
9665	0.05031342433411104
9704	0.03984650464678164
9840	0.04754862689390295
9891	0.045663023095083445
9894	0.0239575945219671
9991	0.04401515171969662
9998	0.009840159574483255
10121	0.03015845971301263
10128	0.11725405171374316
10155	0.10492346432790378
10171	0.03465962515364919
10181	0.04754862689390295
10209	0.028263517911315556
10329	0.11137372445478687
10331	0.08128829362847449
10442	0.05031342433411104
10452	0.01872206542938034
10464	0.05634164627805885
10475	0.04189519351883063
10494	0.08376833301051993
10558	0.02664522917502521
10743	0.07554996079369132
10923	0.07913998579863364
10984	0.03850502711234009
11020	0.055861359558824604
11086	0.053246688342752056
11209	0.032750613906122994
11306	0.06881647725692915
11374	0.04356822269493458
11454	0.05359985323922989
11543	0.05065214021908446
11544	0.019006823487543
11592	0.012805958296497472
11739	0.10144325824957293
11777	0.041502773813636866
11876	0.010058310852882222
11889	0.015264300560918216
11969	0.07913998579863364
12074	0.08670159701916096
12196	0.025174945532861915
12215	0.053246688342752056
12298	0.06080829956327936
12557	0.06522355213295593
12564	0.058456469468646605
12566	0.05095409974378862
12612	0.10877322352672057
12766	0.025611916592994943
12788	0.051351746541054996
12795	0.04619586320657466
12834	0.048706462210016344
12835	0.03428400318270249
12850	0.03984650464678164
