53
t_index	tf-idf
222	0.09923452034739573
735	0.13709557287752028
1095	0.13171205515826515
1171	0.08019844784329414
1745	0.14901113280478243
2076	0.07068192299521496
2294	0.06277450885525411
2493	0.15154963591837403
2645	0.09629191966742956
2737	0.10027093896716921
2762	0.07674133947442502
2763	0.13171205515826515
2822	0.0790090893599944
3390	0.08754444519421996
3675	0.34066287760955544
4368	0.158126855962699
4417	0.08905600490143611
4428	0.1182777889995012
4429	0.10299945673546357
4620	0.10183765746682034
4673	0.20054187793433842
4744	0.09822689488959813
5128	0.1182777889995012
5533	0.140120005930367
5548	0.047695378231022156
5970	0.04946510403801289
6237	0.1668743304359086
6356	0.14901113280478243
6569	0.11053098995841276
7268	0.22995608786244826
7334	0.4470333984143473
7501	0.050516545306124684
7811	0.036346815858079445
8037	0.028652109578916708
8089	0.021399893928567837
8370	0.17967216386416246
8505	0.02961350814321051
8676	0.2140021617671231
8877	0.02477940194024461
9496	0.13171205515826515
9998	0.022185167547172324
10128	0.04405925810389792
10209	0.0637216170722485
11016	0.06589662289324164
11205	0.12386917080563956
11404	0.08368579563358484
11544	0.04285190300207252
11592	0.05774343967888695
12480	0.09773338817622794
12581	0.05372116264116123
12624	0.06777859918307617
12626	0.29037895361126964
12850	0.08983608193208123
