327
t_index	tf-idf
3	0.013213910619892423
82	0.024681796214516792
156	0.038567454928900374
190	0.01716161889946374
267	0.03346395917847251
554	0.02192178808411332
578	0.030176236907856584
589	0.04743411947532912
596	0.020373934640738185
631	0.02067926439488914
632	0.039164269347667646
685	0.04162254074026411
730	0.040279101086396076
847	0.05084668870242726
858	0.019721219624088845
872	0.031127018851534103
875	0.02410566071467982
902	0.031803358792713086
936	0.09014952786619361
1022	0.02285205966437115
1044	0.026089443678030247
1081	0.029758920985723112
1083	0.03805986848020455
1100	0.019721219624088845
1115	0.04888129568115683
1122	0.04314808462619165
1129	0.042373986676960414
1166	0.038567454928900374
1171	0.04151434814761363
1175	0.03206014592470396
1177	0.08324508148052823
1203	0.011938441256807502
1253	0.059930520668279245
1299	0.18973647790131648
1301	0.00991107389563109
1449	0.04743411947532912
1462	0.03586667767276399
1706	0.026658591412431182
1747	0.02825361417664392
1846	0.04162254074026411
1868	0.03548343823969536
2086	0.029758920985723112
2098	0.026806437970816204
2129	0.023884754935986637
2167	0.13989799266615593
2233	0.01891603534701721
2261	0.02791219246273986
2277	0.018980558366843796
2294	0.0162474641685374
2333	0.04162254074026411
2396	0.026806437970816204
2405	0.05268782742921687
2421	0.045074763933096805
2430	0.015109503598957175
2455	0.03130869998800766
2471	0.06633180083325521
2493	0.013074825669637405
2506	0.013498419132914096
2576	0.029758920985723112
2615	0.01328423351372754
2626	0.048436187887797265
2631	0.13770218928748423
2679	0.03910406168642309
2688	0.046180518425020446
2702	0.0193772960947323
2729	0.021321433465254353
2763	0.03409006196580097
2791	0.05538860468535325
2797	0.043190854916249424
2813	0.016795464207106373
2822	0.04089868234015933
2891	0.009643866500459265
2901	0.05268782742921687
2909	0.009153943391743316
2920	0.05059294183865254
2992	0.02192178808411332
3000	0.020601995955166406
3024	0.05268782742921687
3038	0.044085632834456115
3187	0.04512634682347302
3214	0.01721511227741477
3262	0.05059294183865254
3268	0.03232461587637195
3313	0.040926810471132696
3318	0.01689863076650767
3370	0.033165900416627606
3374	0.08638170983249885
3438	0.021746305172447498
3476	0.022191320350506236
3621	0.028429097088309745
3639	0.03910406168642309
3730	0.038567454928900374
3808	0.016846905773787103
3856	0.03287701416399297
3995	0.02808135131729225
4062	0.02825361417664392
4087	0.025169597487438904
4090	0.09697384762911582
4148	0.019862396155600124
4200	0.016542401380085916
4212	0.03206014592470396
4222	0.024922528953968834
4260	0.016592471165062805
4300	0.05059294183865254
4304	0.016846905773787103
4330	0.024922528953968834
4426	0.031923022454212184
4457	0.008495632015558217
4564	0.015195633216191919
4587	0.010262539737004814
4617	0.02285205966437115
4620	0.01317894572871247
4682	0.04151434814761363
4708	0.060782532864767674
4768	0.040279101086396076
4859	0.01460868820171238
4968	0.025169597487438904
5024	0.02916579351304853
5041	0.02265848450885211
5086	0.044021550248230984
5216	0.017710784939702212
5246	0.04888129568115683
5248	0.022468820231302512
5314	0.01563854848540662
5337	0.030176236907856584
5351	0.044085632834456115
5414	0.015548277958844267
5447	0.03346395917847251
5515	0.02971151347036489
5556	0.04074786928147637
5578	0.024801390983811233
5585	0.06633180083325521
5612	0.025169597487438904
5672	0.033165900416627606
5690	0.020373934640738185
5725	0.0387545921894646
5727	0.03107101482606327
5769	0.012344643756595651
5842	0.08855392469851105
5855	0.04609942076856467
5896	0.02542334435121363
5912	0.04888129568115683
5913	0.02148908189225464
5934	0.015066733308899407
5970	0.01280268886378268
5978	0.019445080233466656
6213	0.026658591412431182
6315	0.026658591412431182
6353	0.021075443957408124
6391	0.018234094156149183
6552	0.05538860468535325
6554	0.02163088991848412
6556	0.017997904027638942
6580	0.019721219624088845
6587	0.12711672175606817
6601	0.03390128465149355
6603	0.012092600097185153
6620	0.020373934640738185
6630	0.052178887356060494
6631	0.04888129568115683
6649	0.05538860468535325
6909	0.048997330637920215
6927	0.05268782742921687
6932	0.05538860468535325
7002	0.10537565485843374
7047	0.05268782742921687
7056	0.04776950987197327
7057	0.032596752682226664
7112	0.06078412788036612
7119	0.024801390983811233
7132	0.03232461587637195
7165	0.022468820231302512
7179	0.023150118426216053
7206	0.07842005673154906
7249	0.05538860468535325
7543	0.14738223493120106
7566	0.03155255947600813
7738	0.021659778638927738
7754	0.033693811547574205
7769	0.015458867164641761
7832	0.014289063717079947
7862	0.016008569282677944
7975	0.01891603534701721
7985	0.038567454928900374
7994	0.03180292264451109
8018	0.026089443678030247
8035	0.040156446375853215
8036	0.010313840752256456
8037	0.007415814671045298
8089	0.016616331190258554
8103	0.012937771229270232
8108	0.03586667767276399
8113	0.04743411947532912
8114	0.05538860468535325
8140	0.02067926439488914
8370	0.16276128387068683
8449	0.040926810471132696
8494	0.042373986676960414
8500	0.03441950146693628
8505	0.015329292772992597
8596	0.03346395917847251
8668	0.05538860468535325
8709	0.016443055877050954
8713	0.046180518425020446
8751	0.5832868171087525
8805	0.011231795903979509
8865	0.020078223187926608
8877	0.019240410756708612
8879	0.029963545776116433
8880	0.020601995955166406
8919	0.05059294183865254
8929	0.026658591412431182
8937	0.03548343823969536
8988	0.046180518425020446
8991	0.02695665017427609
9000	0.019933788609382837
9008	0.02256317341173651
9026	0.017710784939702212
9028	0.03441950146693628
9070	0.2299755322845678
9109	0.030565120682451777
9173	0.04743411947532912
9178	0.02325161198152669
9225	0.02808135131729225
9280	0.02237540590405495
9301	0.045074763933096805
9305	0.046180518425020446
9306	0.019933788609382837
9319	0.0918389091566287
9421	0.044021550248230984
9426	0.05524565984931723
9443	0.011260201560839372
9446	0.03107101482606327
9497	0.025684140633325886
9509	0.027746027727948097
9510	0.024801390983811233
9534	0.027582752961604548
9580	0.014407651345631062
9714	0.03910406168642309
9770	0.05538860468535325
9844	0.040011456274221036
9845	0.1280585738573037
9891	0.03806531748060035
9910	0.040279101086396076
9986	0.03278754919255029
9998	0.005742023655283634
10026	0.024447082428583882
10049	0.03967320942082402
10050	0.04743411947532912
10051	0.04162254074026411
10120	0.0716542648079599
10128	0.011403533542349764
10133	0.023150118426216053
10179	0.0457041193287423
10211	0.01577560292577379
10217	0.01436795546226034
10224	0.019110950218903827
10340	0.09236103685004089
10375	0.016443055877050954
10452	0.021849755942990434
10620	0.03232461587637195
10695	0.023049710384282336
10705	0.06575402832798594
10708	0.037120278723072664
10739	0.02791219246273986
10750	0.07476758686190649
10772	0.03586667767276399
10807	0.05268782742921687
10873	0.01751200425719769
10880	0.020601995955166406
10920	0.019513357352085592
10948	0.010135500417823209
11101	0.04743411947532912
11127	0.04550954634546763
11132	0.022950364881247378
11200	0.038567454928900374
11279	0.0726542818316959
11305	0.0108701369275938
11372	0.04151434814761363
11377	0.03548343823969536
11381	0.06035247381571317
11401	0.017432186975691637
11439	0.03967320942082402
11457	0.03511523173606769
11459	0.03757832383025969
11486	0.046180518425020446
11535	0.019582134673833823
11567	0.030133466617798813
11592	0.022417964335987597
11623	0.011637516056866982
11660	0.015195633216191919
11673	0.026513037141306938
11734	0.03441950146693628
11777	0.12109046971949315
11876	0.005869321367431053
11889	0.008907170075720481
11913	0.04743411947532912
11974	0.040279101086396076
11982	0.02791219246273986
11991	0.036683545912053
12019	0.05059294183865254
12055	0.010010157268455371
12057	0.052739410319593095
12179	0.05538860468535325
12183	0.023150118426216053
12236	0.036683545912053
12294	0.03548343823969536
12342	0.03586667767276399
12387	0.036588163959229626
12405	0.024563705821866847
12434	0.016744302977330268
12489	0.016055864407540088
12504	0.021574042313095825
12516	0.01537029988106943
12564	0.017055537969309864
12566	0.029733221686893265
12581	0.013904253191642174
12649	0.019862396155600124
12685	0.03130869998800766
12690	0.024922528953968834
12748	0.028112579828182712
12759	0.04743411947532912
12766	0.03736327389331267
12787	0.08474797335392083
12792	0.03061296971887624
12829	0.0059821406427641895
12839	0.017710784939702212
