336
t_index	tf-idf
3	0.012800575318766513
82	0.023909741826976316
156	0.037361052747497785
190	0.016624798035476715
267	0.03241719595736547
554	0.021236067623334305
578	0.02923231467862803
589	0.04595036522414914
596	0.019736631524946584
631	0.020032410467872536
632	0.037939198622592145
685	0.04032057450896515
730	0.03901915807213328
847	0.04925618820710575
858	0.01910433364034217
872	0.03769169482820476
875	0.02335162802769148
902	0.030808539676590713
936	0.0873296221381469
1022	0.022137240014501517
1035	0.03788087427602304
1044	0.025273357632871727
1081	0.02882805253045304
1083	0.03686934376336596
1100	0.01910433364034217
1115	0.04735227330080414
1122	0.041798398899914324
1129	0.041048514979228484
1157	0.015599679591307142
1166	0.037361052747497785
1171	0.04021576621481261
1175	0.031057294425922134
1177	0.0806411490179303
1203	0.01156500304053654
1253	0.058055875037653845
1299	0.18380146089659655
1301	0.009601052371271394
1449	0.04595036522414914
1462	0.03474475665765283
1706	0.025824702246232206
1747	0.027369832194191437
1846	0.04032057450896515
1868	0.03437350507519311
2086	0.02882805253045304
2098	0.02596792411753644
2129	0.02313763225158445
2167	0.13552193923360692
2233	0.018324335781977216
2261	0.027039090259422176
2277	0.018386840501347805
2294	0.01573923835349934
2333	0.04032057450896515
2396	0.02596792411753644
2405	0.05103973553253483
2421	0.04366481106907345
2430	0.014636873550246522
2455	0.03032935395565881
2471	0.06425692113561572
2493	0.03799752296916125
2506	0.013076184315567327
2576	0.02882805253045304
2615	0.012868698490253301
2626	0.04692108861992006
2631	0.13339482127871663
2679	0.03788087427602304
2688	0.04473597721095918
2702	0.018771168147698605
2729	0.02065449228672618
2763	0.03302371405159433
2791	0.05365603162237979
2797	0.04183983132177934
2813	0.0162700967776383
2822	0.03961935862842831
2891	0.009342203307885176
2901	0.05103973553253483
2909	0.008867605148875244
2920	0.049010378625439624
2992	0.021236067623334305
3000	0.01995755900936899
3024	0.05103973553253483
3038	0.04270662030386397
3187	0.08742956086066654
3214	0.03335323624731221
3262	0.049010378625439624
3268	0.03131349167390263
3313	0.03964660690257348
3318	0.01637003625445043
3370	0.03212846056780786
3374	0.08367966264355868
3438	0.02106607387261578
3476	0.02149716883523492
3522	0.024261827120214647
3621	0.027539825944909963
3639	0.03788087427602304
3730	0.037361052747497785
3808	0.016319929235852505
3856	0.03184861076847299
3995	0.02720295777153282
4062	0.027369832194191437
4087	0.024382284521886753
4090	0.09394047502170788
4148	0.019241094125321673
4200	0.016024949835840557
4212	0.031057294425922134
4222	0.024142944370242336
4260	0.01607345342211624
4300	0.049010378625439624
4304	0.016319929235852505
4330	0.024142944370242336
4426	0.03092446022093227
4457	0.008229885960630364
4564	0.014720309005828467
4587	0.0099415242500281
4617	0.022137240014501517
4620	0.012766704140435119
4682	0.04021576621481261
4708	0.05888123602331387
4768	0.03901915807213328
4859	0.014151723816935993
4968	0.024382284521886753
5024	0.028253478272612143
5041	0.021949719951036492
5086	0.04264454224119255
5216	0.01715678598838437
5246	0.04735227330080414
5248	0.021765988432041788
5314	0.015149369745415996
5337	0.02923231467862803
5351	0.04270662030386397
5414	0.01506192290945915
5447	0.03241719595736547
5515	0.028782127937160805
5556	0.03947326304989317
5578	0.02402559563408315
5585	0.06425692113561572
5612	0.024382284521886753
5672	0.03212846056780786
5690	0.019736631524946584
5725	0.03754233629539721
5727	0.030099103660712653
5769	0.01195849939773014
5842	0.08578392994192184
5855	0.04465741631483242
5896	0.024628094103552874
5912	0.04735227330080414
5913	0.020816896617935995
5934	0.01459544112838151
5970	0.012402216709175656
5978	0.037673663954293383
6213	0.025824702246232206
6315	0.025824702246232206
6353	0.02041619740844301
6391	0.017663725927122106
6552	0.05365603162237979
6554	0.020954268844279304
6556	0.017434923900491697
6580	0.01910433364034217
6587	0.12314047051776435
6601	0.03284084175135122
6603	0.011714339743657353
6620	0.019736631524946584
6630	0.050546715265743454
6631	0.04735227330080414
6649	0.05365603162237979
6798	0.013918521273669965
6909	0.04746467864744115
6927	0.05103973553253483
6932	0.05365603162237979
7002	0.10207947106506966
7047	0.05103973553253483
7056	0.0462752645031689
7057	0.031577115954447385
7112	0.05888278114632021
7119	0.02402559563408315
7132	0.03131349167390263
7165	0.021765988432041788
7179	0.022425975404059117
7206	0.07596705256829632
7249	0.05365603162237979
7543	0.142772072034822
7566	0.030565585441790298
7574	0.014889512042216233
7738	0.02098225391641568
7754	0.03263985847170501
7769	0.01497530891316218
7832	0.01384209728721661
7862	0.01550781617518458
7975	0.018324335781977216
7985	0.037361052747497785
7994	0.03080811717124234
8018	0.025273357632871727
8035	0.038900340039707514
8036	0.00999122055330635
8037	0.007183845643985585
8089	0.01609656709818168
8103	0.012533073655571034
8108	0.03474475665765283
8113	0.04595036522414914
8114	0.05365603162237979
8140	0.020032410467872536
8370	0.18019435367101908
8449	0.03964660690257348
8494	0.041048514979228484
8500	0.03334284858099783
8505	0.014849787649442446
8596	0.03241719595736547
8668	0.05365603162237979
8709	0.015928711891543778
8713	0.04473597721095918
8751	0.5907251220505286
8775	0.02065449228672618
8805	0.010880461777716597
8865	0.019450170019853757
8877	0.01863856462631795
8879	0.029026276592720675
8880	0.01995755900936899
8919	0.049010378625439624
8929	0.025824702246232206
8937	0.03437350507519311
8988	0.04473597721095918
8991	0.02611343763578981
9000	0.019310253400582813
9006	0.028632466478991873
9008	0.021857390215166635
9026	0.01715678598838437
9028	0.03334284858099783
9070	0.2227818249391183
9109	0.029609034045827178
9173	0.04595036522414914
9178	0.022524294208877384
9225	0.02720295777153282
9280	0.021675496134478927
9301	0.04366481106907345
9305	0.04473597721095918
9306	0.019310253400582813
9319	0.08896615904780142
9421	0.06396681336178883
9426	0.05351755814600005
9443	0.010907978896650813
9446	0.030099103660712653
9495	0.009113113087035819
9497	0.024880732595522582
9509	0.02687812321005961
9510	0.02402559563408315
9534	0.02671995573001867
9580	0.01395697545726093
9714	0.03788087427602304
9770	0.05365603162237979
9844	0.05813982791142895
9845	0.14177469850005997
9891	0.047937009012499025
9910	0.03901915807213328
9986	0.03176194428961704
9998	0.005562411340284633
10026	0.023682369962460748
10049	0.03843221888938352
10050	0.04595036522414914
10051	0.04032057450896515
10120	0.06941289675475336
10128	0.01104682740847212
10133	0.022425975404059117
10179	0.044274480029003034
10211	0.015282137079565378
10217	0.013918521273669965
10224	0.018513153655058356
10340	0.08947195442191835
10375	0.015928711891543778
10452	0.021166288670355204
10620	0.03131349167390263
10695	0.02232870815741621
10705	0.06369722153694599
10708	0.035959144670842796
10739	0.027039090259422176
10750	0.07242883311072702
10772	0.03474475665765283
10807	0.05103973553253483
10873	0.01696422322846345
10880	0.01995755900936899
10920	0.018902973365912734
10948	0.009818458760907804
11101	0.04595036522414914
11127	0.044085993350149996
11132	0.02223247021311944
11200	0.037361052747497785
11279	0.07038163292988009
11305	0.010530115608433139
11372	0.04021576621481261
11377	0.03437350507519311
11381	0.05846462935725606
11401	0.016886902656753255
11437	0.01959227292457775
11439	0.03843221888938352
11457	0.0340168161873895
11459	0.036402861982288315
11486	0.04473597721095918
11535	0.018969599311296072
11567	0.02919088225676302
11592	0.02171672332520795
11623	0.011273490875973038
11660	0.014720309005828467
11673	0.025683700958718636
11734	0.03334284858099783
11777	0.11730272154980015
11876	0.005685727139757095
11889	0.008628550980182994
11913	0.04595036522414914
11974	0.03901915807213328
11982	0.027039090259422176
11991	0.03553607300020368
12019	0.049010378625439624
12055	0.009697036384873339
12057	0.05108970489379467
12179	0.05365603162237979
12183	0.022425975404059117
12236	0.03553607300020368
12294	0.03437350507519311
12342	0.03474475665765283
12387	0.03544367462501499
12405	0.023795345339137
12434	0.016220535887301726
12489	0.015553631893590983
12504	0.020899199449957162
12516	0.029779024084432466
12564	0.016522035350350385
12566	0.028803157113814183
12581	0.013469323756653679
12649	0.019241094125321673
12685	0.03032935395565881
12690	0.024142944370242336
12748	0.027233209444731246
12759	0.04595036522414914
12766	0.03619453887534658
12787	0.08209702995845697
12792	0.02965538634926714
12829	0.00579501739249548
12839	0.01715678598838437
