193
t_index	tf-idf
410	0.06938814977634451
585	0.06388047035674607
596	0.038537976447922846
638	0.04961213611235502
665	0.05833337286769769
742	0.04691265769051339
748	0.1068853058486843
758	0.034265611151563624
854	0.04497351490055547
855	0.08169694165013605
858	0.03730334423856349
871	0.03360783843511736
1005	0.05187013648315504
1023	0.030460115948613694
1035	0.07396663604074927
1159	0.10476939189641542
1202	0.07504319795039018
1301	0.018747126615382873
1507	0.16929530421070216
1511	0.02341080886814628
1561	0.039262886609163015
1565	0.05968271791383489
1589	0.047141794198664745
1737	0.025532709699984914
2098	0.050705270895803255
2277	0.035902358783818526
2294	0.030732620012119478
2464	0.03129050357819049
2535	0.0606428345996915
2615	0.05025514092472719
2631	0.08682276024349722
2640	0.04017374436469402
2702	0.07330560283923285
2816	0.07396663604074927
2833	0.09617820643003738
2836	0.08338944390588696
2878	0.0579054525711526
2909	0.0519449670950512
2917	0.10141054179160651
2918	0.061465240024238955
2991	0.04559666069736106
3238	0.03602525085210843
3285	0.04737392604004337
3293	0.04559666069736106
3294	0.06239259469332477
3438	0.08226772210110123
3439	0.09077301274974292
3486	0.09966078169797322
3608	0.07295162647348302
3808	0.03186648378818297
3820	0.07873042311344579
3900	0.17790599063082754
3901	0.04624247124899281
4011	0.03691016582290019
4200	0.03129050357819049
4236	0.06165784416695774
4260	0.06277042449065806
4304	0.03186648378818297
4336	0.10961862848001826
4353	0.036652801419616424
4560	0.09966078169797322
4587	0.019411935968900028
4617	0.04322543252745777
4684	0.05833337286769769
4742	0.07618926223053761
4859	0.05526564129904777
4895	0.023902406572607733
4949	0.03872723061016617
4970	0.029580835701967474
4990	0.08041042166479773
5178	0.1849735325008732
5484	0.0217900778367671
5594	0.0391155178547158
5683	0.06448248844969635
5780	0.057487601927837716
5805	0.09966078169797322
5823	0.07504319795039018
5890	0.07618926223053761
5893	0.0956982357796785
5934	0.0854976847100255
6051	0.191396471559357
6218	0.06711810611380066
6428	0.3344323799365696
6554	0.04091554925082206
6559	0.061465240024238955
6560	0.05127815389937022
6660	0.04322543252745777
6708	0.02030497607354618
6760	0.057160259331755635
6798	0.027177466649089602
6799	0.04987917622720364
6858	0.07021424444494413
6985	0.029240962494858913
7001	0.020458282058768713
7206	0.029666830218669178
7343	0.1858565756612793
7483	0.03986490470211328
7501	0.0494629370911663
7547	0.05628999092645768
7591	0.026017359004828964
7651	0.03868061041151528
7726	0.021138341093524995
7766	0.09966078169797322
7811	0.035588741378845226
7926	0.04883429645441565
7947	0.07108065203209542
7994	0.06015628819180673
8023	0.047141794198664745
8036	0.01950897354914087
8037	0.014027260623652895
8089	0.020953562852170107
8103	0.024472225503525277
8108	0.06784301627504083
8111	0.057487601927837716
8112	0.06239259469332477
8299	0.0956982357796785
8380	0.089723217994085
8388	0.061648783926239244
8505	0.02899586821426547
8724	0.027709861260579866
8731	0.05015029344756798
8754	0.04341138012174861
8805	0.021245316314598507
8877	0.0485251709870367
8879	0.02833852276887433
8933	0.0425005223662176
8938	0.04232382605267554
8992	0.06859878280024921
9026	0.033500540024101154
9029	0.06114308832820719
9124	0.05042561420280711
9372	0.055168070542613704
9389	0.05015029344756798
9495	0.017794370689422613
9502	0.04961213611235502
9539	0.032461774154969925
9553	0.07131819398694567
9606	0.059221449564304925
9733	0.11196957357176476
9789	0.08338944390588696
9826	0.10323212182089617
9840	0.052482536238485554
9941	0.053774584700704495
9998	0.0325836873867657
10102	0.04691265769051339
10131	0.031009371062796186
10173	0.052482536238485554
10185	0.09922427222471004
10189	0.054457662491608404
10190	0.1349205447016664
10191	0.09617820643003738
10279	0.07741442612029348
10452	0.020664770815553152
10477	0.03307771450107993
10541	0.0765122003290475
10618	0.06165784416695774
10660	0.040330202055176276
10766	0.06784301627504083
10853	0.03784150157377645
10890	0.03541912262536001
10920	0.03691016582290019
11016	0.03226111853984542
11132	0.04341138012174861
11242	0.05877186015830388
11357	0.05707935790255299
11537	0.03449039684920795
11544	0.020979076949778006
11589	0.09246060002262389
11592	0.028269551163448786
11623	0.022012749506671342
11660	0.02874304670762704
11775	0.021570163781690164
11783	0.18989458247729502
11876	0.022204033988709494
12055	0.018934546117585837
12166	0.05668028868139674
12385	0.05968271791383489
12419	0.22393914714352953
12434	0.06334481435774923
12488	0.0237164589783169
12489	0.03037020267806277
12566	0.018747126615382873
12576	0.05480931424000913
12590	0.03839647902201172
12591	0.07793872405115737
12666	0.06966600464974644
12698	0.08395124418492142
12748	0.05317588175347177
12766	0.028269551163448786
12767	0.055168070542613704
12829	0.0226308368279575
12868	0.11352450472132933
12905	0.07021424444494413
