46
t_index	tf-idf
76	0.1447771784687792
91	0.07536922472840066
320	0.19060060406591003
557	0.10980077037633454
647	0.08330314737555967
871	0.08463821519600992
1203	0.05687056475919764
1301	0.04721289468952066
1654	0.1027712030483855
1737	0.06430175455338018
1740	0.1313946020922466
2157	0.07976401159379942
2158	0.1768280439287845
2577	0.05926425717261186
2878	0.14582949644920967
2928	0.12362811870057352
3115	0.08686085647414683
4200	0.0788022228967597
4262	0.14176110655294913
5474	0.0929548195689583
5583	0.23515091456191592
6348	0.04159470819000505
6554	0.03434733506232142
6909	0.0583515428256337
7340	0.077628364147769
7420	0.38992206356232023
7501	0.062283903230359816
7939	0.1427440351467302
8401	0.22595957926073496
8421	0.24100710581063106
8761	0.08252082799677135
9480	0.14176110655294913
9894	0.06659566509078124
10329	0.38698622512493736
10331	0.22595957926073496
10873	0.027807024126214053
11134	0.09530030203295502
11416	0.19496103178116012
11744	0.1329639368220104
11876	0.027959397189201436
12055	0.04768489327372024
12070	0.2018548738130556
12196	0.06997957327676964
12577	0.2199878616654312
12829	0.02849682881581855
12834	0.06769542831440979
