250
t_index	tf-idf
190	0.020269662030518262
250	0.027830180091268475
320	0.02362885170619487
554	0.07767575509735349
569	0.03357772907023566
632	0.023128543641480554
633	0.02699066613771011
729	0.04940549958092127
775	0.03422383109640873
865	0.024609177243690047
871	0.02098528328747538
872	0.009191064022489774
901	0.023714475923090474
902	0.025042056072528573
918	0.0198371951456369
982	0.03148657718745529
1011	0.08768584229764387
1022	0.02699066613771011
1100	0.023292817475535268
1116	0.019304855433258942
1157	0.03803958790060597
1171	0.02451638773996125
1177	0.14748168665189165
1273	0.02078548903546844
1301	0.011706012084338484
1389	0.059755541607511085
1515	0.039172387891906454
1582	0.05323799790576958
1747	0.033370465447122064
1999	0.027583763706153223
2002	0.033167005041671735
2057	0.011971083216739693
2086	0.035148389805600075
2121	0.05307604078391513
2157	0.019776768396697748
2167	0.020654265243731696
2242	0.05206973090305992
2271	0.026538020391957566
2294	0.03837989987756916
2298	0.0419096418008599
2317	0.036424310867414815
2333	0.04916056221729721
2415	0.06222982000525994
2429	0.036978840463100876
2464	0.019538301550210864
2471	0.039172387891906454
2526	0.059755541607511085
2569	0.06541971965996593
2590	0.037866376496867256
2702	0.06865982373920067
2721	0.036698109494157596
2822	0.14491682982561624
2891	0.011390412278520787
2918	0.03837989987756916
2986	0.023292817475535268
3000	0.024333106195382082
3038	0.05206973090305992
3167	0.009214285561842967
3377	0.0500480982510636
3437	0.06222982000525994
3471	0.030492932391915927
3621	0.03357772907023566
3761	0.036978840463100876
3808	0.01989795300170206
3856	0.07766236618825313
3881	0.025085142200957436
3919	0.10908801860161757
3939	0.024609177243690047
4059	0.027706287394667226
4085	0.05101290484832292
4090	0.07635748619273419
4123	0.0500480982510636
4128	0.03148657718745529
4162	0.03422383109640873
4222	0.02943610633717892
4262	0.035148389805600075
4298	0.018101991581925048
4336	0.03422383109640873
4344	0.0761425416542274
4353	0.02288660791306689
4457	0.0301026827421969
4598	0.038609710866517884
4617	0.02699066613771011
4634	0.04618597575483405
4668	0.10413946180611984
4684	0.036424310867414815
4726	0.036424310867414815
4730	0.036424310867414815
4825	0.04555218720131841
4889	0.03148657718745529
4895	0.05970021239502966
4921	0.024892297670888137
4949	0.012090957692246586
4970	0.03694151400331709
4990	0.012552395188691308
5024	0.03444784439187428
5086	0.025997021342170745
5093	0.031838615675387205
5216	0.020918284406966654
5241	0.059755541607511085
5314	0.018470757001658546
5329	0.05975351653564197
5347	0.038831183094126566
5362	0.021052689458512488
5414	0.03672827618753119
5484	0.04081824159653959
5515	0.017546198292467202
5521	0.05323799790576958
5556	0.02406374199420871
5585	0.039172387891906454
5690	0.04812748398841742
5728	0.03726686395515378
5734	0.09832112443459443
5797	0.029012298789706428
5868	0.039524426379838364
5927	0.05323799790576958
5934	0.017795383632769404
6440	0.059755541607511085
6554	0.017032224859265012
6580	0.023292817475535268
6587	0.030027621560847536
6623	0.04757381985331474
6668	0.029293029758649707
6671	0.02578780228637621
6696	0.04642075268984408
6708	0.012678758732770258
6827	0.021968432785507547
6947	0.024242589113218468
7054	0.04555218720131841
7133	0.015565709587449891
7179	0.02734270462564202
7228	0.05602464290301828
7472	0.025380847218075802
7484	0.0699156307097111
7501	0.015442732937029394
7543	0.11604919515882571
7551	0.03131466241064603
7591	0.016245663944211886
7743	0.017254384582982576
7769	0.018258534619467394
7821	0.025104790377382617
7868	0.05602464290301828
7906	0.035148389805600075
7921	0.048338832198567105
7926	0.030492932391915927
8003	0.035148389805600075
8010	0.031838615675387205
8012	0.03490992295911319
8036	0.012181721754196346
8037	0.008758850662261482
8103	0.015280857346952562
8131	0.023375876148460952
8136	0.054544009300808785
8239	0.0699156307097111
8293	0.04438392019860876
8370	0.13731289550574455
8397	0.03615711044437077
8407	0.02860409511141782
8414	0.022728201204916844
8449	0.048338832198567105
8539	0.05036567387711799
8596	0.039524426379838364
8645	0.017896647176642036
8651	0.03257915597144651
8653	0.023975388690174414
8719	0.01815392741920913
8746	0.04065302149411595
8751	0.6889225730342127
8799	0.041474751512846054
8805	0.013265922539308805
8875	0.04757381985331474
8877	0.015149954700331068
8879	0.017695036513624637
8880	0.024333106195382082
8917	0.15800417956020504
8929	0.03148657718745529
8967	0.03490992295911319
8970	0.04916056221729721
8990	0.03850016505038288
9000	0.023543883620012702
9029	0.038178743096367096
9051	0.04283420051005124
9068	0.019656893921190858
9070	0.18108339475449653
9109	0.036100595741271266
9178	0.027462579101148913
9225	0.033167005041671735
9260	0.018050297870635633
9421	0.025997021342170745
9426	0.08700118253091102
9495	0.02222219144267784
9554	0.039888009148863576
9580	0.01701693908600947
9844	0.07088655511858462
9845	0.10803609527099273
9891	0.0539509325969422
9997	0.026318443296186534
9998	0.013563857762565423
10120	0.056420773945671306
10128	0.06734381301997425
10131	0.019362757815428278
10178	0.022649838468954315
10179	0.02699066613771011
10211	0.09316316295867687
10366	0.03467647684216127
10635	0.04438392019860876
10665	0.024797118708904525
10695	0.027224112254662026
10722	0.023375876148460952
10727	0.025281400085213623
10739	0.03296721078966479
10773	0.01971666916562096
10873	0.027578004915102428
10993	0.041474751512846054
11065	0.036978840463100876
11127	0.02687576064323574
11199	0.031838615675387205
11306	0.023714475923090474
11381	0.07128256687884119
11391	0.06541971965996593
11514	0.02078548903546844
11516	0.017399331496506274
11535	0.023128543641480554
11567	0.05338615089830821
11577	0.026210264087019146
11592	0.008825984758288732
11636	0.04560239162584718
11660	0.017947627868694367
11663	0.03943333833124192
11673	0.03131466241064603
11751	0.030180565792416087
11775	0.013468762603994848
11867	0.03131466241064603
11876	0.0138645615152361
11889	0.021040593913764342
12055	0.03546911964877623
12387	0.021607219054198542
12405	0.029012298789706428
12467	0.026538020391957566
12470	0.038831183094126566
12480	0.029876758267820984
12516	0.03630785483841826
12537	0.01417301709318206
12566	0.023412024168676968
12584	0.021326488085255266
12649	0.09383824674089697
12680	0.04555218720131841
12721	0.03615711044437077
12766	0.026477954274866197
12829	0.014131064179690688
