68
t_index	tf-idf
190	0.06751184624394978
902	0.04170359221223016
1122	0.08486981537316998
1269	0.13540238274967267
1301	0.03898903133055698
1420	0.06487999145684281
1681	0.12716134239576618
1747	0.11114648724597113
2002	0.1104688248562967
2086	0.23413638418887953
2233	0.0744135199233943
2294	0.06391566607009642
2615	0.052258655532522194
2822	0.08044536969106277
3167	0.03068987678050019
3305	0.08989738948618652
3621	0.11183681695322237
3857	0.13813930606862188
3881	0.08355069071841614
4162	0.11398877886473459
4457	0.03342084483634967
4540	0.11787990749529903
4617	0.08989738948618652
4684	0.12131788241561829
4889	0.10487185008942089
5329	0.09951005139641261
5414	0.061165147476179405
5484	0.04531755958675147
6061	0.10980337326654598
6554	0.028364482450664672
6978	0.2328668975050544
7133	0.051844465426393836
7179	0.09106991857095507
7327	0.04997072339310169
7501	0.05143486902057885
7832	0.05621154264576094
8370	0.09146918261131307
8751	0.5214962811579433
8877	0.025229858563788884
8882	0.09901431826150021
8917	0.07518029274002407
9070	0.10052193836607883
9203	0.146026931629565
9225	0.1104688248562967
9280	0.08802228810055482
9453	0.16100139223279938
9580	0.05667805281546454
9844	0.07870024674846199
9845	0.2159004794974023
9891	0.014974460603234386
10179	0.08989738948618652
10228	0.054697742043463435
10320	0.2072678880219277
10419	0.07758102279303351
10746	0.1085073959419344
10750	0.09804237890420153
10775	0.1341064054250611
11127	0.08951467555322312
11359	0.19229342741869332
11592	0.029396569368344713
11623	0.045780657366610716
11777	0.09527121212982452
11889	0.03503978850384226
12405	0.09663080973551438
12566	0.03898903133055698
12649	0.07813639512384209
12791	0.17731896681545894
12829	0.023533057204562363
