326
t_index	tf-idf
102	0.026489194457390813
189	0.018595162083636055
240	0.05038772810830957
278	0.0202892276600327
551	0.03445948221857452
562	0.06413982054901975
607	0.02199475442860006
612	0.021521540482076263
632	0.021217868217252387
639	0.022491060928566994
645	0.02872772235884289
652	0.06001532184954713
697	0.031602068595634955
714	0.036937670706291816
716	0.02857241757998909
717	0.06279312258907284
748	0.030613693156863426
801	0.037294628925458116
841	0.025998869883749207
865	0.02257618498534206
872	0.008431779718968677
890	0.03181181345789583
918	0.03639684356477699
977	0.057754995151980765
982	0.02888543505945562
1001	0.04591356765372148
1077	0.03929561824998044
1105	0.021143345792935725
1116	0.01771005926207018
1122	0.0701284912503986
1161	0.05481906801969091
1163	0.03974779337737453
1206	0.023102453997172465
1301	0.010738965047051198
1323	0.043643692222305464
1348	0.06413982054901975
1387	0.06085408169609139
1389	0.05481906801969091
1420	0.017870255729127444
1524	0.03593631215736844
1737	0.029251936326034483
1740	0.02988679360837899
1742	0.06413982054901975
1774	0.03181181345789583
1905	0.0548172102413234
1921	0.16495633131519766
1975	0.03531962241307804
1989	0.03181181345789583
2057	0.010982138350250442
2087	0.020566041079050155
2088	0.04298718925528127
2098	0.02904563152651288
2121	0.024345684196623595
2426	0.06413982054901975
2436	0.05841678249109742
2437	0.030803834495186488
2453	0.03181181345789583
2514	0.032468316424920034
2537	0.2602318671279946
2553	0.043643692222305464
2560	0.03766457025477625
2689	0.04750591479454732
2695	0.05708894345110692
2702	0.02099591907587543
2716	0.02266202739707827
2773	0.04679867047528735
2793	0.03804847488817172
2818	0.043643692222305464
2872	0.026743514339346856
2899	0.03929561824998044
2909	0.049592949846711455
2913	0.06493663284984007
2918	0.017604646241821783
2928	0.028120242452594996
2958	0.04776819092177808
3057	0.04679867047528735
3073	0.03974779337737453
3093	0.025531097106343152
3115	0.019757223270612894
3133	0.023946720692346078
3135	0.04071731382386526
3166	0.03844743839244925
3190	0.0529644447516343
3195	0.02857241757998909
3202	0.031602068595634955
3207	0.026615559628039603
3246	0.05003806635319409
3294	0.017870255729127444
3305	0.024760936359983006
3318	0.0366204120876438
3320	0.035024753494042105
3335	0.03202597432431682
3359	0.022748600391313673
3390	0.024551191497722134
3392	0.04298718925528127
3433	0.017657216205972
3476	0.024045004214634385
3485	0.06413982054901975
3640	0.03293077176079199
3681	0.06001532184954713
3692	0.022923988622738777
3709	0.04298718925528127
3840	0.0274086051206617
3900	0.012738793617829685
3916	0.04679867047528735
3946	0.023192874729632464
3949	0.0529644447516343
4105	0.05003806635319409
4138	0.025083892546076094
4176	0.08044201464779664
4200	0.0537726603854735
4216	0.0653938325589234
4220	0.03929561824998044
4298	0.016606565368268506
4299	0.041789068954248866
4344	0.023284106421189082
4421	0.02904563152651288
4429	0.02888543505945562
4454	0.035623294677901915
4457	0.009205288571998831
4501	0.0275470054246271
4517	0.06413982054901975
4564	0.016464953817812725
4586	0.06001532184954713
4587	0.01111978950921252
4598	0.03542011852414036
4620	0.02855961705623345
4639	0.06413982054901975
4644	0.0140924686950229
4708	0.016464953817812725
4709	0.026489194457390813
4744	0.0275470054246271
4856	0.05374619818157258
4895	0.027384154808344635
4990	0.011515427475807808
5033	0.03929561824998044
5086	0.023849377696656664
5093	0.02920839124554871
5116	0.2713918095095929
5216	0.03838040204848902
5225	0.05481906801969091
5255	0.051396383121283765
5278	0.04237049951099087
5416	0.0331701302259855
5484	0.012482066668795888
5594	0.022406643303642143
5595	0.04509935198608455
5693	0.1829640756219632
5764	0.03181181345789583
5769	0.013375815700336694
5792	0.024551191497722134
5855	0.02497509722640399
5885	0.025193864054154785
5915	0.03139656129453642
5925	0.023657442466181334
5934	0.032650573304440086
6042	0.3409735756928479
6043	0.037294628925458116
6180	0.043643692222305464
6197	0.06001532184954713
6238	0.2720388338906606
6348	0.02838318558937485
6462	0.06413982054901975
6476	0.038862690555808654
6547	0.026119253128072676
6556	0.01950130372433163
6603	0.05241087338835557
6612	0.03359700119748768
6614	0.01750031439980931
6636	0.04509935198608455
6696	0.021292940627534587
6798	0.015568138541961419
6842	0.02988679360837899
6878	0.06413982054901975
6947	0.022239881119308535
6972	0.11417788690221384
6985	0.016750176206563782
6986	0.025531097106343152
7122	0.0529644447516343
7169	0.02727206259506381
7187	0.01882901756496634
7327	0.013763713372222337
7366	0.01882901756496634
7460	0.03844743839244925
7482	0.04434550602337094
7592	0.03844743839244925
7650	0.029541938026479822
7651	0.022157514147635882
7703	0.05708894345110692
7726	0.02421746124760728
7755	0.02841944830003731
7757	0.022835916510466164
7779	0.026119253128072676
7780	0.030427040848045695
7831	0.06413982054901975
7932	0.11749519031909572
7944	0.055659173048123275
7946	0.02624107812215734
8026	0.04679867047528735
8037	0.016070543996825674
8089	0.024005767251393757
8112	0.03574051145825489
8167	0.017448547034022828
8171	0.18129634171730763
8212	0.03719032416727211
8371	0.14686898789886965
8386	0.015397887447790115
8388	0.035314432411944
8505	0.016609778215632982
8524	0.0326969162794617
8584	0.04509935198608455
8645	0.016418184698997532
8656	0.04071731382386526
8709	0.01781657610364493
8724	0.0634924460993038
8735	0.05708894345110692
8793	0.1282796410980395
8800	0.03366643672595243
8804	0.09553638184355616
8805	0.024340019032976522
8877	0.006949199813698056
8879	0.016233229323276255
8903	0.04298718925528127
8905	0.02266202739707827
8965	0.047893441384692155
9055	0.05708894345110692
9111	0.03445948221857452
9186	0.02191434084443664
9306	0.021598896485458877
9357	0.04776819092177808
9373	0.05708894345110692
9389	0.02872772235884289
9480	0.03224474115206761
9495	0.010193195404739046
9501	0.051396383121283765
9534	0.02988679360837899
9539	0.018595162083636055
9628	0.04071731382386526
9704	0.05038772810830957
9820	0.017397041782603647
9826	0.059134723454519866
9869	0.11417788690221384
9891	0.032995989595780914
9921	0.0529644447516343
9986	0.01776317826227089
9998	0.012443331970436422
10131	0.01776317826227089
10133	0.025083892546076094
10148	0.03531962241307804
10169	0.027829586524061638
10177	0.04591356765372148
10184	0.03181181345789583
10203	0.03392397618869911
10216	0.03366643672595243
10228	0.015065702324771897
10348	0.03202597432431682
10349	0.11924338013212357
10382	0.0529644447516343
10402	0.048839946052161694
10452	0.023674908272231426
10473	0.03181181345789583
10476	0.02624107812215734
10483	0.03804847488817172
10492	0.048839946052161694
10558	0.016847055657154202
10569	0.048839946052161694
10635	0.04071731382386526
10636	0.12275595748861068
10643	0.06001532184954713
10699	0.028268745315165215
10771	0.027004355949638546
10773	0.018087852591332863
10810	0.06413982054901975
10825	0.03974779337737453
10845	0.05481906801969091
10853	0.02167684526093007
10873	0.03162469301211935
10880	0.08929168192744441
10920	0.021143345792935725
11055	0.03224474115206761
11127	0.024655523339734607
11135	0.03445948221857452
11175	0.042500973358018695
11180	0.03181181345789583
11199	0.02920839124554871
11209	0.041414649628878676
11270	0.048839946052161694
11291	0.04298718925528127
11305	0.011778140467053517
11306	0.021755395963406553
11350	0.028268745315165215
11401	0.037776662468057075
11431	0.03804847488817172
11516	0.01596195283558833
11519	0.020778709426148814
11536	0.023657442466181334
11537	0.019757223270612894
11541	0.02375295739727366
11567	0.06530114660888017
11577	0.024045004214634385
11604	0.06413982054901975
11636	0.013945041977962607
11678	0.1309310766669164
11711	0.0275470054246271
11876	0.012719194242419546
11889	0.01930240640289603
11977	0.043643692222305464
12045	0.03844743839244925
12098	0.08357813790849773
12270	0.03181181345789583
12278	0.06001532184954713
12327	0.023849377696656664
12371	0.023657442466181334
12434	0.01814298695624196
12467	0.04869136839324719
12488	0.013585560562597564
12504	0.04675232750026574
12564	0.018480220008430328
12567	0.02857241757998909
12590	0.02199475442860006
12680	0.041789068954248866
12690	0.027004355949638546
12739	0.012450426626418805
12758	0.036937670706291816
12768	0.02424446679013775
12857	0.04022100732389832
