192
t_index	tf-idf
190	0.02615524623248398
240	0.03543672891477673
253	0.08441526423036926
307	0.051955119736636426
371	0.04504651481499346
393	0.029026426655723626
482	0.08029913191399746
569	0.043327499513182266
596	0.031050991189979962
847	0.03874656787653067
871	0.027078658283298262
1011	0.056573335878629706
1023	0.024542461206915563
1123	0.05150887585595422
1157	0.024542461206915563
1171	0.03163506905563056
1206	0.032495031242692235
1420	0.025135620584028347
1534	0.0902166268958337
1638	0.04179303895569006
1747	0.04306005395393166
1844	0.07229219352593037
1996	0.03424371145553748
2002	0.04279751593059894
2069	0.02189755029372696
2086	0.045354223896612963
2233	0.02882907289469443
2294	0.024762024402886322
2333	0.12687005908483628
2471	0.05054664696848875
2493	0.01992674973378266
2560	0.0529775489357679
2590	0.0488614166193961
2631	0.034977611850659104
2645	0.03798329780808937
2664	0.03354562564939972
2731	0.04631916840279703
2822	0.1246636594668161
2891	0.014697780228682128
2896	0.05407870141920995
3052	0.0671889166666037
3167	0.02377956843716183
3202	0.04445026517419083
3203	0.036738345914957234
3305	0.06965557864237615
3377	0.06458027426669678
3621	0.043327499513182266
3856	0.05010636851252825
3900	0.03583580312777574
4128	0.04062915198665251
4162	0.044161206437373715
4209	0.031754801309388056
4336	0.044161206437373715
4457	0.06473904022960292
4564	0.02315897647863695
4617	0.034827789321188074
4644	0.019821929332160065
4668	0.0671889166666037
4684	0.047000626756943414
4701	0.058005322079889086
4708	0.02315897647863695
4816	0.074497769248533
4878	0.031875543973853816
4888	0.05466277928486054
4889	0.16251660794661005
4949	0.015601738951104253
4970	0.1191700179192392
5086	0.03354562564939972
5314	0.02383400358384784
5329	0.03855189928409869
5330	0.0671889166666037
5369	0.017872262224302497
5414	0.023696426362048086
5515	0.0452819722492172
5531	0.1077332042170546
5544	0.038217863347774786
5585	0.05054664696848875
5612	0.03835984377190928
5673	0.045668696353838585
5690	0.031050991189979962
5816	0.051955119736636426
5896	0.03874656787653067
5934	0.02296252596692647
6061	0.04253970858042167
6117	0.045668696353838585
6168	0.029844244715618896
6524	0.16772319353397808
6554	0.010988886603298756
6580	0.0300562177900977
6603	0.018429784217077597
6623	0.06138755400113926
6665	0.031997314247816794
6668	0.03779867691328123
6760	0.02302771022922999
6805	0.022833041636798015
6909	0.01866865321792689
6977	0.0902166268958337
7042	0.05245720356225791
7051	0.04735392670293123
7179	0.10584614154922747
7181	0.058005322079889086
7296	0.026318767107499513
7321	0.029532059512946674
7327	0.0193595146256136
7531	0.029429493333027922
7543	0.03743643172109499
7574	0.04685035606623944
7743	0.022264440160788705
7862	0.04879587105052249
8010	0.04108340984854026
8037	0.011302107328680854
8089	0.008441399309076772
8131	0.030163393728149544
8137	0.06458027426669678
8293	0.05727142168476747
8370	0.1417469156591069
8371	0.0413160640938012
8414	0.02932765716769278
8500	0.05245720356225791
8563	0.06582522615982893
8651	0.021019488267656553
8653	0.03093698324949279
8751	0.6061097896978225
8875	0.06138755400113926
8877	0.029323438767864276
8879	0.04566608327359603
8880	0.031398569111964966
8894	0.05054664696848875
8917	0.08737840147373145
9023	0.08029913191399746
9051	0.055271718878449186
9070	0.19471960818779932
9225	0.04279751593059894
9319	0.04665584089679346
9416	0.04108340984854026
9421	0.06709125129879943
9426	0.11226321130501257
9476	0.047000626756943414
9541	0.07087345782955345
9580	0.02195804899201758
9844	0.060979648662703854
9845	0.16728709158867003
9891	0.04060953865825109
9998	0.008751158236090656
10120	0.0728033468419216
10128	0.017379609083958178
10131	0.024985009500404158
10178	0.029226540698584158
10179	0.034827789321188074
10228	0.021190842660977992
10288	0.08029913191399746
10452	0.0166501118034515
10520	0.048469394265934926
10635	0.05727142168476747
10671	0.06995522370131821
10700	0.05727142168476747
10728	0.055907731177992685
10736	0.045668696353838585
10746	0.0420376247548002
10750	0.07596659561617874
10757	0.11601064415977817
10773	0.025441684036704944
10775	0.15586535920990932
10873	0.017792835126435376
11127	0.03467951938472256
11381	0.045990236196156456
11382	0.08441526423036926
11455	0.04631916840279703
11567	0.09185010386770588
11592	0.011388734762801077
11608	0.05147005901930302
11636	0.019614564531110438
11663	0.025441684036704944
11673	0.04040731931318816
11889	0.05430005827069425
11969	0.0703816369321612
11990	0.074497769248533
12055	0.015256027401384651
12294	0.05407870141920995
12329	0.02932765716769278
12387	0.05576236386289
12405	0.03743643172109499
12451	0.03743643172109499
12516	0.02342517803311972
12566	0.015105018919670548
12576	0.044161206437373715
12581	0.021190842660977992
12638	0.030489824331351927
12649	0.06054275709771155
12685	0.047716171895117475
12698	0.03382078645328502
12829	0.009117109663455848
