254
t_index	tf-idf
178	0.034832593981507384
179	0.036932034391718334
250	0.027580135787527146
357	0.02975783402438291
548	0.0648319466667735
633	0.02674816456927664
634	0.02733593336629012
635	0.04398514640745914
729	0.02448080433945761
731	0.3950169328473107
738	0.018251846312688048
865	0.024388072508853064
902	0.024817062074847927
957	0.03459626967511186
983	0.01563202941920065
991	0.055913853290054764
1022	0.02674816456927664
1031	0.09154202226649695
1042	0.041102115571186155
1100	0.02308353976663279
1116	0.019131408149777273
1161	0.059218659246457875
1164	0.03990216203836326
1203	0.01397385601682116
1206	0.0249565780746967
1212	0.046437194290809655
1273	0.04119747756775994
1319	0.0616707071298084
1382	0.051601902826958514
1511	0.028973506183300017
1675	0.02821549520337934
1824	0.051601902826958514
1840	0.025054255666414244
2018	0.03532105914073367
2024	0.0648319466667735
2069	0.016817584185979
2121	0.026299585685109872
2167	0.020468693991399847
2271	0.026299585685109872
2437	0.03327604507613113
2471	0.15528175148524112
2493	0.10712789818675696
2541	0.051601902826958514
2579	0.05405395071030902
2643	0.08689801608475617
2674	0.039169313418207806
2684	0.050554571979732406
2762	0.023248785838700017
2814	0.07567144124412493
2822	0.04787160115841814
2865	0.041102115571186155
3000	0.024114481861061045
3093	0.027580135787527146
3105	0.04398514640745914
3165	0.0648319466667735
3167	0.009131498472063852
3214	0.0201501598997132
3231	0.032869011257383146
3248	0.0648319466667735
3300	0.05516027157505429
3476	0.025974774154398434
3503	0.04790452492491235
3520	0.059218659246457875
3523	0.059218659246457875
3589	0.051601902826958514
3871	0.0194802836966748
3923	0.0648319466667735
3968	0.1010962134936445
3981	0.015064223433603254
4130	0.013691174017995179
4206	0.04293781556023303
4222	0.08751490006601097
4342	0.24859761089684695
4358	0.024388072508853064
4406	0.03391634210460925
4426	0.0186828292656105
4442	0.04666470034158446
4587	0.01201222584816403
4611	0.04871887199068553
4682	0.04859223337185224
4683	0.04244935040100675
4685	0.16440846228474462
4700	0.03990216203836326
4708	0.03557274958762479
4717	0.02821549520337934
4769	0.03327604507613113
4783	0.02960832618457086
4828	0.02733593336629012
4990	0.03731884910131346
5024	0.03413834272001631
5144	0.0648319466667735
5251	0.0616707071298084
5314	0.01830480379693947
5362	0.08345415402332754
5418	0.036932034391718334
5469	0.022446337698522712
5516	0.0648319466667735
5548	0.028898625996966604
5594	0.024204923990657674
5651	0.0616707071298084
5690	0.02384753780175935
5752	0.051601902826958514
5769	0.014449312998483302
5795	0.03391634210460925
5837	0.045142916945240474
5838	0.03413834272001631
5899	0.02931527797221897
5946	0.024204923990657674
5970	0.01498545136356435
6019	0.0209983703411732
6046	0.0381542547137491
6048	0.043449008042378084
6061	0.032671012085913616
6117	0.03507411264239059
6173	0.02448080433945761
6250	0.045771011133248475
6348	0.0408814975388349
6554	0.025318794533938656
6559	0.019017535040442624
6587	0.02975783402438291
6614	0.018904829881017573
6647	0.059218659246457875
6696	0.02300183934035695
6708	0.025129689159058624
6726	0.02120377177409749
6767	0.0616707071298084
6798	0.016817584185979
6836	0.03086554225819939
7001	0.037979133809593536
7012	0.04293781556023303
7033	0.19147723863255295
7035	0.05552128134441173
7206	0.01835801773489906
7213	0.03209756075895698
7215	0.0177358521452081
7296	0.040426264633660496
7474	0.04871887199068553
7726	0.013080536000002946
7730	0.04454879081121771
7754	0.039438353893581496
7808	0.04458529537348474
7811	0.011011266464599144
7958	0.03722508260407023
7975	0.022141077604883534
8010	0.03155255699870844
8036	0.024144546604067285
8037	0.01736031098725335
8105	0.020664342899420342
8131	0.023165852186822294
8364	0.050554571979732406
8370	0.027215837562008013
8376	0.03413834272001631
8386	0.016633669320289462
8390	0.03173123828056042
8464	0.0249565780746967
8487	0.4871887199068553
8505	0.008971411151658929
8622	0.050554571979732406
8624	0.10320380565391703
8719	0.017990820815988445
8754	0.02686323008886845
8777	0.016817584185979
8841	0.05405395071030902
8877	0.015013837727234459
8879	0.035072105765074434
8967	0.03459626967511186
9000	0.13999410102475335
9117	0.04790452492491235
9135	0.03307064364320684
9156	0.02975783402438291
9307	0.02229264768674237
9364	0.031912873105425496
9370	0.03722508260407023
9386	0.07696459735539753
9456	0.045771011133248475
9509	0.032476517509184066
9518	0.04871887199068553
9519	0.08797029281491828
9570	0.02686323008886845
9644	0.15827902009421954
9652	0.01857348849567361
9701	0.032671012085913616
9746	0.043449008042378084
9803	0.0648319466667735
9891	0.031188618177739904
9941	0.03327604507613113
10015	0.059218659246457875
10099	0.02229264768674237
10171	0.023673111016978297
10179	0.05349632913855328
10181	0.032476517509184066
10182	0.0648319466667735
10205	0.036368389987959764
10211	0.018465224992216093
10228	0.08137412076750093
10342	0.03532105914073367
10349	0.08587563112046606
10367	0.029029842269152516
10419	0.04616707953326558
10430	0.04398514640745914
10502	0.050554571979732406
10558	0.018199142822142973
10637	0.051601902826958514
10696	0.0476950756035187
10771	0.02917163335533699
10773	0.01953952188172097
10853	0.0234165548488369
10890	0.021917571797129193
10906	0.046437194290809655
10974	0.03070029618613216
11016	0.01996337936802777
11153	0.01857348849567361
11175	0.061215941821003976
11205	0.03752616052574111
11209	0.022369224001610802
11374	0.02975783402438291
11516	0.017243004670185323
11537	0.02134287055187353
11553	0.030063094118022084
11592	0.008746686413596732
11636	0.015064223433603254
11660	0.017786374793812395
11699	0.026299585685109872
11713	0.034832593981507384
11777	0.02834709745553383
11876	0.03434998336075319
11879	0.04198167740827538
12055	0.011716814060241654
12127	0.046437194290809655
12146	0.039529629524924864
12193	0.013902500852364788
12218	0.046437194290809655
12370	0.03882043787131028
12476	0.030218964202563096
12516	0.03598164163197689
12551	0.02931527797221897
12566	0.011600837714944648
12612	0.01857348849567361
12624	0.061600572037691766
12638	0.0234165548488369
12643	0.02960832618457086
12648	0.05405395071030902
12649	0.023248785838700017
12659	0.02229264768674237
12698	0.025974774154398434
12738	0.04244935040100675
12742	0.022446337698522712
12743	0.059218659246457875
12766	0.017493372827193463
12768	0.02619024491517298
12792	0.035832251622878716
12820	0.04244935040100675
12829	0.021006152365166005
12850	0.027215837562008013
