346
t_index	tf-idf
15	0.013338595443145985
158	0.041464279713687165
185	0.023805362641639526
190	0.030817937548380803
278	0.016812764204997558
357	0.022826955984646766
371	0.026538474690720525
570	0.049731979543564724
609	0.049731979543564724
634	0.06290741596719568
639	0.037274647458080803
644	0.02259912331202077
660	0.037846179867337494
678	0.023549909888678135
687	0.02154408616612581
691	0.049731979543564724
729	0.018778995899622997
730	0.03616555142779275
743	0.10406763445857908
764	0.015408968774190401
808	0.026361009278561595
855	0.03877993903919353
864	0.027897851597915187
872	0.013974068073843326
901	0.01802771148552042
902	0.009518468030748212
918	0.015080208052133217
920	0.03004641374817954
983	0.011991183471566398
991	0.04289099357628884
1023	0.014458820804732517
1041	0.03417296051129483
1100	0.017707167322427355
1116	0.014675524146060033
1207	0.023301971551837764
1240	0.01225056688243325
1265	0.024480066295291186
1301	0.008898894042055976
1355	0.049731979543564724
1435	0.0425898553107599
1456	0.034628709108439154
1497	0.016425777756035154
1600	0.04896013259058237
1916	0.0425898553107599
1944	0.01565190477354526
1996	0.04034833209678798
2002	0.025213510923421556
2057	0.009100400746803192
2076	0.016425777756035154
2109	0.01621236646541362
2167	0.01570134359987503
2178	0.2770833571129173
2233	0.016984213418395983
2294	0.014588173149596817
2379	0.03417296051129483
2412	0.053149764846188725
2422	0.029519411170318748
2429	0.028111262888536718
2437	0.025525742756464576
2461	0.06371930236179112
2464	0.014852989558218963
2493	0.01173954401689466
2576	0.02671975685446177
2584	0.021348047197295526
2615	0.011927565843364437
2626	0.02174479316538165
2637	0.027897851597915187
2640	0.019069690076169266
2648	0.0297787945811856
2664	0.03952579865222628
2668	0.0297787945811856
2669	0.04388923697731394
2696	0.05272201855712319
2707	0.025686305624909943
2709	0.023301971551837764
2716	0.018778995899622997
2759	0.033740594164165964
2797	0.03877993903919353
2801	0.03935027720591741
2813	0.015080208052133217
2822	0.01836092861567798
2833	0.04565391196929353
2909	0.0246572590925825
2964	0.025849986413023003
3038	0.4354167040345842
3039	0.0946140445598759
3115	0.016371916258234243
3154	0.04542607929666754
3167	0.007004687018715008
3200	0.10849665428337824
3203	0.021643842309383547
3214	0.015456999079215945
3235	0.06440750368962475
3343	0.02195039593694037
3438	0.039050877346627176
3439	0.04308817233225162
3505	0.037371790757411504
3522	0.044974950757586535
3635	0.026361009278561595
3672	0.025525742756464576
3718	0.03332932744188512
3828	0.053149764846188725
3839	0.12986305385630129
3856	0.029519411170318748
3871	0.014943143313053974
3900	0.031668184261335226
3906	0.03804649441106316
4062	0.050736362479128744
4090	0.029023427194987926
4098	0.025686305624909943
4100	0.023936052014934813
4110	0.029023427194987926
4130	0.010502371457238351
4163	0.02768971026415522
4207	0.026538474690720525
4222	0.02237728693751392
4226	0.029023427194987926
4232	0.049731979543564724
4260	0.01489794590865181
4262	0.05343951370892354
4401	0.04388923697731394
4426	0.014331423482143208
4457	0.015256011593269845
4566	0.04730702227993795
4583	0.04730702227993795
4587	0.01842893205795832
4598	0.029351048292120065
4620	0.02366606138967764
4708	0.06821880823249966
4711	0.0851797106215198
4765	0.021156464047638917
4805	0.037371790757411504
4828	0.020969138655731894
4878	0.018778995899622997
4894	0.03293719647294275
4950	0.033740594164165964
4961	0.04542607929666754
4972	0.04542607929666754
4990	0.009542313296227012
5067	0.04542607929666754
5128	0.027486584875634334
5303	0.15944929453856618
5397	0.0425898553107599
5515	0.013338595443145985
5585	0.0297787945811856
5664	0.031210923805815156
5682	0.03060857506617031
5725	0.017398367380206867
5769	0.011083932773954721
5797	0.11027554515832202
5837	0.034628709108439154
5842	0.01590205059913087
5913	0.05788345385191819
5915	0.05203381722928954
5922	0.0425898553107599
5925	0.039207702584038294
5934	0.01352802579091999
5944	0.034628709108439154
5945	0.03616555142779275
5946	0.018567370665947554
5968	0.05804685438997585
6019	0.04832296011206876
6026	0.041464279713687165
6036	0.06665865488377024
6213	0.023936052014934813
6240	0.053149764846188725
6323	0.022712269919930063
6353	0.018923089933668747
6391	0.032743832516468487
6421	0.026361009278561595
6544	0.018923089933668747
6554	0.006473936778429198
6563	0.03417296051129483
6569	0.025686305624909943
6603	0.04343051745593077
6625	0.02490096099774559
6646	0.03958333673041675
6763	0.021156464047638917
6799	0.023676668604067964
6805	0.013451742051055279
6827	0.016700371930233476
6839	0.053149764846188725
6883	0.04388923697731394
6909	0.010998355432569173
6910	0.027288239354395203
6958	0.014373675679510407
7033	0.024480066295291186
7057	0.029267771715647
7133	0.01183303069483882
7230	0.034628709108439154
7244	0.06925741821687831
7327	0.011405366009480373
7328	0.04047145167468994
7340	0.014631735498362995
7366	0.015602754221893639
7417	0.050123255224015104
7472	0.01929448461730606
7501	0.01173954401689466
7543	0.22055109031664405
7615	0.049731979543564724
7713	0.030322808861541962
7726	0.030101870245293826
7731	0.026361009278561595
7738	0.01944774876183405
7754	0.030252792178962224
7778	0.047872104029869626
7811	0.04223319726776284
7948	0.053149764846188725
7967	0.053149764846188725
7968	0.05105148551292915
8003	0.02671975685446177
8036	0.009260527868874784
8037	0.013316932087903518
8060	0.02443540817888442
8089	0.004973123067084322
8105	0.01585142404619275
8108	0.032203751844812376
8111	0.054576478708790406
8131	0.01777030840961522
8188	0.03958333673041675
8212	0.015408968774190401
8370	0.02087701428821099
8435	0.049731979543564724
8505	0.006881885533445987
8530	0.035621537147436384
8656	0.033740594164165964
8709	0.02952757965854414
8722	0.020606532395522854
8724	0.01315332873868979
8748	0.04542607929666754
8751	0.023805362641639526
8775	0.0191439574792882
8805	0.020169471583815202
8865	0.01802771148552042
8877	0.017275461615220013
8880	0.018497993354757217
8910	0.033740594164165964
8914	0.02768971026415522
8917	0.017159222384165528
8947	0.035621537147436384
8966	0.030322808861541962
8997	0.02087701428821099
9026	0.01590205059913087
9065	0.028555012486180847
9068	0.029886286626107948
9070	0.41297803156687674
9109	0.041165433715869684
9124	0.023936052014934813
9235	0.047872104029869626
9260	0.027443622477246455
9280	0.020090291767065865
9307	0.01710048140968681
9316	0.026361009278561595
9329	0.01789802745490931
9364	0.04896013259058237
9421	0.0988144966305657
9446	0.055795703195830375
9495	0.008446639453552568
9524	0.04047145167468994
9529	0.028785966542188377
9531	0.03185965118089556
9538	0.025849986413023003
9543	0.053149764846188725
9575	0.035110514281897785
9652	0.014247549200815082
9680	0.03877993903919353
9714	0.035110514281897785
9783	0.019069690076169266
9844	0.08981310037694375
9845	0.16425777756035156
9891	0.03417785302624003
10121	0.01580109974313277
10128	0.03071680357760265
10131	0.014719541456139264
10179	0.020518266712310815
10191	0.022826955984646766
10228	0.024968530593013735
10324	0.04047145167468994
10419	0.017707167322427355
10452	0.00980916220729448
10490	0.03674711274450912
10705	0.11807764468127499
10722	0.03554061681923044
10729	0.025061627612007552
10747	0.02259912331202077
10749	0.10629952969237745
10831	0.02306111814563137
10873	0.06813547270015122
10880	0.018497993354757217
10948	0.009100400746803192
10976	0.015361210596998994
11020	0.029267771715647
11101	0.0425898553107599
11106	0.049731979543564724
11199	0.024203671181928763
11316	0.03263679348100433
11357	0.027094453906691966
11378	0.035621537147436384
11401	0.01565190477354526
11489	0.041464279713687165
11516	0.013226947509918483
11519	0.017218375579380586
11531	0.053149764846188725
11535	0.03516457316629088
11544	0.009958357176881988
11567	0.01352802579091999
11592	0.006709501290016044
11627	0.02000724384677222
11689	0.029267771715647
11699	0.02017416604839399
11742	0.03674711274450912
11751	0.06882967192781278
11761	0.041464279713687165
11775	0.03071680357760265
11795	0.021643842309383547
11876	0.015809730458341487
11972	0.04730702227993795
11982	0.050123255224015104
12032	0.034628709108439154
12052	0.048681471842016
12055	0.07190286728913843
12139	0.049731979543564724
12193	0.010664478294133039
12247	0.053149764846188725
12294	0.03185965118089556
12339	0.024203671181928763
12371	0.019603851292019147
12387	0.03285155551207031
12405	0.022055109031664404
12412	0.053149764846188725
12451	0.022055109031664404
12489	0.014416140735193176
12516	0.027601180553513162
12537	0.021548615610472048
12567	0.023676668604067964
12573	0.053149764846188725
12581	0.024968530593013735
12584	0.01621236646541362
12612	0.028495098401630163
12692	0.033740594164165964
12739	0.010317104752782158
12748	0.025241550186616626
12766	0.013419002580032088
12790	0.025849986413023003
12827	0.031210923805815156
12829	0.01611362288846463
