131
t_index	tf-idf
357	0.0597560471918124
585	0.07937857323321282
731	0.2266356431092375
932	0.07358922288712859
984	0.06724120781315761
1100	0.046353544768034965
1116	0.038417356831387264
1292	0.3489959615865049
1355	0.1301875956893378
1596	0.06099953548998946
1955	0.10151751590883511
2109	0.04244047853992499
2167	0.04110273090113521
2373	0.0719539505869678
2436	0.0633599906327951
2437	0.06682088885558274
2471	0.07795446118639153
2493	0.09219478235587947
2506	0.031727225166691055
2615	0.031223794705650693
2634	0.05513650868786698
2737	0.06099953548998946
2762	0.046685371744172414
2822	0.04806495082313667
2824	0.08090097532265522
2865	0.08253624762281601
2990	0.07358922288712859
2991	0.056658910777309376
3004	0.13913462042502522
3061	0.06682088885558274
3167	0.018336759764891047
3300	0.055383059611316676
3318	0.03971921882544304
3557	0.07937857323321282
3973	0.07727545136348926
3981	0.03025013331510674
4148	0.046685371744172414
4254	0.3268138663945844
4260	0.03899960903141164
4276	0.049536567900326546
4353	0.04554517312476516
4417	0.05417696281233089
4514	0.06766968881191433
4613	0.13913462042502522
4620	0.030976322077220456
4713	0.08622247609917669
4785	0.13913462042502522
4859	0.034336846070777687
4990	0.024979718015486596
5162	0.07727545136348926
5314	0.03675747094464361
5369	0.02756310567436745
5414	0.10963588644651648
5416	0.0719539505869678
5548	0.02901534529425623
5567	0.13913462042502522
5916	0.07937857323321282
5970	0.03009195286653026
6018	0.059455823811171385
6061	0.06560593551299682
6179	0.09783128743247445
6246	0.052159368484114295
6308	0.0852416000353353
6348	0.020523307360012406
6472	0.10594553114399195
6517	0.06640842678898767
6543	0.13913462042502522
6554	0.016947370114036322
6614	0.037962370029943654
6650	0.13913462042502522
6660	0.05371239664104569
6828	0.04651883451530912
6952	0.0685524496492605
7033	0.12816706684710882
7155	0.13913462042502522
7268	0.0699465602256769
7280	0.09959751607002096
7333	0.13913462042502522
7736	0.13913462042502522
7743	0.034336846070777687
7888	0.09065049133433352
7926	0.0606820324858471
8036	0.02424206454534585
8037	0.034860855859631494
8089	0.013018563530207822
8112	0.03876486130593452
8207	0.08622247609917669
8370	0.10930304083203693
8391	0.07795446118639153
8408	0.10854454080570838
8564	0.13913462042502522
8731	0.0623173047860079
8805	0.02639966311336082
8877	0.07537238723622464
8879	0.03521375926582553
8917	0.04491914310662592
8950	0.15590892237278306
9026	0.04162813853443181
9068	0.03911792608744924
9109	0.03592074214730212
9212	0.06947200262198931
9225	0.06600353326236856
9381	0.04992033545301642
9519	0.08832559796890026
9570	0.053943457161554145
9652	0.03729701073521169
10131	0.0385325846550235
10367	0.058294183077470176
10430	0.08832559796890026
10452	0.02567827090767057
10747	0.059159630396404705
10750	0.05857891061612353
10866	0.13913462042502522
11016	0.0801760396033165
11205	0.07535545152467511
11437	0.04753744973335317
11514	0.041363870967650956
11516	0.034625295643358
11592	0.017564027196153072
11689	0.07661671354760174
11712	0.09959751607002096
11861	0.08090097532265522
11876	0.02759097621233142
12193	0.027917303938768442
12476	0.0606820324858471
12480	0.059455823811171385
12557	0.08945743980802069
12624	0.04123291463026525
12626	0.08832559796890026
12768	0.10518410108974022
12829	0.014060663051201261
