279
t_index	tf-idf
3	0.04096980607880896
15	0.015353453142481849
17	0.02392569189410927
161	0.0749624368156243
163	0.04463783158012404
258	0.034903212035218074
357	0.02627507525733225
381	0.03791251521552803
469	0.020826389104974228
497	0.024572770328347423
596	0.021056500615262652
631	0.021372059503101743
632	0.020238173827419256
634	0.04827325173197562
635	0.03883726991399308
729	0.021615651725600125
731	0.3736987002906017
865	0.021533772922664125
902	0.02191255496445822
983	0.013802508242964978
1030	0.039334947235366534
1100	0.020381918390865672
1116	0.01689233122619923
1171	0.042905158612052095
1211	0.028340968090196143
1249	0.054452970927954314
1301	0.010243113922824893
1382	0.0455625862785891
1420	0.03409026185698023
1446	0.02550868383260555
1475	0.02178151184252641
1497	0.018906968891967937
1511	0.02558254256043005
1650	0.054452970927954314
1668	0.054452970927954314
1694	0.030547236354356137
1716	0.017045130928490113
1756	0.03592548092703329
1953	0.06117828729255033
2076	0.018906968891967937
2082	0.041628528399814096
2157	0.0173052693140241
2430	0.01561570101396123
2431	0.026143065322086156
2437	0.029381526488968204
2440	0.04135191697194748
2468	0.028675572991995517
2471	0.13710808733666505
2493	0.040538572388469724
2587	0.037068280319987275
2609	0.03313422244121228
2626	0.025029446644563986
2635	0.05053221336732456
2709	0.026821844164441132
2754	0.03557262092941113
2822	0.04226886681657651
2909	0.009460618091652962
3061	0.05876305297793641
3105	0.03883726991399308
3167	0.01612555600445235
3214	0.03558370326136141
3218	0.030142903660059985
3242	0.03781393778393587
3293	0.024913246686040117
3300	0.07305674292331957
3359	0.021698227377788953
3476	0.022934772239801157
3478	0.06117828729255033
3480	0.03313422244121228
3489	0.036291659499934965
3557	0.034903212035218074
3568	0.05724422941377533
3624	0.03096915415644308
3651	0.0222968142015668
3818	0.03557262092941113
3858	0.06117828729255033
3889	0.02601282738585287
3922	0.05724422941377533
3959	0.03034296395539126
3968	0.059509497355672576
3992	0.030547236354356137
4148	0.02052782460756099
4182	0.02640890607661626
4222	0.025757481581580862
4236	0.03368880655661129
4264	0.022209007443311158
4294	0.050518913049179305
4298	0.015839789047522906
4342	0.263403079528794
4353	0.06007941828649266
4358	0.021533772922664125
4366	0.03211195354939706
4406	0.029946885264627864
4415	0.025632285256563952
4504	0.03286838168668217
4585	0.06117828729255033
4587	0.010606354545494403
4611	0.04301697586453099
4620	0.02724093148804691
4685	0.036291659499934965
4688	0.05724422941377533
4708	0.03140943227787421
4717	0.024913246686040117
4828	0.02413662586598781
4920	0.01813034807191563
4987	0.025632285256563952
4990	0.010983724687428432
5121	0.06117828729255033
5216	0.01830413027996797
5251	0.054452970927954314
5300	0.04902325365860317
5314	0.016162469921070115
5324	0.05804426113232563
5548	0.10206570441674363
5556	0.021056500615262652
5561	0.08502290427058842
5594	0.021372059503101743
5656	0.023517101814677848
5752	0.0455625862785891
5769	0.012758213052092954
5795	0.08984065579388359
5838	0.030142903660059985
5857	0.01866132082020503
5868	0.03458506613748028
6019	0.03708158063813252
6046	0.03368880655661129
6048	0.03836387941523215
6085	0.03748121840781215
6117	0.03096915415644308
6168	0.020238173827419256
6173	0.021615651725600125
6219	0.08603395172906197
6233	0.03163856305063613
6246	0.022934772239801157
6262	0.05228790264318512
6348	0.027072646405947687
6391	0.01884497136110384
6399	0.10890594185590863
6418	0.06117828729255033
6580	0.020381918390865672
6614	0.016692270930867954
6615	0.05724422941377533
6620	0.021056500615262652
6625	0.014331184250666637
6653	0.08603395172906197
6668	0.025632285256563952
6696	0.020309779913072062
6708	0.011094296602814059
6726	0.01872215224559719
6767	0.054452970927954314
6777	0.023125025013254592
6808	0.06117828729255033
6836	0.02725314097215701
6945	0.03748121840781215
6958	0.0165448871263273
6985	0.04793030679199466
7001	0.011178060408537586
7033	0.11271158268248826
7206	0.03241891175041028
7213	0.028340968090196143
7215	0.015660106494525823
7228	0.09804650731720634
7306	0.03748121840781215
7669	0.05724422941377533
7726	0.011549633199940141
7730	0.039334947235366534
7803	0.025147055121718137
7808	0.019683589712020243
7811	0.009722544147494653
7821	0.010983724687428432
7906	0.030755902043216134
7922	0.05724422941377533
8036	0.04263749697348407
8089	0.00572433674203002
8132	0.04902325365860317
8139	0.042297937294007146
8212	0.017736566121739978
8292	0.025632285256563952
8299	0.05228790264318512
8370	0.04806117135724024
8385	0.0404141229212073
8403	0.04463783158012404
8407	0.025029446644563986
8411	0.08927566316024808
8487	0.5592206862389028
8494	0.0437935966845833
8565	0.0808282458424146
8604	0.03313422244121228
8624	0.0455625862785891
8651	0.028507744885338197
8680	0.054452970927954314
8709	0.016993929856809288
8724	0.015140201029254905
8877	0.033141669170311874
8879	0.030967382157430282
8917	0.05925361136252606
8938	0.023125025013254592
8983	0.054452970927954314
9000	0.10300804422890247
9048	0.030142903660059985
9068	0.017200375529513253
9212	0.030547236354356137
9261	0.01813034807191563
9267	0.030547236354356137
9319	0.03163856305063613
9339	0.024913246686040117
9381	0.0219502566273995
9426	0.019032165216984847
9509	0.057351145983991034
9519	0.15534907965597233
9539	0.017736566121739978
9570	0.023719246221405307
9595	0.029566343135338957
9624	0.054452970927954314
9644	0.04658485517040431
9652	0.016399708648658574
9692	0.02785974977288427
9694	0.05724422941377533
9701	0.028847304564815116
9746	0.03836387941523215
9872	0.03748121840781215
9891	0.04327463666652501
9998	0.005934392485414977
10099	0.019683589712020243
10120	0.02468494013912172
10128	0.011785573836608528
10172	0.06117828729255033
10179	0.047235295181590496
10209	0.017045130928490113
10211	0.016304115948644258
10367	0.025632285256563952
10372	0.034903212035218074
10403	0.018783367468009536
10419	0.020381918390865672
10420	0.03340755264464194
10476	0.025029446644563986
10502	0.04463783158012404
10543	0.04301697586453099
10572	0.03791251521552803
10696	0.021056500615262652
10773	0.03450536134544189
10775	0.03523214457171844
10835	0.029946885264627864
10853	0.02067595848597374
10873	0.006032896687496938
10876	0.02274817840127092
10984	0.02322156890003185
11016	0.017626931276510507
11046	0.023517101814677848
11175	0.0675642873141162
11205	0.03313422244121228
11209	0.019751203787508685
11253	0.05724422941377533
11305	0.011234307409929688
11350	0.026963490192015275
11374	0.02627507525733225
11404	0.02238542285912184
11465	0.023319083093382004
11516	0.030449880525606973
11592	0.007723003078155161
11663	0.017252680672720944
11876	0.03639572949371406
12055	0.010345516779103087
12082	0.03557262092941113
12257	0.037068280319987275
12339	0.02785974977288427
12413	0.054452970927954314
12458	0.041628528399814096
12508	0.0404141229212073
12516	0.015885234472843273
12553	0.03187237148631415
12581	0.01437007240119297
12624	0.10878208843149377
12659	0.039367179424040485
12742	0.01981929235161828
12766	0.015446006156310322
12788	0.03096915415644308
12795	0.08357924931865282
12850	0.02403058567862012
