419
t_index	tf-idf
3	0.019480095204932983
7	0.04363306694597862
16	0.011800006171218937
56	0.015073324026863691
102	0.0180200815220716
171	0.028054142441582844
176	0.039739795954912144
189	0.012649925508390208
231	0.01943725751654249
277	0.013484670393988435
294	0.022243073409574963
304	0.04019360667335218
355	0.02696934078797687
356	0.016290486287020907
394	0.04217412047522656
445	0.033224861209321305
469	0.014853623242424358
497	0.017525585959244402
585	0.02489337728726846
596	0.015017741451315075
613	0.04082725105294614
632	0.05773640502575273
634	0.01721452264958924
665	0.022731746512275927
686	0.0349639554073622
714	0.02512797580286925
729	0.015416534534776306
742	0.01828124434458081
764	0.012649925508390208
777	0.04082725105294614
815	0.0349639554073622
854	0.017525585959244402
858	0.02907324310611774
865	0.015358137619006519
871	0.013096531652049558
872	0.011471950055436435
918	0.01238003083178642
983	0.009844109615357735
1023	0.011869905689301312
1030	0.028054142441582844
1032	0.019129651610632382
1081	0.021935467503664857
1105	0.02876681021394717
1157	0.023739811378602624
1171	0.03060045877216742
1240	0.030171147875495942
1241	0.025370807506177442
1265	0.02009680333667609
1267	0.031836221310759714
1301	0.007305508135470931
1317	0.02290261922970856
1343	0.027039647360167337
1368	0.026155041266400385
1411	0.023631713308136546
1466	0.02444677114360911
1471	0.016224265748652045
1475	0.015534827901684497
1511	0.009122883637210916
1555	0.016424859313998088
1561	0.01530022938608371
1673	0.03729234108148569
1706	0.019650197193016732
1737	0.009949760422527976
1756	0.02562247136569645
1765	0.038836492995386246
1840	0.01577765960499269
1887	0.02968995123786084
1888	0.02009680333667609
1906	0.015475428451548338
1942	0.03603067710235377
1989	0.04328191050115327
2057	0.007470934183238842
2063	0.023077818295173188
2072	0.038836492995386246
2092	0.04082725105294614
2112	0.04363306694597862
2198	0.021786644704363218
2229	0.04082725105294614
2230	0.08165450210589228
2277	0.013990675987783946
2281	0.02344211258616939
2294	0.011976096930963747
2323	0.04082725105294614
2349	0.011834867672917639
2461	0.026155041266400385
2530	0.021358467315808004
2535	0.04726342661627309
2615	0.009791883001781672
2635	0.0180200815220716
2642	0.01943725751654249
2645	0.018370535821550918
2659	0.03729234108148569
2679	0.028823823108215314
2716	0.015416534534776306
2749	0.04082725105294614
2762	0.014640683565950111
2763	0.02512797580286925
2768	0.030167381456769823
2813	0.02476006166357284
2891	0.007108548066376273
2892	0.02069892149567441
2917	0.019759175720112498
2928	0.07651860644252953
2964	0.021221433264590465
2991	0.017768417662552594
2996	0.02069892149567441
3019	0.027039647360167337
3028	0.027039647360167337
3061	0.04191049370629582
3152	0.04363306694597862
3167	0.011500934331796425
3193	0.011362098951963155
3202	0.0214982699181534
3203	0.017768417662552594
3262	0.03729234108148569
3293	0.017768417662552594
3294	0.036470357629462956
3299	0.03729234108148569
3300	0.03473661322123475
3320	0.023826655592276893
3351	0.028823823108215314
3359	0.015475428451548338
3432	0.01479977088152453
3461	0.04082725105294614
3476	0.032714693294523554
3481	0.031234103151761394
3513	0.034039919044793865
3582	0.0349639554073622
3615	0.21816533472989308
3625	0.04363306694597862
3688	0.02489337728726846
3704	0.033224861209321305
3730	0.028428287258728924
3822	0.02588363418820566
3836	0.04363306694597862
3854	0.2305905848657225
3871	0.01226750813383122
3900	0.03466380978181659
3929	0.02057423355558507
3966	0.0349639554073622
3967	0.027699193180300934
3968	0.06366429979377139
3991	0.04978675457453692
4010	0.025370807506177442
4020	0.023826655592276893
4087	0.037105302845551066
4096	0.028823823108215314
4130	0.043109379525135966
4138	0.017064082084423594
4143	0.020331401852276876
4144	0.05484373303374243
4153	0.038836492995386246
4260	0.0366912105672121
4264	0.01583972274254454
4298	0.011297122010228387
4336	0.021358467315808004
4344	0.01583972274254454
4357	0.02968995123786084
4369	0.017935172561683553
4442	0.029386614687798428
4457	0.0313108899495678
4564	0.011200786438839648
4566	0.038836492995386246
4612	0.034039919044793865
4644	0.009586831156381209
4658	0.04082725105294614
4682	0.01530022938608371
4713	0.027039647360167337
4742	0.02968995123786084
4765	0.017368306610617376
4828	0.01721452264958924
4859	0.02153629195585214
4895	0.00931445278287269
4940	0.04363306694597862
4949	0.007545745651887723
4970	0.011527261767007533
4976	0.04363306694597862
4990	0.023501161072604342
5107	0.027039647360167337
5223	0.023077818295173188
5226	0.03603067710235377
5239	0.02788623141623556
5252	0.017446499458982585
5270	0.04363306694597862
5299	0.033224861209321305
5314	0.011527261767007533
5369	0.01728775816478877
5448	0.016844381299984265
5500	0.030167381456769823
5502	0.03603067710235377
5740	0.02009680333667609
5773	0.04363306694597862
5792	0.05010508790268309
5838	0.0214982699181534
5855	0.03398014150754168
5878	0.04363306694597862
5888	0.030680208138798036
5899	0.018460994540398092
5902	0.05848669018840298
5946	0.015242801724948433
5976	0.02562247136569645
6155	0.032580972574041814
6194	0.20931811641891418
6323	0.018645538635577014
6339	0.02968995123786084
6353	0.015534827901684497
6388	0.010276750076271315
6391	0.04032135909896029
6412	0.03729234108148569
6421	0.04328191050115327
6428	0.032580972574041814
6554	0.010629500155822057
6556	0.013266355965048432
6603	0.044567616647437705
6630	0.019230675207030562
6665	0.030950856903096676
6671	0.01609369596082076
6708	0.015825163070495932
6760	0.011137299815085306
6788	0.04363306694597862
6828	0.014588456952374049
6952	0.0214982699181534
6959	0.009536503709447627
6985	0.011394817658078179
6986	0.05210491983185213
7001	0.023916968570872603
7105	0.031836221310759714
7163	0.04082725105294614
7168	0.02968995123786084
7177	0.05738895483189715
7211	0.03729234108148569
7302	0.15534597198154498
7317	0.04082725105294614
7331	0.04363306694597862
7332	0.08726613389195724
7343	0.08691102930366684
7455	0.026155041266400385
7483	0.015534827901684497
7501	0.009637527305845809
7519	0.046155636590346376
7573	0.038836492995386246
7574	0.011329534216799483
7591	0.0202772437368919
7651	0.015073324026863691
7726	0.008237332898919694
7731	0.021640955250576636
7735	0.021358467315808004
7754	0.012417948698996864
7755	0.019333195503651247
7757	0.015534827901684497
7769	0.022789635316156357
7779	0.017768417662552594
7790	0.031836221310759714
7791	0.04363306694597862
7805	0.09934948988728033
7808	0.014038565406951791
7811	0.08321078051320824
7821	0.03133488143013913
7822	0.034039919044793865
7826	0.020213108485368683
7862	0.03540001851365681
8011	0.06136041627759607
8021	0.031432296294144325
8060	0.0300902121770544
8089	0.004082663626916138
8103	0.019073007418895255
8112	0.036470357629462956
8168	0.02673204145425723
8285	0.027039647360167337
8292	0.01828124434458081
8341	0.028823823108215314
8365	0.038836492995386246
8386	0.01047488203249016
8388	0.04804743700247659
8414	0.028368509721476736
8432	0.03729234108148569
8454	0.021786644704363218
8505	0.022598615295054716
8617	0.028823823108215314
8645	0.01116897032094596
8719	0.022659068433598967
8724	0.07558717382005682
8730	0.10809203130706131
8805	0.03311607893011136
8844	0.02057423355558507
8874	0.019869897977456072
8877	0.004727404880410184
8882	0.09276325711387767
8888	0.03603067710235377
8920	0.03603067710235377
8926	0.030680208138798036
8927	0.021935467503664857
8933	0.08280946682607812
8943	0.023631713308136546
8944	0.027699193180300934
8946	0.04082725105294614
8955	0.02108706023761328
8960	0.04363306694597862
8964	0.02736156556373735
9008	0.016631441623510015
9067	0.019230675207030562
9068	0.02453501626766244
9156	0.03747937931742031
9204	0.02290261922970856
9225	0.02069892149567441
9272	0.018552651422775533
9276	0.01615867290255553
9389	0.03908581664742546
9396	0.030680208138798036
9441	0.06033476291353965
9443	0.024899873104371546
9475	0.04082725105294614
9495	0.00693423170943402
9497	0.01893192406042433
9509	0.020451752597957996
9519	0.027699193180300934
9534	0.020331401852276876
9539	0.012649925508390208
9580	0.010619960584183926
9589	0.030167381456769823
9602	0.024666471928048446
9652	0.011696463190276314
9672	0.30543146862185033
9793	0.48992701263535376
9818	0.02344211258616939
9820	0.011834867672917639
9821	0.02290261922970856
9853	0.04363306694597862
9885	0.022402160725149382
9891	0.05331050196761697
9907	0.0349639554073622
9998	0.012697433487878372
10133	0.017064082084423594
10135	0.02876681021394717
10139	0.038836492995386246
10148	0.024027249157622933
10153	0.028054142441582844
10155	0.022564991613144975
10189	0.04244286652918093
10190	0.087627929796222
10191	0.03747937931742031
10209	0.012156785876487651
10375	0.02424053735181032
10379	0.02736156556373735
10419	0.01453662155305887
10432	0.04363306694597862
10442	0.021640955250576636
10476	0.0178512928261731
10515	0.04363306694597862
10535	0.024666471928048446
10541	0.014907897979095782
10567	0.038836492995386246
10605	0.04363306694597862
10618	0.024027249157622933
10620	0.023826655592276893
10658	0.021358467315808004
10873	0.017210928693375205
10880	0.03037169344963778
10890	0.027604730452771363
10916	0.02924334509420149
10948	0.022412802549716525
10976	0.012610718641743833
11047	0.028428287258728924
11065	0.023077818295173188
11066	0.07767298599077249
11110	0.031234103151761394
11204	0.2617984016758717
11265	0.02444677114360911
11305	0.00801243887337225
11316	0.013396516419026604
11350	0.019230675207030562
11370	0.033224861209321305
11401	0.08994553928033203
11404	0.015965544271538335
11416	0.06033476291353965
11455	0.022402160725149382
11516	0.021717209393546485
11592	0.011016271466435018
11615	0.0349639554073622
11618	0.04363306694597862
11699	0.016561893365215626
11760	0.02290261922970856
11775	0.008405608508627423
11802	0.019230675207030562
11807	0.01954290832371273
11817	0.02344211258616939
11872	0.022402160725149382
11959	0.04363306694597862
12006	0.04082725105294614
12110	0.031234103151761394
12115	0.0349639554073622
12135	0.04363306694597862
12183	0.03412816416884719
12188	0.008777387920366165
12193	0.017509913607273855
12222	0.038836492995386246
12262	0.014333077660040005
12371	0.01609369596082076
12420	0.016631441623510015
12439	0.04363306694597862
12488	0.027725974369078244
12489	0.03550460301875291
12537	0.044225604301629806
12580	0.038836492995386246
12581	0.010248902982548248
12590	0.014962601769520124
12612	0.011696463190276314
12632	0.019129651610632382
12685	0.023077818295173188
12699	0.02827070021966391
12737	0.017064082084423594
12739	0.07622803813010451
12753	0.02673204145425723
12762	0.019982420675411266
12766	0.022032542932870037
12820	0.02673204145425723
12829	0.013228408220982892
12868	0.029492668746240704
12881	0.0349639554073622
