155
t_index	tf-idf
190	0.03038366819567743
253	0.09806236791762721
320	0.03541900151097562
371	0.05232901832943076
393	0.033719021743268685
585	0.05979103317758817
731	0.042677698478393235
760	0.08654154818677848
764	0.06076733639135486
872	0.013777153225549735
902	0.01876867807415048
1011	0.06571933794009067
1044	0.046189873156305496
1122	0.038195612379033295
1301	0.017546991485582107
1420	0.05839840687632684
1545	0.07980230066666358
1648	0.10480161543774211
1747	0.050021413684851225
1999	0.04134730627347813
2002	0.04971643210988202
2086	0.10537294720136767
2129	0.08457319477392235
2242	0.0780511004285518
2294	0.057530418687181555
2333	0.07369033625101465
2396	0.047459270689127045
2464	0.02928737886773331
2590	0.05676066120496613
2645	0.044123917141535796
2689	0.03881127644807842
2702	0.03430639839520847
2756	0.09806236791762721
2822	0.036204393103690335
2891	0.017073916020971615
2918	0.028765209343590777
3167	0.013811961676999886
3202	0.051636375213517785
3305	0.04045826926338359
3319	0.06571933794009067
3362	0.07646694711907233
3437	0.09328079570689338
3502	0.18656159141378675
3621	0.05033209617892714
3692	0.03745677832234224
3826	0.07023915624519594
3856	0.05820687986810869
4032	0.0839794051910543
4090	0.114457780363728
4240	0.0649461273882236
4330	0.08824783428307159
4457	0.03008206461004225
4461	0.07646694711907233
4510	0.05771069288715421
4516	0.051300585419361486
4617	0.04045826926338359
4668	0.0780511004285518
4708	0.0538060051757025
4889	0.04719751678349849
4970	0.027687158829605298
5240	0.056305262046916535
5314	0.027687158829605298
5329	0.04478444231606782
5362	0.03155740486304124
5414	0.027527340006976313
5484	0.02039514204583159
5494	0.06923151261800294
5531	0.12515003305618938
5538	0.04570807045101528
5690	0.0360708901410199
5842	0.06271187074428367
5915	0.051300585419361486
5934	0.02667479264818457
6061	0.04941694599850814
6388	0.02468357337284161
6484	0.05232901832943076
6524	0.0649461273882236
6554	0.012765419274848295
6614	0.02859473575182034
6623	0.07131185290843689
6657	0.10480161543774211
6779	0.051300585419361486
7042	0.06093776572935686
7187	0.030765777656112454
7327	0.022489295783553596
7428	0.08957192015940052
7481	0.027607057327619762
7501	0.023148233694608052
7543	0.13046592370801688
7551	0.046939821241824345
7743	0.025863849890572173
7754	0.029826486542629406
8010	0.04772521283453906
8036	0.01826006725096363
8137	0.07502072845592976
8370	0.04116565386983511
8414	0.03406895107846713
8499	0.09328079570689338
8596	0.05924603256538777
8724	0.025935958591493526
8751	0.4224583911764191
8760	0.10480161543774211
8777	0.02543764629508411
8790	0.09806236791762721
8877	0.011354683568511216
8917	0.0676696964029923
9029	0.057228890181864
9070	0.0452398414741174
9203	0.13143867588018135
9204	0.05500946096685435
9225	0.04971643210988202
9280	0.03961438094594043
9397	0.07131185290843689
9423	0.07369033625101465
9426	0.09780929223206124
9553	0.033376307962554155
9556	0.08654154818677848
9570	0.04063231304730451
9755	0.04854956505596284
9844	0.03541900151097562
9845	0.09716588861506073
9891	0.06739247520114906
9986	0.029024243617454665
9998	0.010165925635332715
10120	0.042286597386961174
10128	0.04037861246526807
10179	0.04045826926338359
10288	0.46640397853446697
10452	0.019341873823718842
10492	0.07980230066666358
10693	0.08957192015940052
10775	0.12070902373567398
10873	0.02066933700171342
10890	0.03315169603772838
10985	0.05232901832943076
11127	0.0402860290744395
11153	0.0280935612150917
11381	0.10685061531474976
11455	0.1614222513534297
11544	0.01963605901669579
11567	0.02667479264818457
11640	0.04328216616473632
11660	0.02690300258785125
11673	0.046939821241824345
11889	0.04730891095914293
11943	0.06093776572935686
11969	0.08175997597604466
12055	0.017722412950260804
12193	0.021028400713724395
12394	0.10480161543774211
12405	0.04348864123600563
12581	0.02461668785202693
12649	0.07033048081282249
12699	0.03395148748362247
12829	0.02118207815409573
