347
t_index	tf-idf
44	0.016214833440514897
91	0.015461639889847575
133	0.05784787981294758
140	0.04067522906988722
158	0.045129469083244986
190	0.01677102760981919
338	0.06166887275991541
415	0.037193641744809
579	0.042207849069224375
639	0.040569498895528446
660	0.02059577564153539
687	0.023448451951282735
698	0.03300316017746681
738	0.015238407610482044
758	0.03540592131205001
863	0.020361523067698988
865	0.040723046135397976
869	0.05148867444809629
871	0.01736312943374361
880	0.02252510858781595
918	0.01641320644557098
928	0.05784787981294758
1132	0.09553755555054695
1148	0.0542290794142698
1157	0.015736892356337306
1267	0.042207849069224375
1273	0.01719782056418048
1301	0.009685501986749117
1386	0.04635453869640847
1471	0.021509819060927707
1476	0.03133047037274808
1632	0.03627543665873437
1700	0.05412798314012477
1724	0.11569575962589516
1756	0.03396977906477657
1774	0.02869116168071959
1821	0.05412798314012477
1850	0.05784787981294758
1905	0.024719896022297322
1944	0.017035437669460796
1981	0.023341147873742498
1982	0.03999533333155717
1999	0.022822682588496818
2034	0.05784787981294758
2057	0.01980964130976694
2069	0.02808189357494125
2090	0.05148867444809629
2111	0.03331418637123799
2146	0.563894721591814
2152	0.045129469083244986
2163	0.042207849069224375
2219	0.023557025929031774
2238	0.04635453869640847
2264	0.023448451951282735
2277	0.01854856877343132
2351	0.02869116168071959
2353	0.07568914720125153
2389	0.031588921098601806
2407	0.029489438339521785
2430	0.014765617597806665
2506	0.013191200742377972
2574	0.05412798314012477
2587	0.035050367045570886
2590	0.03133047037274808
2593	0.05412798314012477
2615	0.012981889898567297
2664	0.021509819060927707
2702	0.018936276916075308
2712	0.02634312805740887
2730	0.030363851485438326
2784	0.03627543665873437
2836	0.08616452443028184
2837	0.03672305685028962
2891	0.009424376120464173
2914	0.030137311727561743
2915	0.08281914482084436
2955	0.07002344362122749
2990	0.030596127032213122
3000	0.02013310311839378
3052	0.04308226221514092
3093	0.023026566402250474
3144	0.0387702637183937
3159	0.027276922601854582
3167	0.02287157585505271
3181	0.017307694859987663
3193	0.04519095589198955
3202	0.02850199221501806
3212	0.043195225950666674
3216	0.021957439252482953
3231	0.027442231471417708
3294	0.04835169775015849
3432	0.09810625600459845
3433	0.0637003666160029
3479	0.05784787981294758
3597	0.0318548641842381
3710	0.0318548641842381
3781	0.05412798314012477
3808	0.016463477223645523
3862	0.030137311727561743
3863	0.04635453869640847
3900	0.0689349171099997
3981	0.012577071551224015
4011	0.019069241475949676
4130	0.011430717023253599
4133	0.047768777775273476
4138	0.02262323138458606
4207	0.028884313952667245
4254	0.03396977906477657
4264	0.02099999934947452
4298	0.01497750678605751
4313	0.04308226221514092
4330	0.02435530258783396
4358	0.040723046135397976
4369	0.02377810636271045
4421	0.05239266924212053
4457	0.024906824920854567
4472	0.014396128977432308
4507	0.05412798314012477
4514	0.028134967511415292
4521	0.045129469083244986
4553	0.029081620353752603
4564	0.014849786940869756
4620	0.012878998419633478
4621	0.04308226221514092
4638	0.02850199221501806
4640	0.014040946787470625
4644	0.025420072222196763
4709	0.02389067702710247
4765	0.023026566402250474
4878	0.020438944573940573
4949	0.03001201277759615
4955	0.0318548641842381
4970	0.015282621643255695
4985	0.019204161466969905
4987	0.024236921667361827
4992	0.04824009765028946
5002	0.09553755555054695
5020	0.047768777775273476
5065	0.042207849069224375
5091	0.015925091654000724
5119	0.074387283489618
5122	0.03396977906477657
5153	0.04944146757999221
5192	0.05784787981294758
5216	0.034615389719975326
5239	0.05545654281188841
5252	0.046260465949340975
5337	0.029489438339521785
5344	0.05412798314012477
5362	0.017418900997859154
5414	0.030388811272469
5577	0.07872473108463622
5591	0.05412798314012477
5607	0.04944146757999221
5612	0.2951609753341374
5632	0.04635453869640847
5786	0.032702333422260164
5946	0.020208612960649873
6102	0.1355726985356745
6109	0.0387702637183937
6147	0.042207849069224375
6155	0.021597612975333337
6168	0.05740936036360653
6230	0.037193641744809
6307	0.0708816514372078
6353	0.02059577564153539
6379	0.054884462942835416
6388	0.02724943465541255
6510	0.05148867444809629
6559	0.015877678659360236
6587	0.024844719635480766
6628	0.030363851485438326
6665	0.06155107498361707
6696	0.03840832293393981
6708	0.02098069641668213
6723	0.05784787981294758
6745	0.03331418637123799
6755	0.017475013674578845
6798	0.02808189357494125
6826	0.07858900386318078
6828	0.019341095263418595
6836	0.025769541666698977
6837	0.04635453869640847
6922	0.03999533333155717
6947	0.02005820968988764
7069	0.09025893816648997
7097	0.02991623129388307
7195	0.12747829409693404
7247	0.0475562127254209
7281	0.01927237288932206
7400	0.05784787981294758
7421	0.10198263527754722
7455	0.03467584998218555
7472	0.02099999934947452
7551	0.05181922294416112
7574	0.03004095653058359
7591	0.013441589610029397
7651	0.019983922692557575
7811	0.02757981255494387
7832	0.013963850585512166
7862	0.015644220921482214
7947	0.03672305685028962
7963	0.05784787981294758
8037	0.007247033821575493
8041	0.02590961147208056
8045	0.03936236554231811
8063	0.04308226221514092
8074	0.05148867444809629
8089	0.016238150421486977
8131	0.019341095263418595
8172	0.03999533333155717
8348	0.05784787981294758
8388	0.015925091654000724
8415	0.05784787981294758
8505	0.06741182007852552
8604	0.03133047037274808
8641	0.04635453869640847
8651	0.013477923891357673
8653	0.07934851702483588
8661	0.04140957241042218
8724	0.014316002755945939
8731	0.02590961147208056
8768	0.047768777775273476
8773	0.034316023705035927
8777	0.014040946787470625
8782	0.042207849069224375
8783	0.045129469083244986
8825	0.035050367045570886
8873	0.03107910138714862
8950	0.0324110583535424
8965	0.021597612975333337
9063	0.03627543665873437
9068	0.032528052039469534
9109	0.014934735640787133
9124	0.026051852988691098
9139	0.043372510306508676
9210	0.03672305685028962
9260	0.014934735640787133
9267	0.05776862790533449
9299	0.037689675737599376
9306	0.019480103893153418
9307	0.03722411928609098
9328	0.038214069549089395
9358	0.05784787981294758
9432	0.05148867444809629
9503	0.06062583888194961
9580	0.014079739209089276
9704	0.06816724496670393
9728	0.02850199221501806
9737	0.04308226221514092
9891	0.04463876007387367
9976	0.03300316017746681
9998	0.016834012774052314
10038	0.08232669441425314
10102	0.09694768666944731
10166	0.02664395481261552
10167	0.07848500480367877
10173	0.0271145397071349
10203	0.030596127032213122
10206	0.0324110583535424
10209	0.01611723258338616
10217	0.02808189357494125
10228	0.027175596374329713
10273	0.030363851485438326
10279	0.03999533333155717
10342	0.029489438339521785
10357	0.022142786850166768
10414	0.038214069549089395
10452	0.021352464609219007
10455	0.04635453869640847
10474	0.030363851485438326
10607	0.04067522906988722
10638	0.04944146757999221
10658	0.05663328923466851
10660	0.06250849959228681
10661	0.028134967511415292
10665	0.06155107498361707
10688	0.04944146757999221
10738	0.026196334621060264
10786	0.045129469083244986
10821	0.027276922601854582
10853	0.019550406107229266
10867	0.017588279237213487
10873	0.005704479447641368
10890	0.03659781998542061
10920	0.019069241475949676
10948	0.01980964130976694
10974	0.025631578254173355
11002	0.04635453869640847
11020	0.0318548641842381
11032	0.02323508433356388
11065	0.030596127032213122
11184	0.02142285732884781
11188	0.04308226221514092
11199	0.02634312805740887
11202	0.021775762146563998
11205	0.03133047037274808
11236	0.05148867444809629
11238	0.05412798314012477
11280	0.05148867444809629
11306	0.019621251200919693
11316	0.01776084346029343
11322	0.0387702637183937
11369	0.04308226221514092
11401	0.017035437669460796
11404	0.021166811109375
11481	0.020438944573940573
11514	0.05159346169254144
11516	0.028792257954864616
11544	0.03251584559798755
11592	0.021907740816138173
11627	0.021775762146563998
11702	0.06178732692460617
11718	0.029081620353752603
11823	0.03396977906477657
11857	0.01641320644557098
11876	0.005735738060653693
12057	0.051539083333397955
12183	0.02262323138458606
12262	0.019002518316078503
12434	0.03272641924810002
12467	0.021957439252482953
12488	0.08576997994735935
12516	0.03004095653058359
12520	0.021957439252482953
12537	0.03518007265631525
12566	0.009685501986749117
12581	0.027175596374329713
12584	0.017645440755735733
12610	0.047768777775273476
12612	0.015506945631517867
12620	0.05148867444809629
12633	0.05784787981294758
12647	0.029081620353752603
12649	0.01941033630184768
12657	0.03363612796670587
12664	0.0324110583535424
12719	0.016875878968712583
12739	0.02245814774472439
12748	0.013736374617211397
12754	0.04308226221514092
12766	0.043815481632276346
12768	0.02186615099636916
12792	0.05983246258776614
12829	0.017537968848979867
12855	0.02323508433356388
12860	0.0387702637183937
