57
t_index	tf-idf
102	0.07792710853422107
158	0.2944084867375008
250	0.07510853447823995
765	0.1097150236369982
1105	0.06220044950906224
1203	0.03805477444052413
1454	0.10765039610238536
1557	0.28735911791763813
1737	0.21513666832920614
2109	0.0575562666284622
2396	0.1708955011110226
2430	0.04816279939717714
2464	0.052730280250348704
2493	0.04167709427087137
2634	0.07477417089008637
2716	0.06666817563736363
3441	0.18868942071186148
3522	0.07983381892236195
3587	0.09979908519383045
3735	0.18124022290204633
4430	0.04857556773185344
4640	0.04579905303600977
5234	0.2971243319147198
5345	0.08405562839679546
5369	0.03738010300260805
6019	0.05718451986266553
6180	0.2567859695478818
7356	0.09358542948489589
7754	0.05370091333126616
7821	0.03387660459696806
7888	0.12293697028726351
8034	0.12464744895709351
8037	0.04727705209228034
8089	0.017655312556368267
8133	0.18868942071186148
8283	0.28105324262936876
8541	0.08641316427131364
8877	0.04088693969000204
9307	0.06070920427259689
9495	0.0299868025769276
9541	0.07411644705551815
9998	0.03660635594439496
10099	0.06070920427259689
10477	0.05574206088836085
10706	0.18868942071186148
10873	0.018606990021391483
11109	0.11080333374652007
11876	0.018708950017170475
12020	0.3225384199724798
12055	0.03190820884996416
12188	0.037957456534231174
12337	0.26691730489632803
12338	0.09485903572707369
12354	0.10303740158293216
12387	0.058313907850719375
12488	0.03996661560104135
12829	0.019068570840609027
