162
t_index	tf-idf
75	0.034915923981069734
189	0.027334165378599503
240	0.03703400075163865
632	0.03118944143767853
697	0.04645381230955224
758	0.05770614246431912
872	0.012394388402617482
1100	0.03141096896688289
1156	0.053299714890863395
1168	0.06879222630685207
1273	0.028029771483862976
1368	0.1130324795961367
1600	0.043425500460184174
1674	0.07355401231630976
1737	0.021499604617152696
1885	0.04419248061373973
1916	0.07555068516102571
2076	0.029137895743394805
2167	0.027852812794589395
2389	0.0514850260538103
2422	0.05236485832587876
2629	0.04986692620752109
2633	0.06318949708424662
2645	0.03969535345537859
2668	0.05282498185218348
2689	0.034915923981069734
2716	0.03331229929053487
2762	0.03163582786175247
2768	0.06518616992896258
2829	0.05912331718005241
2833	0.040493027088188735
2891	0.015360266613362816
2894	0.04806319584272579
2942	0.06879222630685207
2991	0.03839428671592612
3216	0.03578720933394206
3238	0.0303347611223
3268	0.0514850260538103
3285	0.03989081813058676
3439	0.038217328026652536
3543	0.07179282205055258
3808	0.026832906104957786
3811	0.07179282205055258
3818	0.05482165469689943
3839	0.03839428671592612
3852	0.09428304278043605
3900	0.037451062798751086
3908	0.058427711074788925
3936	0.10564996370436695
3981	0.02049866959603333
4034	0.08391852754837291
4113	0.5743425764044207
4120	0.09056087842626574
4130	0.01863029009186367
4200	0.07904372036193574
4229	0.06415453092431046
4298	0.024411005513430555
4429	0.04246046662012033
4516	0.046151724566005206
4598	0.1041323945565881
4682	0.03306098522812103
4691	0.08822019003152587
4708	0.024202842039389928
4709	0.038938086088605946
4895	0.020126821506524308
4949	0.016304970287512367
5178	0.05191847190180481
5216	0.028208849489237693
5556	0.06490116138170586
5683	0.054296939991426214
5727	0.09897670641818869
5934	0.023997536735510368
5946	0.032936894601204955
6194	0.050255333362649895
6421	0.046762129103273306
6428	0.17600374246152486
6554	0.02296839732047273
6603	0.01926048660386323
6701	0.1115922640110628
6732	0.038217328026652536
6760	0.02406565910721542
6796	0.05191847190180481
6881	0.08391852754837291
6986	0.03752972022846745
7187	0.08303377153516693
7343	0.21909856473654682
7366	0.08303377153516693
7481	0.04967246652048366
7483	0.03356790952729992
7501	0.02082492620561539
7671	0.038938086088605946
7726	0.017799363291768715
7731	0.046762129103273306
7804	0.06318949708424662
7821	0.016927230728792386
7832	0.04551780726936125
8036	0.01642736798097331
8037	0.023623074935166015
8049	0.04645381230955224
8112	0.07880574365431735
8437	0.2517555826451187
8530	0.06318949708424662
8665	0.03163582786175247
8805	0.01788944088180666
8877	0.010215053576957744
8965	0.03520074849230497
9010	0.053299714890863395
9014	0.062282987133867956
9381	0.03382796538167659
9389	0.04222863508127898
9458	0.038938086088605946
9499	0.07021738367322064
9527	0.05236485832587876
9528	0.06318949708424662
9539	0.027334165378599503
9552	0.06415453092431046
9707	0.08058189890528378
9831	0.05236485832587876
9891	0.018188558246730508
9921	0.07785567479946273
9941	0.2264021960656644
10058	0.07785567479946273
10121	0.028029771483862976
10128	0.03632595194812713
10184	0.046762129103273306
10189	0.04585561915289465
10190	0.26508700407317026
10191	0.040493027088188735
10224	0.03043896248284728
10476	0.03857336472130084
10498	0.06061984859471304
10541	0.03221322912436265
10835	0.046151724566005206
10853	0.03186411984921584
10867	0.057332316728582924
10890	0.02982437591933838
11020	0.05191847190180481
11116	0.04090841031905648
11305	0.034626817225985
11401	0.05553022526553283
11516	0.023463450149613443
11557	0.05651623979806835
11636	0.02049866959603333
11783	0.053299714890863395
11802	0.041553956669741675
11889	0.014186893516943449
12052	0.04317834053996305
12166	0.04772716294333715
12262	0.03097114800272848
12383	0.07179282205055258
12420	0.03593749034490544
12434	0.05333897103915102
12488	0.019970245890236858
12489	0.025572975112842303
12566	0.015785861143389333
12567	0.04200034309381562
12739	0.01830164313222832
12762	0.04317834053996305
12766	0.011902069538645109
12829	0.019056106839951726
12867	0.03989081813058676
12868	0.09559235954764751
