384
t_index	tf-idf
15	0.014388600152351893
16	0.015505161165850692
78	0.05733367638466795
180	0.03032416143100328
181	0.02824864114740501
192	0.033018060240119114
277	0.01771880325258914
278	0.018136252998496215
320	0.0193766247019798
371	0.028627564469263664
385	0.03157170980720852
534	0.030093950555964824
553	0.031843158140075385
561	0.04472831820625381
585	0.032709798723906384
596	0.019733252523008057
604	0.03664239714310898
632	0.01896635162879438
633	0.022133450017367096
659	0.08539861746875792
660	0.08165080824681992
687	0.0697200637383798
729	0.04051453009637152
735	0.03436762017329704
738	0.015102955084647577
744	0.038425639117046745
764	0.06648780717487872
774	0.04472831820625381
872	0.030148193469589912
977	0.05162637146935919
982	0.0258202809386326
983	0.012935120872454174
1005	0.02655994413739283
1020	0.015736543723625943
1032	0.05027257222845856
1072	0.049001987823586036
1081	0.028823117035494786
1106	0.05733367638466795
1148	0.1881146508636792
1157	0.03119401770906924
1211	0.05311988827478566
1212	0.038425639117046745
1242	0.05733367638466795
1301	0.009599408627021855
1343	0.03552998906134088
1358	0.024623877660761562
1427	0.07685127823409349
1471	0.021318620649878457
1475	0.02041270206170498
1497	0.01771880325258914
1511	0.023974865612743233
1556	0.04734416637419537
1587	0.027884878885943015
1797	0.0410414872849883
1879	0.039177837274988865
1906	0.020334651420530703
1996	0.43524523989765806
1999	0.022619814278240852
2025	0.031843158140075385
2057	0.019633555591372257
2075	0.028064941084089974
2076	0.01771880325258914
2087	0.03676738517966027
2109	0.017488592377550682
2138	0.049001987823586036
2146	0.025403741979911777
2167	0.016937342156919534
2264	0.0232400212461266
2269	0.027034461043018803
2290	0.03963981922143294
2291	0.04472831820625381
2304	0.08945663641250762
2332	0.032122960027839674
2349	0.015550969040395737
2373	0.02965030921096037
2379	0.03686303156242675
2392	0.049001987823586036
2407	0.029227309972133825
2430	0.014634367650288985
2431	0.02450016359091898
2436	0.026108966895365772
2453	0.028436129106574164
2461	0.03436762017329704
2464	0.016022206290849526
2493	0.012663672539587311
2506	0.013073945612772728
2520	0.07685127823409349
2534	0.031843158140075385
2541	0.04269930873437896
2603	0.03787438889641559
2634	0.02272028871343381
2635	0.023678315431984714
2653	0.04183266815054796
2679	0.03787438889641559
2702	0.018767954437523226
2709	0.02513628611422928
2712	0.052217933790731544
2729	0.041301912285621696
2731	0.029436350071912778
2759	0.07279325929034379
2761	0.05733367638466795
2762	0.03847559992332249
2763	0.033018060240119114
2785	0.04734416637419537
2786	0.05733367638466795
2793	0.03401099235226878
2796	0.02902296780264088
2813	0.01626731126236523
2865	0.06802198470453756
2891	0.009340603879783803
2909	0.008866086974157828
2917	0.025963478289694857
2955	0.023133670982705707
2964	0.027884878885943015
2974	0.05364684546340243
3000	0.059862426550892196
3061	0.027535111000258086
3077	0.04082540412340996
3123	0.03686303156242675
3181	0.01715384866784716
3187	0.04370729625920561
3193	0.044789258465531855
3212	0.021405634173854646
3214	0.01667376301006204
3238	0.03689323819220318
3242	0.03543760650517828
3272	0.038425639117046745
3294	0.03194793655844457
3318	0.032734467258160115
3349	0.03032416143100328
3390	0.021945962058197942
3422	0.03080284268012604
3432	0.019446840061440204
3440	0.03552998906134088
3476	0.021493488421225303
3809	0.015973968279222286
3839	0.0466952602435066
3862	0.029869424485029203
3869	0.024138810987312954
3900	0.06832216222908183
3954	0.05733367638466795
3959	0.028436129106574164
3980	0.03157170980720852
3992	0.028627564469263664
4002	0.04734416637419537
4011	0.018899737090078805
4044	0.08731467090585973
4045	0.12312446185496491
4046	0.05103099729546087
4050	0.1720010291540038
4057	0.03595298830016744
4148	0.019237799961661244
4182	0.07424789455592598
4200	0.016022206290849526
4260	0.01607070157308853
4280	0.028627564469263664
4283	0.03787438889641559
4298	0.014844373378897642
4337	0.039012477813113455
4349	0.036396629645171895
4353	0.03753590887504645
4358	0.020180531733180584
4415	0.02402148234179621
4430	0.014759788174836082
4442	0.019306947396536905
4454	0.031843158140075385
4457	0.008228476966366086
4482	0.10206199459092175
4541	0.05364684546340243
4555	0.03787438889641559
4564	0.014717788821337839
4571	0.05733367638466795
4587	0.009939822215429628
4620	0.025529036844134986
4640	0.01391613835892052
4708	0.044153366464013515
4859	0.028298601953680766
4911	0.05364684546340243
4973	0.10537738837410555
4987	0.07206444702538863
4992	0.09562259347757238
5111	0.04734416637419537
5123	0.0410414872849883
5198	0.035125796124701854
5314	0.04544032831127011
5329	0.02450016359091898
5515	0.014388600152351893
5548	0.011956452047725366
5553	0.04031367144147585
5556	0.019733252523008057
5584	0.026256821272837808
5700	0.04734416637419537
5740	0.052814239269398634
5769	0.011956452047725366
5787	0.043657335452929866
5788	0.03333714013222587
5816	0.06603612048023823
5855	0.04464977076011319
5892	0.03787438889641559
5911	0.13782749493192004
5915	0.028064941084089974
6019	0.017375636342777646
6071	0.026873521551954174
6102	0.026873521551954174
6125	0.07279325929034379
6168	0.03793270325758876
6246	0.08597395368490121
6348	0.008457109085629015
6388	0.02700721743390327
6554	0.006983560459080294
6559	0.015736543723625943
6580	0.03820212578140941
6601	0.01641760962422674
6603	0.011712334194906426
6620	0.019733252523008057
6665	0.020334651420530703
6671	0.02114705246810471
6684	0.043657335452929866
6745	0.033018060240119114
6798	0.01391613835892052
6827	0.018015013284113496
6828	0.019169174399191746
6909	0.023728276238260463
6958	0.015505161165850692
6959	0.025061855871630283
6985	0.014972745071516575
6995	0.03333714013222587
7187	0.016830991893498636
7195	0.025269030718001448
7291	0.05103099729546087
7353	0.03032416143100328
7421	0.050538061436002896
7441	0.03366782544245729
7454	0.032709798723906384
7483	0.02041270206170498
7501	0.012663672539587311
7522	0.09468833274839074
7531	0.01870277248193689
7651	0.03961257561231741
7700	0.034639360407871085
7726	0.021647645318361792
7769	0.014972745071516575
7811	0.03644621152092852
7821	0.010293477385464385
7832	0.013839727456604549
7888	0.037354656363722795
7892	0.05103099729546087
7901	0.037354656363722795
7930	0.04183266815054796
8023	0.024138810987312954
8035	0.019446840061440204
8036	0.009989510010472576
8037	0.014365231473252896
8089	0.010729207527991003
8103	0.012530927935815141
8117	0.030093950555964824
8257	0.04734416637419537
8311	0.032122960027839674
8442	0.03401099235226878
8492	0.10918988893551566
8504	0.019660799200487793
8505	0.007423622648806763
8538	0.0410414872849883
8539	0.061952868428432534
8542	0.04183266815054796
8598	0.026108966895365772
8645	0.014675982568997348
8651	0.013358120111280725
8656	0.036396629645171895
8724	0.0283774987704116
8735	0.2551549864773044
8751	0.025679303791186867
8775	0.020650956142810848
8778	0.022324885380056596
8805	0.010878598992702219
8875	0.039012477813113455
8877	0.031058956030790473
8879	0.014510653580446403
8914	0.029869424485029203
8965	0.021405634173854646
8982	0.05364684546340243
8985	0.03333714013222587
8990	0.03157170980720852
8992	0.035125796124701854
8997	0.04504087589257543
9019	0.04594249831064001
9048	0.02824864114740501
9065	0.03080284268012604
9067	0.025269030718001448
9088	0.04472831820625381
9124	0.0258202809386326
9135	0.02736514635325022
9260	0.029603964843247583
9280	0.021671785190016887
9327	0.0464800424922532
9353	0.03333714013222587
9381	0.020570842462747103
9424	0.04594249831064001
9443	0.02181222280115866
9465	0.037354656363722795
9503	0.1001449041361045
9510	0.02402148234179621
9525	0.0232400212461266
9586	0.039012477813113455
9595	0.027708313263061713
9630	0.028064941084089974
9652	0.030738212201619628
9820	0.015550969040395737
9891	0.09217077303163765
10038	0.05439660100051794
10099	0.01844661909610159
10102	0.02402148234179621
10116	0.01667376301006204
10121	0.06817980413018492
10131	0.03175650649891854
10133	0.022422135974100265
10153	0.03686303156242675
10166	0.052814239269398634
10167	0.07778736024576081
10171	0.039177837274988865
10209	0.015973968279222286
10211	0.030559041415057747
10228	0.013467017746581654
10411	0.09800397564717207
10419	0.05730318867211412
10452	0.01058133245227453
10477	0.016937342156919534
10550	0.05364684546340243
10575	0.05364684546340243
10576	0.05733367638466795
10695	0.022324885380056596
10708	0.03595298830016744
10736	0.02902296780264088
10746	0.02671538115091205
10771	0.024138810987312954
10873	0.022615091834073193
10939	0.049001987823586036
10948	0.009816777795686129
11041	0.04472831820625381
11092	0.03401099235226878
11103	0.037354656363722795
11132	0.04445732782427553
11175	0.025327345079174623
11184	0.04246486382210204
11243	0.0410414872849883
11279	0.02345652775705423
11316	0.017602969280186027
11364	0.02965030921096037
11400	0.024623877660761562
11437	0.039177837274988865
11455	0.029436350071912778
11465	0.04370729625920561
11525	0.1470059634707581
11567	0.029185884643689673
11592	0.007237668440820518
11636	0.012465275348316157
11649	0.04269930873437896
11775	0.011044936140897882
11792	0.05364684546340243
11876	0.011369507434329094
12081	0.04472831820625381
12323	0.022520437946287716
12339	0.052217933790731544
12377	0.026108966895365772
12504	0.06268686423315571
12516	0.014886962889388873
12520	0.021762261994882903
12525	0.02049142847441287
12537	0.011622453622548821
12566	0.009599408627021855
12584	0.017488592377550682
12612	0.015369106100809814
12624	0.016990987409076688
12628	0.2551549864773044
12647	0.028823117035494786
12681	0.07685127823409349
12693	0.04734416637419537
12715	0.05733367638466795
12719	0.033451742280878945
12737	0.022422135974100265
12739	0.02225851974451956
12766	0.036188342204102594
12829	0.023176101035639416
12850	0.022520437946287716
