225
t_index	tf-idf
3	0.03750717813253562
15	0.02108374765761205
16	0.022719854742642716
121	0.07477618797530589
161	0.05147015094758115
163	0.06129779198754174
166	0.042234777521624266
171	0.05401573795417164
179	0.04478036452821474
182	0.03215761931246262
184	0.03098696976904482
190	0.02435629828371416
222	0.03645172370339118
278	0.026575217715838883
279	0.041948232554319606
395	0.045500746854709194
419	0.07477618797530589
635	0.05333231495080043
660	0.029910919389101082
731	0.0684229927412149
744	0.1126108822467842
902	0.03009087109699611
918	0.04767328052652542
932	0.044434271629645666
977	0.02521619840273793
1006	0.032571864929666176
1022	0.03243234713713686
1067	0.06937384084096443
1095	0.09676333248202974
1119	0.044434271629645666
1157	0.11427220001272934
1207	0.0368324303872828
1301	0.028132202856627573
1525	0.07860921426692133
1600	0.07738918878100416
1622	0.06731996378281958
1745	0.05473612028066608
1868	0.05035918877820875
1987	0.06937384084096443
1999	0.06629004229108787
2025	0.04666007142724339
2054	0.04666007142724339
2167	0.12409221336543837
2283	0.07860921426692133
2437	0.04034745047515177
2471	0.18828027078974083
2473	0.07860921426692133
2493	0.16700575877750212
2535	0.09100149370941839
2643	0.05268224322252125
2793	0.049836618763987116
2822	0.31924568525723773
2834	0.0488492169309058
3105	0.05333231495080043
3214	0.02443221773380867
3241	0.02923898739760416
3242	0.025963524777731877
3347	0.0563054411233921
3390	0.03215761931246262
3438	0.030863026294410834
3624	0.04252762068211751
3741	0.17378747918625742
3809	0.02340680210192454
4089	0.06731996378281958
4090	0.045876090758314135
4099	0.10803147590834328
4148	0.0281893245753296
4182	0.0362653734287523
4200	0.04695497140481164
4276	0.029910919389101082
4294	0.06937384084096443
4342	0.06028528793583279
4353	0.0825025668697078
4368	0.05808459035686269
4429	0.037834694271478314
4430	0.021627652868453945
4431	0.04282704513562795
4472	0.020907270541959504
4569	0.03825770844934215
4620	0.05611189744635895
4644	0.018458584525699675
4673	0.0368324303872828
4674	0.06937384084096443
4708	0.043132221661797907
4709	0.03469605258602628
4920	0.024897049552668356
5024	0.08278598547683902
5091	0.023127758867514635
5278	0.05549768912355003
5548	0.017519898752164267
5612	0.035721468217910404
5666	0.06256768837675733
5795	0.08224763070450371
5838	0.08278598547683902
5945	0.05716534124241586
5978	0.05519411392265182
6017	0.04166772056309375
6018	0.07180062844914296
6048	0.05268224322252125
6066	0.049836618763987116
6071	0.03937801739387329
6073	0.043133353509437415
6179	0.05907199218994401
6213	0.07566938854295663
6233	0.043446869796564355
6237	0.06129779198754174
6348	0.024784558884994104
6353	0.029910919389101082
6399	0.07477618797530589
6580	0.05597792498444941
6612	0.04400599354411777
6630	0.03702694227163624
6653	0.05907199218994401
6668	0.03519889820368877
6671	0.03098696976904482
6696	0.02788990012181916
6704	0.07860921426692133
6708	0.01523496687303683
6744	0.03215761931246262
6771	0.15441045284274346
6804	0.04933377314632463
6827	0.02639756405133641
6842	0.03914629281505798
6909	0.017384630306646685
6959	0.03672336707073803
6993	0.13108162909869797
7133	0.018703965815452982
7153	0.17721597656983207
7206	0.02225923211986813
7268	0.042234777521624266
7306	0.05147015094758115
7334	0.10947224056133216
7365	0.05808459035686269
7459	0.06937384084096443
7501	0.018556195419722456
7700	0.05075737223410546
7743	0.02073310038284331
7808	0.0270300000027954
7811	0.013351241931926354
7919	0.19662244364804699
7975	0.02684622015884692
8033	0.11616918071372538
8089	0.023582409166746324
8144	0.041948232554319606
8167	0.04570888000509173
8286	0.05268224322252125
8309	0.047493081875299034
8370	0.06599880819133473
8385	0.05549768912355003
8388	0.023127758867514635
8392	0.043446869796564355
8397	0.043446869796564355
8457	0.05716534124241586
8487	0.05907199218994401
8539	0.03026003527746019
8624	0.06256768837675733
8645	0.021504851746239954
8722	0.032571864929666176
8732	0.13463992756563917
8877	0.027306583734138332
8879	0.021262593664273126
8880	0.02923898739760416
8917	0.08136854805079824
8980	0.05907199218994401
9048	0.04139299273841951
9272	0.07144293643582081
9421	0.031238370198015782
9426	0.10454179006873904
9478	0.07860921426692133
9492	0.05268224322252125
9509	0.07875603478774658
9510	0.03519889820368877
9519	0.05333231495080043
9545	0.06937384084096443
9595	0.04060124533803023
9644	0.06397149370662299
9701	0.03961384350494891
9746	0.1053644864450425
9891	0.01620704140302437
9991	0.03645172370339118
10025	0.06937384084096443
10056	0.04478036452821474
10099	0.0270300000027954
10120	0.03389798008348052
10121	0.04995224588930112
10128	0.01618424614093309
10133	0.06571072263000137
10179	0.25945877709709486
10209	0.04681360420384908
10223	0.06397149370662299
10413	0.1007183775564175
10520	0.04513568765052837
10696	0.028915315753703284
10750	0.03537082094314165
11016	0.024205744959335054
11168	0.06731996378281958
11171	0.05907199218994401
11175	0.018556195419722456
11205	0.045500746854709194
11209	0.02712284935026608
11418	0.03502916562244619
11437	0.028703821988612137
11505	0.07860921426692133
11536	0.03098696976904482
11537	0.02587838821047217
11567	0.02138317211112249
11623	0.01651632133442972
11663	0.023691814626022913
11775	0.03236849228186618
11777	0.03437106507353094
11876	0.016659843431506897
11887	0.13874768168192886
11889	0.012641330197281093
12007	0.07860921426692133
12059	0.07477618797530589
12193	0.01685688498552667
12287	0.0563054411233921
12480	0.03590031422457148
12566	0.014066101428313786
12612	0.022520492009055808
12624	0.024897049552668356
12626	0.05333231495080043
12659	0.0270300000027954
12767	0.04139299273841951
12829	0.016980076614432574
