179
t_index	tf-idf
56	0.0414798889070084
117	0.050065092879448915
250	0.047795391874234754
731	0.048896447086420256
738	0.09488939652042025
744	0.08047400186017087
854	0.048228204828881564
864	0.06302512303422508
872	0.0157846807047398
902	0.02150354182757482
951	0.1634060114154144
983	0.027089749580498725
1067	0.09915188453365296
1095	0.06914902399121878
1273	0.03569687980781382
1497	0.03710811423501574
1589	0.05055340041002896
1591	0.06302512303422508
1596	0.052642391434340324
1745	0.07823106537131576
1810	0.1026238248700444
1843	0.12007270369599017
1987	0.09915188453365296
1996	0.04557624420827931
2057	0.020559069744671195
2167	0.03547151681955028
2261	0.05661769897015102
2294	0.03295671010260256
2353	0.052368387422811684
2396	0.05437476248129592
2464	0.03355496716466749
2493	0.10608504435313275
2506	0.027380487292800737
2546	0.09143063264992221
2635	0.0495889943252478
2643	0.07529558164363313
2715	0.09621640080597033
2737	0.052642391434340324
2809	0.059553182697833655
2814	0.13113590940283626
2822	0.1659195556280336
2898	0.0991779886504956
2917	0.05437476248129592
2941	0.06668845141631803
2991	0.048896447086420256
3123	0.07720146596625464
3212	0.044829366118746515
3294	0.06690788663791744
3388	0.05562392826851846
3560	0.08442806795456581
3667	0.10687313641738373
3741	0.062096014365026694
3893	0.12007270369599017
3959	0.059553182697833655
4089	0.19243280161194065
4130	0.047452632753487434
4136	0.04376125719549659
4148	0.04028931685910516
4186	0.07356321059667753
4342	0.08616215905062202
4358	0.042263660034082655
4569	0.054679456185614844
4620	0.10692984193316316
4673	0.10528478286868065
4700	0.06914902399121878
4709	0.0495889943252478
4747	0.12007270369599017
4782	0.12007270369599017
4783	0.05131017351160812
4949	0.020764941482251786
5128	0.12419202873005339
5533	0.07356321059667753
5548	0.07512043258920126
5566	0.09143063264992221
5769	0.02504014419640042
5838	0.059160530637344055
6018	0.05131017351160812
6019	0.03638942704664136
6061	0.05661769897015102
6179	0.08442806795456581
6237	0.08760927057865525
6298	0.04028931685910516
6348	0.017711544373159253
6356	0.07823106537131576
6377	0.1123514518122594
6554	0.014625522705367985
6559	0.03295671010260256
6580	0.04000295130851555
6603	0.024528893349485107
6614	0.032761396080131185
6625	0.05625473076466709
6653	0.08442806795456581
6708	0.043548855244508786
6744	0.04596096335873763
6760	0.03064844610455221
6804	0.07050981348758499
6928	0.10687313641738373
6945	0.07356321059667753
7153	0.08442806795456581
7165	0.04557624420827931
7268	0.06036364331807109
7306	0.07356321059667753
7334	0.07823106537131576
7340	0.03305512350124768
7435	0.1873471382775546
7501	0.053042522176566374
7592	0.07197537876549219
7726	0.02266810246554014
7730	0.07720146596625464
7751	0.10640503717424399
7808	0.038632363535496456
7821	0.02155741159547829
7894	0.06302512303422508
7919	0.0936735691387773
8033	0.1660336670547278
8036	0.041841638324674406
8037	0.030084799911304295
8089	0.011234976000472921
8370	0.282984456236788
8386	0.0288255558128618
8487	0.08442806795456581
8532	0.0744097033000488
8596	0.06787902346422127
8671	0.13454886916312886
8732	0.09621640080597033
8805	0.04556563876052218
8877	0.06504611355411322
8879	0.030389354349270908
8990	0.0661199629241025
9000	0.040434130866905005
9186	0.04102465726258085
9225	0.056960824474103035
9426	0.03735383313142253
9495	0.019082132146178345
9507	0.06850343842910075
9746	0.07529558164363313
9771	0.1026238248700444
9872	0.07356321059667753
9998	0.023294491626074384
10121	0.03569687980781382
10128	0.04626235149092281
10179	0.04635361541922722
10209	0.06690788663791744
10247	0.12007270369599017
10342	0.06121013602144237
10351	0.05731024620897856
10477	0.07094303363910057
10558	0.031538465570313284
10695	0.046754534443273925
10750	0.05055340041002896
10762	0.1123514518122594
10867	0.03650734042805125
10948	0.06167720923401358
11086	0.06302512303422508
11175	0.026521261088283187
11205	0.06503149809270933
11404	0.08787033325138817
11418	0.050065092879448915
11535	0.03972082836688962
11544	0.04499462505841477
11623	0.094423163891199
11658	0.04464713553908092
11663	0.03386129468566234
11775	0.023131175745461405
11876	0.02381091852844492
12068	0.06727443458156443
12310	0.09143063264992221
12488	0.02543279625689002
12514	0.08942425759143796
12516	0.062354901923882426
12537	0.02434065837113987
12561	0.09143063264992221
12566	0.02010383810024365
12624	0.03558386493453504
12626	0.07622469031283154
12638	0.04058005457140718
12649	0.04028931685910516
12768	0.045386760552824375
12829	0.04853721735564192
