280
t_index	tf-idf
3	0.027805116939361094
17	0.04871319085751737
91	0.016646291639785787
117	0.02596809717272427
121	0.05543367308481835
179	0.03319693280828678
182	0.02383933982756362
184	0.022971504680522635
231	0.027743972118323055
240	0.024463378358323667
267	0.03520794581471935
327	0.03953673210535372
355	0.019247484842817467
402	0.03553182154432475
625	0.15428628757136814
632	0.06180799464186552
638	0.027595438119543955
660	0.022173798531015598
744	0.08348158686990989
791	0.05142876252378938
858	0.02074899829461225
872	0.008187303744109638
918	0.07068306419848454
977	0.01869347096379012
1022	0.04808600644812516
1067	0.10285752504757877
1081	0.03130981818325537
1092	0.09484770392552085
1095	0.17933339090439504
1119	0.032940364492680875
1157	0.01694263361026248
1171	0.02183894189446135
1207	0.027304907622226406
1301	0.010427593185313793
1420	0.01735211503570654
1446	0.02596809717272427
1488	0.019184370731697
1496	0.04458232269885768
1511	0.013021643050933233
1552	0.03621328654372513
1622	0.049906166193588536
1810	0.05322961175521713
1944	0.01834067186129716
1962	0.10645922351043426
1999	0.024571328337548323
2012	0.03152691098329579
2076	0.019247484842817467
2167	0.055195810653061825
2261	0.029366846718793433
2271	0.023639791125889077
2347	0.058275202348721085
2349	0.01689262173236239
2471	0.03489435361002324
2493	0.11004980044552108
2635	0.025721151190839096
2643	0.039054815807627874
2645	0.0262213757881222
2763	0.035866678180879005
2801	0.015370025402161543
2822	0.043030132329711895
2872	0.05193619434544854
2891	0.010146460177700215
2896	0.07466534155150496
2898	0.025721151190839096
2918	0.034188413571843844
2971	0.039054815807627874
3093	0.0247908334772718
3109	0.058275202348721085
3123	0.04004337263321849
3167	0.016415978497196077
3207	0.02584385245549031
3214	0.01811228423465927
3294	0.03470423007141308
3347	0.041740793434954945
3587	0.032940364492680875
3648	0.03373097231289702
3667	0.05543367308481835
3708	0.04305972636865684
3715	0.03068577965249532
3741	0.09662512794808852
3808	0.01772488851261662
3809	0.01735211503570654
3862	0.03244639532612183
3916	0.045441762329215415
3968	0.030290633969456277
3981	0.013540711238113817
4017	0.058275202348721085
4022	0.058275202348721085
4089	0.29943699716153127
4130	0.012306524442202572
4135	0.03130981818325537
4182	0.026884532487965317
4234	0.03859532250428372
4341	0.06228011290975005
4353	0.04077430212609104
4358	0.021921597814323724
4365	0.027595438119543955
4417	0.04850190916900525
4426	0.03358670260191476
4429	0.028047913785091538
4431	0.06349776535870404
4522	0.041740793434954945
4620	0.05546308548094703
4673	0.027304907622226406
4682	0.02183894189446135
4708	0.015987559273626134
4744	0.0534965827308506
4783	0.02661390392118352
4903	0.04004337263321849
4968	0.05296264077958364
4970	0.01645355723626574
4985	0.020675560597335125
4987	0.026093924667749166
4992	0.05193619434544854
5024	0.03068577965249532
5041	0.02383933982756362
5091	0.034290505011293215
5128	0.03220837598269617
5198	0.03815625800818707
5314	0.01645355723626574
5369	0.012337930906765299
5477	0.03657250157679976
5484	0.01212015429456197
5548	0.038963968324808876
5570	0.06228011290975005
5620	0.058275202348721085
5621	0.05142876252378938
5666	0.04638317193028542
5676	0.05142876252378938
5769	0.038963968324808876
5792	0.04767867965512724
5838	0.03068577965249532
5868	0.03520794581471935
5886	0.04305972636865684
5946	0.021756971923749088
5970	0.026939811478657597
6019	0.01887471136590739
6026	0.04858723325988664
6071	0.029192022247257827
6213	0.08414374135527464
6218	0.03733267077575248
6241	0.04237826136925645
6245	0.058275202348721085
6301	0.058275202348721085
6580	0.062246994883836754
6587	0.0267482913654253
6620	0.02143572979628785
6630	0.027449104705553538
6646	0.04638317193028542
6647	0.05322961175521713
6648	0.06228011290975005
6668	0.026093924667749166
6671	0.022971504680522635
6755	0.018813927636957266
6777	0.023541508476352307
6798	0.01511674678676361
6828	0.020822986092125278
6842	0.0290202383559473
6909	0.012887711171333424
6945	0.03815625800818707
6993	0.09717446651977328
7153	0.04379171487864153
7165	0.023639791125889077
7171	0.05543367308481835
7215	0.01594214620611882
7268	0.03130981818325537
7306	0.07631251601637414
7334	0.040577412137828714
7340	0.017145252505646608
7365	0.08611945273731368
7433	0.058275202348721085
7449	0.040577412137828714
7501	0.05502490022276054
7700	0.018813927636957266
7726	0.01175764297419389
7757	0.044347597062031195
7795	0.05142876252378938
7821	0.01118154240623782
8002	0.05142876252378938
8036	0.010851350385960665
8037	0.0078022926013526644
8089	0.011654864966135554
8109	0.026350492983355088
8167	0.05082790083078744
8183	0.031097394409434324
8257	0.05142876252378938
8370	0.19570702686658933
8385	0.04114198435541694
8388	0.017145252505646608
8454	0.031097394409434324
8505	0.008064092273885685
8539	0.02243260787324104
8559	0.03657250157679976
8651	0.014510585771803803
8670	0.04114198435541694
8671	0.06978870722004649
8672	0.07242657308745026
8722	0.02414643165375386
8724	0.015412877203790734
8797	0.058275202348721085
8805	0.023634290221325086
8848	0.040577412137828714
8865	0.02112460723150539
8877	0.020243131894893185
8879	0.015762553535222854
8880	0.021675676610650094
8917	0.12064154683905125
8931	0.034590411943254754
8943	0.03373097231289702
8991	0.05672301197957531
9026	0.018633789061466514
9204	0.03269029228042201
9260	0.016079016638001424
9306	0.04194529078273017
9307	0.020038092663033615
9372	0.03068577965249532
9442	0.058275202348721085
9503	0.043513943847498175
9593	0.03733267077575248
9634	0.05543367308481835
9656	0.09484770392552085
9706	0.10645922351043426
9735	0.02868538171939305
9771	0.2129184470208685
9891	0.032039284488231706
10006	0.027449104705553538
10025	0.5142876252378938
10121	0.018515496332832768
10133	0.024356595428758687
10166	0.0573707634387861
10179	0.19234402579250065
10209	0.01735211503570654
10224	0.020106924473175206
10375	0.017299991828822154
10443	0.05142876252378938
10477	0.036797207102041214
10561	0.06228011290975005
10572	0.03859532250428372
10773	0.03512680553330117
10873	0.0061415496166712545
11016	0.017944393652340098
11065	0.032940364492680875
11086	0.03269029228042201
11175	0.013756225055690135
11194	0.029910690020519364
11205	0.03373097231289702
11279	0.025480228886398216
11366	0.058275202348721085
11400	0.0267482913654253
11435	0.04638317193028542
11437	0.02127894357127446
11516	0.015499142597394423
11544	0.011669056507901067
11591	0.041740793434954945
11702	0.022173798531015598
11775	0.02399566583942454
11777	0.05096045777279643
11872	0.03197595761746606
11876	0.030876016130007657
11887	0.05142876252378938
11889	0.018742741091448526
12183	0.024356595428758687
12193	0.012496478849987083
12215	0.03269029228042201
12363	0.05543367308481835
12372	0.034295544530485236
12480	0.02661390392118352
12516	0.016171328756485213
12537	0.012625175456117166
12566	0.010427593185313793
12571	0.04305972636865684
12581	0.01462887850043755
12624	0.03691375404520264
12626	0.03953673210535372
12718	0.06891451404156791
12721	0.03220837598269617
12739	0.012089431642162153
12766	0.01572418990449315
12792	0.03220837598269617
12829	0.031469510598429715
