60
t_index	tf-idf
318	0.15975776018522828
660	0.07637331042038027
908	0.10366954867944599
1122	0.0781801339003973
1203	0.1730503579206718
1605	0.08577159189419738
1737	0.09783129187749091
2219	0.08735422667115282
2349	0.05818333027492712
2449	0.33280634713380913
2493	0.04738062560283918
2899	0.13142176489351912
3365	0.053383764048582555
3369	0.08500705381905756
3886	0.09823884930378446
4191	0.10935281426764762
4276	0.07637331042038027
5769	0.044734588346362666
5938	0.1417055150966401
6006	0.09404641171043376
6085	0.26284352978703823
6182	0.15355508736939324
6183	0.1833389825586785
6488	0.08463113272810606
6554	0.052257425711555575
6610	0.20071753211629365
6732	0.08695161235593955
7167	0.13142176489351912
7336	0.2145116629259288
7341	0.1437679958055781
7584	0.13435578971643536
7619	0.3071101747387865
7650	0.0988011846286927
7743	0.05293904513322232
8003	0.10784054252006889
8023	0.09031439831630766
8037	0.05374694047122748
8156	0.08695161235593955
8645	0.05490960329886402
8651	0.14993662046420242
8778	0.08352766802143088
9190	0.19093044055247857
9630	0.10500385744452773
9987	0.08463113272810606
9998	0.08323190836736713
10329	0.05887765054892422
10464	0.11913990583146272
10873	0.021153365972912435
11115	0.11913990583146272
11209	0.06925436714151549
11305	0.03939126234118283
11350	0.09454307034973963
11453	0.07976276867735275
11454	0.17001317558204526
11569	0.17713630974284345
11636	0.04663833042654747
12055	0.036274863294248144
12188	0.21575976784703604
12516	0.05569897775076878
12834	0.10299456449047467
