258
t_index	tf-idf
160	0.07277270558598108
175	0.05741783239643944
381	0.05461313676954635
585	0.05027822294932095
596	0.03033197722314082
604	0.05632301893720657
612	0.02957041722240621
633	0.034021320155587134
678	0.03904808506447733
758	0.026969338631225605
818	0.07532094249646108
863	0.031019489978552996
872	0.02317039009591128
918	0.025004479829997612
960	0.05124250926178229
1012	0.03843587298272065
1020	0.02418863718687268
1206	0.031742579213917405
1488	0.027146260080909115
1495	0.0656330961388626
1507	0.16655847635911905
1561	0.03090253023412398
1769	0.15687946483584847
1905	0.07531838992447025
1944	0.051904819331162165
2057	0.015089366547973238
2109	0.026881710708468644
2129	0.03555875953631695
2219	0.035887636072240645
2430	0.022494482636660134
2479	0.08246055194357957
2530	0.08627722700440493
2609	0.04772998603884095
2631	0.034167673408004244
2642	0.039258263580004706
2727	0.05027822294932095
2762	0.02957041722240621
2765	0.059966069306919445
2778	0.06527273092633752
2801	0.021748886781461245
2815	0.06710567875403793
2909	0.01362805993816709
2918	0.02418863718687268
2991	0.035887636072240645
2996	0.041806500490484705
3016	0.03250512874404441
3115	0.05429252016181823
3127	0.0630848592283826
3167	0.011614465441683966
3171	0.0656330961388626
3241	0.030671506661940764
3293	0.14355054428896258
3294	0.024553582408354334
3300	0.07015902920230928
3343	0.03639593237495464
3432	0.0298917327043738
3438	0.0323751128492993
3581	0.06875188606032574
3871	0.02477721290557173
3900	0.0525089887273267
3991	0.05027822294932095
4020	0.04812371934031914
4120	0.12697263546230175
4130	0.01741397296123585
4134	0.0711175190726339
4144	0.036923414141075125
4209	0.031019489978552996
4417	0.06863115080168072
4426	0.02376292078700549
4442	0.0296767037262272
4564	0.02262270929656991
4598	0.048666947595977283
4828	0.034768910532073316
4836	0.03263636546316876
4895	0.0752512008738504
4949	0.015240466483369242
4990	0.04746630408323996
5195	0.030444239737514884
5239	0.05632301893720657
5252	0.03523744405434937
5321	0.08246055194357957
5515	0.02211671348071767
5544	0.01866644696604549
5578	0.036923414141075125
5664	0.10350161112899259
5788	0.05124250926178229
5837	0.05741783239643944
5899	0.037286463329467404
5916	0.05027822294932095
5934	0.02243080777528773
5946	0.030786541121168454
6036	0.16578998636231287
6155	0.0329025946154198
6173	0.0622748734734211
6179	0.12393226737643052
6323	0.07531838992447025
6388	0.06226918013974917
6428	0.23031816230793853
6547	0.035887636072240645
6554	0.02146885786154837
6580	0.05872047741375767
6582	0.04557548242983914
6603	0.03600605157365726
6609	0.04059037659172247
6614	0.024045286105640346
6668	0.036923414141075125
6708	0.01598138066775475
6760	0.022494482636660134
6763	0.03507951460115464
6798	0.021390492583252554
6805	0.022304321772693477
6827	0.02769087214442712
6958	0.02383297911864049
6985	0.046029204962295345
7001	0.01610204278031338
7006	0.05124250926178229
7007	0.15064188499292216
7112	0.045246605893915444
7133	0.01962033788353374
7165	0.033450767144603974
7206	0.046699577996340835
7207	0.07532094249646108
7247	0.03622443810193895
7343	0.2633069063505254
7366	0.05174182635743694
7456	0.06875188606032574
7497	0.053397012870784105
7501	0.019465327704300997
7547	0.044304005556164705
7584	0.027598616971868908
7591	0.020477409907786813
7700	0.026622075851172215
7726	0.016637294940750322
7728	0.059064039702727264
7731	0.04370916651318562
7769	0.023014602481147672
7778	0.039688346987530286
7779	0.035887636072240645
7811	0.014005365517337191
7832	0.042546082811108256
7862	0.02383297911864049
7946	0.07211004519720035
8035	0.0298917327043738
8041	0.03947165105155513
8112	0.220982241675189
8131	0.029464932888522425
8153	0.05741783239643944
8233	0.060930355619380774
8269	0.0656330961388626
8379	0.16330113237723617
8388	0.12130433939700315
8414	0.028648548568897206
8464	0.031742579213917405
8505	0.022821696811942953
8557	0.07843973241792424
8645	0.0225584489171774
8651	0.04106552576539801
8722	0.10250302022401273
8724	0.08723809167801831
8777	0.021390492583252554
8805	0.06688596651395351
8877	0.04774071308326125
8955	0.042590440973018284
8958	0.10350161112899259
8964	0.05526332878743762
8965	0.0329025946154198
9000	0.0296767037262272
9070	0.07608427936248494
9306	0.0296767037262272
9372	0.04342097882083732
9381	0.03161943649752424
9387	0.06875188606032574
9389	0.15788660420622053
9416	0.04013208609511337
9421	0.0327688461507775
9443	0.016763780943344575
9495	0.014005365517337191
9580	0.021449590379112062
9652	0.023623848914225323
9820	0.023903390390463058
9826	0.02031265427233331
9844	0.059567609387913285
9845	0.08170670335042991
9891	0.01133405366388631
9941	0.042324211820767246
9998	0.04274258600460707
10038	0.041806500490484705
10148	0.048528866777096454
10185	0.03904808506447733
10189	0.0857236798903066
10190	0.07079435690930048
10216	0.04625740342366562
10217	0.021390492583252554
10371	0.060930355619380774
10476	0.036055022598600175
10541	0.06022024329194232
10558	0.02314771403868799
10626	0.06196613368821526
10727	0.03186681654658532
10747	0.037471586670259314
10772	0.053397012870784105
10873	0.008690412916098702
10920	0.029050780872094867
10948	0.015089366547973238
10984	0.033450767144603974
10985	0.0880068435168777
11016	0.05078333648711231
11057	0.03784935582620178
11175	0.15572262163440798
11186	0.05075205164419189
11229	0.0630848592283826
11305	0.01618306682111998
11370	0.06710567875403793
11401	0.025952409665581083
11418	0.07349073154558838
11481	0.03113743673671055
11537	0.027146260080909115
11577	0.0330376353557689
11615	0.07061820197697927
11623	0.034651026244583605
11636	0.019160371434180028
11650	0.04557548242983914
11660	0.02262270929656991
11734	0.05124250926178229
11736	0.044304005556164705
11751	0.03804213968124247
11775	0.016977168414895005
11783	0.04981993245271185
11818	0.08812757877552273
11857	0.025004479829997612
11889	0.01326067274797179
11938	0.08812757877552273
12039	0.08812757877552273
12052	0.04035935301953925
12068	0.04937619334512877
12188	0.01772806725580591
12193	0.01768276216622726
12239	0.07843973241792424
12329	0.028648548568897206
12361	0.07532094249646108
12371	0.03250512874404441
12405	0.03656955706606713
12420	0.10077371024418463
12434	0.024928312840967727
12489	0.023903390390463058
12560	0.06875188606032574
12566	0.014755248456429513
12581	0.020700149409058528
12590	0.09066182772089247
12591	0.06134301332388153
12649	0.02957041722240621
12697	0.07277270558598108
12748	0.02092649618417719
12829	0.035623978759435966
12838	0.038841020419497975
12867	0.037286463329467404
12868	0.17870282816373984
12869	0.059064039702727264
