90
t_index	tf-idf
182	0.054207765611730324
185	0.06342933052074086
272	0.07548579640696713
278	0.13439270727941627
393	0.045564190881156236
433	0.08237027246452829
469	0.04820957876219029
953	0.18982699716822943
1116	0.03910289818468587
1123	0.04042799135097272
1217	0.1169427645545599
1240	0.03264160548821548
1301	0.023711081404628628
1944	0.04170446197798348
2057	0.04849599105291524
2121	0.05375401608146893
2170	0.14161741840603914
2396	0.06413125757990105
2506	0.06458676794558248
2721	0.07433375733279182
2853	0.07733285075756184
2991	0.05766996488343068
3075	0.10546970388074145
3093	0.05637134669734389
3112	0.07548579640696713
3164	0.0652270767552874
3167	0.01866397142496196
3318	0.04042799135097272
3809	0.03945660372842182
3968	0.2755089022303372
4128	0.0637775520361651
4218	0.09791259200888472
4430	0.03645751030365181
4501	0.06082236837677694
4590	0.10137479128058509
4895	0.03023140130416501
4970	0.037413392341990696
4985	0.09402743120055708
5310	0.08400907177206374
5324	0.0671813381726274
5387	0.1169427645545599
5484	0.027559759956858162
5656	0.054438124942281625
5857	0.04319781078484221
6348	0.020889537029677007
6556	0.04305787364779475
6614	0.03863979233775551
6805	0.0358421337864303
6831	0.14161741840603914
6850	0.06759345685160142
7215	0.07250101144915344
7377	0.05061498551965147
7531	0.04619690420961222
7537	0.1325107378285347
7821	0.025425470433293827
7862	0.03829862368401241
8023	0.05962422630077068
8036	0.09869861540591694
8060	0.032554042656687036
8089	0.026501748491800065
8159	0.11348056528285953
8292	0.0593344179205845
8719	0.3677163903038226
8956	0.07670013742910586
9109	0.03656173247600252
9538	0.1377544511151686
9700	0.08990173060676662
9701	0.13355329092187024
9891	0.05464008346502657
10137	0.047180704011445064
10228	0.03326429434079022
10367	0.118668835841169
10452	0.026136488704008667
10665	0.05022773734308008
10773	0.03993704638658665
10781	0.0652270767552874
10867	0.04305787364779475
10967	0.09791259200888472
10982	0.5617433957500252
11153	0.07592511998017404
11316	0.043480328193421076
11346	0.08880591143138031
11544	0.07960205500644321
11592	0.017877449772991747
11636	0.030789934046878027
11836	0.11048147185808953
12624	0.04196869841206316
12638	0.047861357246766045
12755	0.06801327912792043
12829	0.014311569588543281
