152
t_index	tf-idf
56	0.0398825715493375
67	0.050351773192932235
238	0.09867196238692659
272	0.061537298458682735
279	0.057645375014375944
306	0.09533372034892135
410	0.07154431687322478
612	0.03873784633101321
670	0.11544891566642108
723	0.07982000169713857
738	0.030411791076901864
847	0.04958342382170608
915	0.14146084222155506
998	0.06779460493863373
1170	0.04860667812865411
1206	0.04158342259733215
1217	0.09533372034892135
1246	0.07422857368339458
1301	0.019329674755078585
1586	0.09533372034892135
1840	0.12523852806900918
2095	0.10275764044170924
2109	0.035215586263367384
2245	0.05411337836589485
2349	0.06262785247645064
2396	0.1045617725737019
2506	0.0263261130221192
2609	0.06252724980670979
2736	0.06920373388272023
2822	0.11964771464801248
2992	0.1710172028492119
3133	0.043103066301613695
3164	0.05317421662000318
3193	0.030063025487591138
3202	0.056882362952567905
3318	0.13183033038094744
3356	0.06059813671279106
3432	0.039158776129555393
3659	0.0544374512477149
3692	0.041262192606571185
3808	0.03285670278175487
3968	0.112299759369085
4083	0.23291348111171642
4128	0.05199253954286189
4218	0.07982000169713857
4289	0.06712872647242674
4419	0.06014602386981818
4471	0.1801327304339948
4504	0.06202558445763452
4590	0.08264244512420951
4640	0.05604395828455533
4859	0.028491482811154382
4970	0.06100006095155615
5109	0.04767940962113401
5304	0.0565124586580084
5310	0.13697123350207474
5333	0.047013531154927006
5369	0.022870876082343856
5387	0.09533372034892135
5473	0.08598068716221476
5508	0.05348194890294368
5561	0.10696389780588736
5656	0.04437888055182593
5764	0.05725989467478583
5887	0.07982000169713857
5970	0.024969222743508556
5998	0.27681493553088093
5999	0.08117689197574922
6147	0.08423559209793662
6168	0.03819124932790671
6246	0.12983991723140967
6306	0.1465788238750058
6388	0.02719129632462565
6544	0.08220733319225144
6549	0.06304304841764408
6554	0.014062319623154637
6625	0.054088460307604114
6769	0.112299759369085
6843	0.10275764044170924
6909	0.04778001229087485
6935	0.09867196238692659
6961	0.07626507500204222
7141	0.09867196238692659
7213	0.05348194890294368
7215	0.0591040512581933
7321	0.037791750428693545
7481	0.030411791076901864
7632	0.05544557593701482
7757	0.04110366659612572
7803	0.047454748645106355
7862	0.031221686044002866
7944	0.05009205763512015
8036	0.04023039063499946
8159	0.09251127692185042
8212	0.033470491199089264
8505	0.014948442855316635
8514	0.10275764044170924
8634	0.08790980025613349
8656	0.0732894119375029
8719	0.11990744927048169
8789	0.1080249955736332
8917	0.11181687954765875
9144	0.1080249955736332
9267	0.057645375014375944
9280	0.04363899645919319
9339	0.047013531154927006
9443	0.043921786103037416
9449	0.05476736359373028
9624	0.10275764044170924
9648	0.0723960816043507
9700	0.1465788238750058
9701	0.0544374512477149
9783	0.041422103141183005
9891	0.05196744064951524
9938	0.04933430923292269
10224	0.07454458636510583
10268	0.06712872647242674
10349	0.07154431687322478
10368	0.07422857368339458
10452	0.04261381564736656
10697	0.06252724980670979
10773	0.06511471190685637
10781	0.10634843324000635
10873	0.011384617185644501
10896	0.06712872647242674
10966	0.06848561675103737
10982	0.15264757365785567
11153	0.030947721234481352
11209	0.11181687954765875
11306	0.039158776129555393
11368	0.07855676706942685
11465	0.13201560438881146
11541	0.042754300712302976
11627	0.04345860445983066
11660	0.05927241605895732
11701	0.07154431687322478
11833	0.03465216827623054
11836	0.0900663652169974
11876	0.02289400205470897
11877	0.07855676706942685
12055	0.019522918130165698
12063	0.06106169665824949
12146	0.065865491844715
12188	0.046448255358460866
12270	0.05725989467478583
12508	0.07626507500204222
12551	0.0976920464679418
12566	0.019329674755078585
12624	0.03421359306036552
12790	0.0561498796845425
12795	0.10514769354809866
12839	0.034541535674806806
