164
t_index	tf-idf
56	0.040080360029820954
67	0.0506014812815182
181	0.05716445800556065
189	0.03363648043544313
238	0.09916130338848886
272	0.06184247859833706
279	0.057931254050959335
306	0.09580650610355411
376	0.1085607208014388
410	0.07189912452909715
479	0.1085607208014388
738	0.030562611390442578
872	0.015252106557470705
915	0.1421623848739966
983	0.026175743111033985
998	0.06813081675685116
1044	0.05113486478103074
1164	0.06681594021363212
1170	0.04884773181789584
1206	0.04178964605909297
1217	0.09580650610355411
1246	0.07459669329622173
1301	0.019425535850527684
1465	0.04814444459695016
1840	0.08390641324621588
1894	0.04557276304122896
2052	0.09916130338848886
2095	0.10326724342796326
2107	0.07775881403219392
2109	0.035390229899065484
2157	0.06563709668668857
2245	0.05438174127392792
2349	0.06293844096901903
2396	0.105080322740118
2506	0.02645667135096817
2609	0.06283733938337563
2736	0.0695469339532451
2822	0.12024108008946288
2865	0.0688252554840966
2992	0.17186532350377487
3133	0.04331682608832725
3164	0.0534379219704257
3193	0.030212116178059047
3202	0.05716445800556065
3318	0.1324841127153043
3356	0.06089865929483483
3432	0.039352975112403724
3692	0.041466823001754555
3881	0.041627526576043246
3968	0.05642834215450626
4083	0.14044113731043859
4128	0.05225038463642457
4289	0.06746163601887728
4419	0.06044430430175114
4471	0.18102605746015718
4504	0.062333186139883076
4640	0.028160947730795936
4645	0.05406172551574745
4859	0.028632779795602033
4970	0.030651288392410672
5304	0.05679271925536042
5310	0.1376505109681932
5333	0.047246683996583466
5369	0.022984298954839836
5387	0.09580650610355411
5473	0.08640708869060419
5508	0.0537471803811527
5561	0.1074943607623054
5656	0.04459896744715173
5837	0.07559155408126031
5858	0.10450076927284914
5864	0.18000269608340444
5887	0.08021585071676195
5970	0.025093051885748854
5998	0.20864080185973527
5999	0.08157947018198126
6147	0.08465333922698183
6168	0.03838065008314606
6227	0.05313377550369463
6233	0.12000179738893628
6246	0.13048382856755636
6306	0.07365287399271951
6388	0.02732614533193628
6544	0.04130751081786277
6549	0.06335569597940288
6554	0.014132058477052158
6625	0.027178349820116667
6769	0.11285668430901252
6843	0.10326724342796326
6909	0.024008483160100368
6935	0.09916130338848886
6961	0.07664329417680008
6968	0.1085607208014388
7133	0.02583050892578996
7141	0.09916130338848886
7213	0.0537471803811527
7215	0.05939716426557081
7248	0.064438387204688
7321	0.03797916996062757
7374	0.12179731858966966
7632	0.0557205455738284
7757	0.04130751081786277
7803	0.04769008960386648
7944	0.050340477723872054
8036	0.1010747601114691
8103	0.025357811018935146
8159	0.09297006541464664
8505	0.015022576234461692
8514	0.10326724342796326
8541	0.05313377550369463
8634	0.08834576877914499
8719	0.12050210280631296
8917	0.22474281951138295
9267	0.057931254050959335
9280	0.043855414068795166
9443	0.04413960614311916
9449	0.05503896979173807
9648	0.07275511339235281
9700	0.07365287399271951
9701	0.05470742132099262
9718	0.0688252554840966
9783	0.041627526576043246
9891	0.05222516127086401
9938	0.0495789714419984
10128	0.022350731311493763
10224	0.07491427317046098
10228	0.02725209918655949
10268	0.06746163601887728
10280	0.1085607208014388
10349	0.07189912452909715
10368	0.07459669329622173
10452	0.02141257455374943
10477	0.034274710043671656
10697	0.06283733938337563
10773	0.06543763340927865
10781	0.1068758439408514
10822	0.08640708869060419
10873	0.01144107658749749
10982	0.1534045943430922
11127	0.04459896744715173
11209	0.11237140975569147
11306	0.039352975112403724
11368	0.07894635136619503
11465	0.13267030554718257
11541	0.04296633087594372
11544	0.02173825460081412
11592	0.014646275956585726
11627	0.04367412745662159
11660	0.05956636403300865
11833	0.03482401776944425
11836	0.09051302873007859
11876	0.023007539615169048
11877	0.07894635136619503
12055	0.019619737571880774
12146	0.06619213666831036
12166	0.058731399343901224
12188	0.046678604844253006
12508	0.07664329417680008
12551	0.09817652780090479
12566	0.019425535850527684
12790	0.05642834215450626
12795	0.10566914945541127
12829	0.011724893663656314
12839	0.03471283651096863
