215
t_index	tf-idf
67	0.06412222570423731
75	0.05444695879123368
82	0.030650983766221784
184	0.027114008868849328
185	0.03292510253096844
190	0.021312083517656018
304	0.03385828247487078
497	0.02952639929867917
597	0.03801658638349975
604	0.02349079812925815
635	0.04666648179380346
638	0.03257178684283185
644	0.031256757704533615
654	0.06543015464411722
729	0.025973154651389902
742	0.03079950202236122
902	0.013164955332457217
908	0.035526627301305604
932	0.07776115212469907
933	0.060703029365172856
1012	0.032061112852118656
1116	0.020297659165231314
1122	0.02679163278730717
1157	0.019997937634439276
1207	0.0322288643137901
1269	0.042743711662444124
1627	0.036705258951993225
1767	0.057349080604128924
1774	0.03645980724520793
1884	0.03918341193146449
2002	0.03487270682729548
2069	0.035685568894578204
2082	0.10004086110969478
2129	0.029661181440778887
2167	0.08686586391178719
2233	0.02349079812925815
2294	0.04035368869784338
2440	0.024844028490980132
2455	0.038880576062349535
2496	0.13756820681032234
2506	0.016762954450991824
2584	0.02952639929867917
2626	0.030075137071534388
2709	0.0322288643137901
2889	0.06878410340516117
2891	0.011976194640782712
2909	0.011367785709705105
2918	0.02017684434892169
2920	0.06282862987378007
2941	0.040828180358676566
2958	0.05474755583379177
2991	0.02993551234351144
3103	0.041939356514859076
3167	0.00968815479773978
3202	0.07243883352149527
3241	0.02558450114753672
3318	0.020985492822072675
3353	0.05890585974242074
3369	0.029131157195926394
3659	0.03466263762245582
3808	0.020921258359620803
3856	0.040828180358676566
3900	0.014600046629132857
4007	0.05002043055484739
4045	0.10524391065036909
4090	0.1605687475684279
4145	0.0472644859714528
4155	0.03645980724520793
4264	0.026686125049647336
4298	0.01903293482886102
4330	0.06189987339187229
4344	0.026686125049647336
4353	0.024063612829101393
4419	0.07659505660337466
4457	0.01055026452408326
4527	0.038880576062349535
4564	0.018870632549547503
4836	0.02722347939561684
4949	0.012712767472769556
4990	0.013197935624443796
5086	0.027333987573174286
5332	0.029661181440778887
5469	0.023814666884183378
5484	0.02861161909983328
5584	0.03366557518752503
5600	0.0436077013412939
5664	0.0431677047672958
5792	0.02813834272075933
5798	0.07291961449041585
5833	0.05363637967760925
5842	0.04398812606309215
5855	0.028624184912004916
5897	0.07351122868410553
5899	0.062204675782952384
5970	0.015898964772142043
5987	0.06878410340516117
6061	0.03466263762245582
6073	0.03774225548076719
6213	0.033105858484164
6258	0.07351122868410553
6327	0.12140605873034571
6437	0.07351122868410553
6560	0.03366557518752503
6581	0.05890585974242074
6587	0.06314374433849292
6726	0.02249635411667246
6947	0.025489328982754644
6952	0.07243883352149527
6989	0.07351122868410553
7001	0.013431447516786115
7133	0.01636621776129481
7327	0.047324149300105
7501	0.01623691670829565
7543	0.03050433371382684
7547	0.03695598959273448
7743	0.01814173737700346
7826	0.06810845738275643
8023	0.030949936695936146
8037	0.009209297942498581
8103	0.032133432467626975
8370	0.028874915552746173
8408	0.057349080604128924
8524	0.07494846319526527
8605	0.035983882983477995
8645	0.018817030039294923
8735	0.06543015464411722
8751	0.09877530759290533
8805	0.04184447407226097
8877	0.015929081569097364
8917	0.023732852334797622
8937	0.0440649570234663
8943	0.039813756006251866
9010	0.04155707553122061
9026	0.021994063031546076
9070	0.09519804589879065
9267	0.036705258951993225
9306	0.02475469069411291
9307	0.023651607926275242
9314	0.060703029365172856
9339	0.02993551234351144
9390	0.02279340268090684
9495	0.011682513483910856
9516	0.1366659169128628
9534	0.03425352457762355
9580	0.017892080611401594
9595	0.035526627301305604
9598	0.0472644859714528
9652	0.0394114574361759
9826	0.01694371040418738
9844	0.09937611396392053
9845	0.11359213991186455
9891	0.01890850111577751
9998	0.035653538404114435
10050	0.05890585974242074
10056	0.03918341193146449
10099	0.023651607926275242
10120	0.059322362881557775
10128	0.02832285936130934
10135	0.04846515984695479
10179	0.028378733205219626
10181	0.034456286652520124
10209	0.020481261785622686
10211	0.07836346187735829
10228	0.017266937752601703
10420	0.08028437378421395
10452	0.013567013293599125
10660	0.02647793156284608
10695	0.028624184912004916
10700	0.04666648179380346
10705	0.040828180358676566
10720	0.06543015464411722
10727	0.026581563582467507
10747	0.031256757704533615
10750	0.06189987339187229
10792	0.03508663072730748
10867	0.04470124130209936
10873	0.021747208085515005
11065	0.07776115212469907
11095	0.14702245736821107
11117	0.038585407753815144
11212	0.050824785702432436
11216	0.6616010581569498
11337	0.0431677047672958
11414	0.07351122868410553
11516	0.0182941385725435
11517	0.07351122868410553
11544	0.013773364263534826
11592	0.018559769177305726
11627	0.02767193950932788
11660	0.018870632549547503
11757	0.06878410340516117
11775	0.01416142968065467
11777	0.15037568535767193
11793	0.05168877538128221
11833	0.06619352252508838
11876	0.007288791803817664
11889	0.011061331315640225
11973	0.06543015464411722
12055	0.02486214254960045
12189	0.11781171948484148
12255	0.07351122868410553
12257	0.04454088128519624
12313	0.03801658638349975
12405	0.06100866742765368
12449	0.06282862987378007
12537	0.014901902337211259
12566	0.01230802500922279
12638	0.024844028490980132
12649	0.02466603227869995
12691	0.07351122868410553
12739	0.014269546611061374
12766	0.03711953835461145
12829	0.014857791883135067
12833	0.06282862987378007
12911	0.07351122868410553
