205
t_index	tf-idf
56	0.03140783435408394
67	0.039652411829103576
231	0.04050083201881931
272	0.048461099711115244
278	0.05751915104489247
356	0.1018319968319597
393	0.0585034775454578
410	0.05634170430937679
534	0.04772150255374117
604	0.05810570618132034
631	0.03176096996363299
731	0.03702352033864878
734	0.19178229568770494
797	0.057715980204379534
811	0.07507604401520146
872	0.011951879572724915
915	0.05570075508530754
989	0.05286439262920626
998	0.05338877708472486
1020	0.0249542349083586
1099	0.06922964937528235
1100	0.0302895234649498
1116	0.075310967286029
1123	0.025954351854712183
1164	0.15707523442010668
1217	0.07507604401520146
1240	0.041911145502580856
1292	0.05701247563992551
1301	0.015222268756536863
1333	0.21856004379144894
1497	0.028097604304067443
1731	0.08092243865512058
1828	0.08507052166583981
1845	0.06771045785501789
1944	0.026773832780638645
1975	0.050064860291067645
1979	0.06922964937528235
2018	0.04634722665873843
2057	0.015566962063526455
2109	0.05546509450492891
2169	0.05449847705491521
2294	0.0249542349083586
2351	0.04509261106328638
2396	0.04117160334936802
2437	0.04366382098863109
2684	0.06633618196001516
2736	0.05449847705491521
2762	0.030506354368180947
2822	0.15703917177041968
2853	0.09929377895948387
2986	0.0302895234649498
3112	0.09692219942223049
3133	0.06788799788797313
3182	0.086788598868173
3193	0.023674865687354375
3202	0.04479530190456866
3318	0.05190870370942437
3432	0.030837839848523063
3648	0.04924069407400562
3809	0.02533073105881054
3968	0.044218465651148536
3992	0.045396179819820165
4023	0.040070382640429295
4083	0.14673693795376871
4084	0.15707523442010668
4107	0.08507052166583981
4128	0.040944528052567146
4172	0.055087088713924745
4218	0.06285887027984462
4292	0.05139678965536065
4342	0.09786068226167331
4442	0.030616004960045486
4443	0.06392743189590164
4457	0.013048312943612807
4472	0.02262574976991941
4501	0.03904733074129853
4590	0.0650815663645631
4640	0.02206752586365941
4717	0.03702352033864878
4810	0.055087088713924745
4878	0.03212297182222893
4970	0.024019010504192587
5109	0.037547904794167385
5142	0.06771045785501789
5201	0.06093348335384387
5218	0.08092243865512058
5273	0.057715980204379534
5304	0.044503999404276844
5310	0.16179886273578986
5333	0.03702352033864878
5381	0.04924069407400562
5387	0.07507604401520146
5418	0.048461099711115244
5594	0.03176096996363299
5656	0.0698974251179939
5715	0.08092243865512058
5797	0.03772702490310281
5858	0.040944528052567146
5970	0.019663456527826858
5998	0.16349543116474563
6071	0.04261470507119613
6168	0.030075904989790937
6173	0.03212297182222893
6187	0.04634722665873843
6205	0.10677755416944971
6299	0.0650815663645631
6342	0.0509390057032055
6348	0.02682173296434285
6388	0.042826713406891155
6549	0.04964688947974193
6554	0.011074185745817628
6559	0.0249542349083586
6580	0.0302895234649498
6625	0.0212975409535358
6642	0.0650815663645631
6696	0.060364637267967626
6732	0.03685287949096497
6777	0.034366048098810796
6805	0.02301027878038014
6821	0.09091691630575895
6986	0.03618982090911198
7000	0.05286439262920626
7132	0.04964688947974193
7215	0.06981734800912523
7268	0.045706277434669186
7284	0.057715980204379534
7321	0.029761296508850735
7416	0.02819033120461961
7481	0.023949521293348208
7501	0.020081427339152576
7549	0.06771045785501789
7632	0.13099146296589328
7639	0.05634170430937679
7813	0.05634170430937679
7862	0.02458731986005916
7929	0.037908398154216885
7944	0.039447883813430125
8036	0.06336348916222992
8037	0.06833902672509487
8159	0.14570669586096596
8212	0.02635827135746171
8252	0.05923517172464398
8285	0.05634170430937679
8292	0.07618416390941161
8390	0.04163677218431859
8431	0.04286991497856791
8719	0.11803505761436324
8720	0.061864063215098776
8917	0.08805665969855848
9026	0.02720172718722382
9210	0.057715980204379534
9652	0.024371570448172435
9678	0.055087088713924745
9700	0.11543196040875907
9701	0.17147965991427164
9724	0.060059337941706016
9783	0.032620227420557764
9885	0.04667871213908054
9891	0.0584639463991912
9938	0.038851151070937624
9998	0.00881908743770435
10023	0.03524911891101256
10128	0.017514514994419552
10131	0.025178950885291193
10179	0.17549066706324012
10209	0.15198438635286327
10224	0.14676109949759747
10236	0.06093348335384387
10318	0.061864063215098776
10367	0.03809208195470581
10658	0.044503999404276844
10687	0.044218465651148536
10697	0.04924069407400562
10775	0.05235841147336889
10781	0.04187510791382206
10873	0.008965474312734468
10896	0.05286439262920626
10948	0.015566962063526455
10967	0.06285887027984462
10982	0.2404222958425758
11153	0.024371570448172435
11194	0.04366382098863109
11199	0.041402312004722296
11242	0.04772150255374117
11465	0.13861774951560074
11514	0.027029042688010426
11536	0.0335339528282947
11577	0.03408331387648302
11621	0.08092243865512058
11627	0.03422398800051017
11710	0.04509261106328638
11775	0.017514514994419552
11833	0.08186655365614988
11857	0.025795899893761107
12146	0.051869585564460405
12188	0.018289180632824115
12270	0.04509261106328638
12504	0.03313524585863574
12551	0.19233311030238445
12590	0.03117712569872966
12612	0.04874314089634487
12690	0.03827813593410083
12739	0.017648231408754867
12829	0.04593939746716028
12839	0.05440345437444764
