150
t_index	tf-idf
16	0.029608610631797552
402	0.06246253643552348
612	0.036736446811772704
631	0.03824728348977374
687	0.04437907692741562
728	0.056211568417627124
807	0.04851091174276032
872	0.028785451248942707
908	0.052911714357201566
955	0.08541306625698981
977	0.03286185623007104
1077	0.06707611803989523
1132	0.18081656460920553
1206	0.03943500574205526
1240	0.025235178038545754
1241	0.06366050576286238
1265	0.050426958791834675
1475	0.03898003644225609
1624	0.10948422154436743
1895	0.05359272980620885
2076	0.03383577511743691
2294	0.060100916181290716
2349	0.02969608521569686
2385	0.07569608340655119
2433	0.079883541338915
2616	0.0713323430648381
2729	0.03943500574205526
2737	0.04800017880013057
2872	0.09130031308915995
2891	0.08918394990678659
2909	0.016930653879539244
3214	0.03184016931208142
3216	0.04155715216252003
3305	0.042265971729847536
3378	0.04070997594139605
3809	0.03050384333094602
3937	0.09357405331897696
3988	0.05466711378492176
4191	0.11162477210307475
4260	0.03068856494735366
4344	0.03974507948508837
4415	0.045871352761125715
4457	0.01571307566453671
4620	0.024375087225394065
4644	0.024055305292501793
4717	0.04458456652309772
4734	0.04678544108116421
4735	0.4957978257071068
4758	0.09744864390067862
4765	0.04358060667982883
4990	0.03931278890859654
5041	0.041907945268734946
5088	0.09744864390067862
5130	0.09744864390067862
5216	0.03275693948681375
5362	0.032967410768997035
5411	0.05162492811917357
5487	0.06494729200089037
5693	0.06246253643552348
5727	0.05746732038791052
5769	0.022832006028970283
5791	0.0744981140792123
5838	0.05394352291242375
5872	0.10244385994829158
5875	0.09744864390067862
5891	0.06429198146876226
5929	0.06494729200089037
5970	0.02367918225009427
5978	0.03596460115644176
6086	0.1471113713264997
6087	0.17646305617455907
6570	0.06305119172963371
6671	0.040382349840860414
6696	0.036346235599682974
6713	0.06028924515280609
6909	0.022655723619621013
6959	0.02392902351275295
7281	0.036475334099071506
7483	0.03898003644225609
7498	0.11324028833357307
7501	0.024182512221739665
7565	0.11493464077582104
7776	0.10244385994829158
7811	0.03479878971861369
7826	0.05071879201735549
7958	0.058821018724853014
8018	0.04825366750911728
8036	0.01907593923976466
8060	0.025167483340012085
8089	0.01024423173309877
8176	0.052256403825073454
8207	0.06784796369522617
8306	0.05835796013155521
8342	0.05929676542114931
8371	0.05013994947749387
8475	0.07698286964457918
8535	0.239650624016745
8546	0.2478989128535534
8549	0.05324888355673025
8677	0.04800017880013057
8724	0.1625687671627628
8792	0.05324888355673025
8877	0.03558605522029119
8955	0.10582342871440313
9006	0.05466711378492176
9029	0.059785915181160706
9443	0.020826278586382235
9525	0.04437907692741562
9580	0.13323818364988935
9598	0.07039353777524403
9820	0.02969608521569686
9823	0.06134191096961219
9885	0.056211568417627124
9891	0.03520180798037924
9998	0.021240291951864408
10006	0.04825366750911728
10155	0.05662014416678653
10217	0.026574217304815316
10448	0.05466711378492176
10452	0.020206081652025896
10665	0.03883099116504987
10671	0.04244779190616473
10750	0.04609540320109874
10803	0.06950289803159933
10867	0.03328797990207898
10890	0.034632935937159826
11117	0.05746732038791052
11175	0.024182512221739665
11499	0.07232482279649491
11592	0.013821030588078159
11635	0.06494729200089037
11663	0.030875272855773732
11819	0.07232482279649491
11986	0.09040828230460277
12028	0.073377488613301
12100	0.09744864390067862
12228	0.05835796013155521
12281	0.09744864390067862
12327	0.04070997594139605
12371	0.08076469968172083
12406	0.056211568417627124
12436	0.05504054039620642
12488	0.02319003249008287
12564	0.06309005807228002
12612	0.0293488002756078
12766	0.041463091764234475
12791	0.08336792070852693
12792	0.1698604325003596
12829	0.022128507539760173
12846	0.10244385994829158
