278
t_index	tf-idf
146	0.05774791532688273
176	0.039808917146347905
185	0.03915380034361693
515	0.07218669371739038
604	0.027934735176605406
639	0.03065368350868124
655	0.0681982523745238
669	0.05695546768178264
678	0.038733645177856824
687	0.03543457249664791
716	0.03894213120299745
721	0.03915380034361693
728	0.044882251595778855
738	0.02302780841690313
758	0.05350432890619099
797	0.05549474323352614
863	0.030769701419247817
864	0.045884909544288977
865	0.030769701419247817
901	0.11860410224068448
918	0.04960625587619807
1070	0.07471441061200045
1081	0.043947241672329905
1083	0.056205876514107675
1100	0.029123811488619665
1155	0.05858841868528665
1157	0.023781103086512025
1301	0.014636429860228548
1311	0.07780808606376095
1428	0.04456352354936803
1499	0.07780808606376095
1589	0.03680497702020743
1879	0.05973531179167258
1944	0.025743424442892203
2069	0.042436485606461204
2109	0.026665242165814663
2167	0.025824738807410753
2277	0.05606004236669932
2344	0.05185730948461459
2358	0.09795716999209898
2418	0.05549474323352614
2430	0.022313342830234825
2464	0.024429410987048067
2493	0.2317029668392093
2584	0.07022427595595349
2592	0.0681982523745238
2642	0.0778842624059949
2657	0.05355707536156706
2681	0.05355707536156706
2710	0.06378319092784235
2716	0.030886698395483896
2813	0.024803127938099034
2891	0.028483649118507943
2909	0.05407327270834455
2965	0.07218669371739038
2996	0.08293969619521505
3016	0.03224337688143744
3037	0.08179652740662753
3200	0.05948318457639271
3293	0.10679593836155492
3335	0.043649078365522384
3349	0.04623591713824402
3390	0.10038447581318487
3440	0.05417335723860519
3699	0.05858841868528665
3715	0.04307132562696544
3718	0.05481831349899262
3808	0.024879095576979687
3839	0.03559864612051831
3871	0.04915538222148033
3929	0.04122003846688889
3944	0.05481831349899262
3981	0.019006080000645652
3993	0.05185730948461459
4045	0.06257686002815323
4073	0.07471441061200045
4130	0.03454748926630011
4135	0.08789448334465981
4163	0.09108513939283269
4182	0.03773580030330833
4200	0.024429410987048067
4248	0.03852824794840842
4271	0.05240106778176562
4302	0.08741791975299812
4304	0.04975819115395937
4329	0.04813808163764557
4336	0.04279123409252846
4359	0.03958708746338488
4429	0.118106253920437
4620	0.019462342509128896
4638	0.04307132562696544
4682	0.03065368350868124
4684	0.09108513939283269
4717	0.03559864612051831
4737	0.03559864612051831
4744	0.037544568865842565
4798	0.04073353032434733
4859	0.021573750984599696
4895	0.01866130764826512
4936	0.27747371616763067
4970	0.023094623290351585
4985	0.029020732505177234
4990	0.01569469179029409
5013	0.08179652740662753
5086	0.03250497066875779
5118	0.056205876514107675
5234	0.045884909544288977
5252	0.03495368986013088
5332	0.035272417906541696
5458	0.05133407533541206
5544	0.03703226584966803
5548	0.018230265902120547
5556	0.030087724951530802
5578	0.07325216689801373
5699	0.04813808163764557
5706	0.08741791975299812
5714	0.07471441061200045
5720	0.05948318457639271
5771	0.05858841868528665
5801	0.08741791975299812
5823	0.1171768373705733
5842	0.02615485105542515
5899	0.03698620913563337
5935	0.056205876514107675
5946	0.061077256826898844
5972	0.05774791532688273
6071	0.04097465047849994
6155	0.06527528421228057
6298	0.02933229751376029
6328	0.0681982523745238
6476	0.05296702633891607
6554	0.021295977034723954
6556	0.02657886145393214
6559	0.047987709952238604
6600	0.0665653013710198
6603	0.05357416209809422
6642	0.06257686002815323
6708	0.031705376958431335
6716	0.04623591713824402
6798	0.021218242803230602
6827	0.02746788772193523
6828	0.058455325212945525
6842	0.04073353032434733
6906	0.07471441061200045
6909	0.01808951282101913
7001	0.06388951577640475
7033	0.0402635171979184
7057	0.09627616327529114
7136	0.04941875083558506
7227	0.07004953953460036
7245	0.08850391708156995
7247	0.035932736007179195
7362	0.05240106778176562
7365	0.0604397058453632
7441	0.05133407533541206
7472	0.031734546951096565
7482	0.0604397058453632
7483	0.03112369663511017
7501	0.019308580569934106
7591	0.04062502569434827
7651	0.030199083457110747
7726	0.08251660457744413
7808	0.05625193322814234
7832	0.02110173741672624
7958	0.0469657729867043
7968	0.04198339048870323
8037	0.010951492485295103
8089	0.024538588710124966
8103	0.03821236389497002
8388	0.048131008042821485
8411	0.06378319092784235
8414	0.02841785232991464
8505	0.011318961034975107
8574	0.0651045769227633
8577	0.0681982523745238
8636	0.0651045769227633
8724	0.02163389884209508
8746	0.10165974431225208
8805	0.016586839598226058
8811	0.045884909544288977
8877	0.018942509862406847
8891	0.05417335723860519
8927	0.043947241672329905
8929	0.07873750261362467
8985	0.05082987215612604
8997	0.034337407983092746
8998	0.08741791975299812
9006	0.043649078365522384
9113	0.03680497702020743
9114	0.08741791975299812
9128	0.08741791975299812
9270	0.07471441061200045
9316	0.043357192649678904
9344	0.08179652740662753
9346	0.08741791975299812
9372	0.08614265125393088
9422	0.04520847980975546
9461	0.0651045769227633
9553	0.0278400995913577
9579	0.07218669371739038
9587	0.04773619670436553
9629	0.04773619670436553
9650	0.05296702633891607
9652	0.046867229471968475
9668	0.03915380034361693
9729	0.07780808606376095
9735	0.0402635171979184
9804	0.0681982523745238
9820	0.02371090516738971
9844	0.11817586661751911
9891	0.033728354078223485
9976	0.04987335088715555
9986	0.02420992261278051
9997	0.032906855602037835
9998	0.008479679131781976
10104	0.06257686002815323
10121	0.02598881243128115
10128	0.01684045751338211
10131	0.02420992261278051
10137	0.029123811488619665
10171	0.02986765589583629
10268	0.05082987215612604
10403	0.026839635149601183
10443	0.07218669371739038
10460	0.04198339048870323
10618	0.04813808163764557
10747	0.07433968349231578
10854	0.05549474323352614
10856	0.0665653013710198
10867	0.05315772290786428
10873	0.01724086442576678
10912	0.08741791975299812
10948	0.014967857421503005
10976	0.05053061209822663
11017	0.056205876514107675
11055	0.043947241672329905
11116	0.037929706392930015
11146	0.05296702633891607
11197	0.04773619670436553
11209	0.028222580659458832
11279	0.07152936948932462
11316	0.1341981757480059
11437	0.02986765589583629
11514	0.02598881243128115
11516	0.0652649493000769
11536	0.03224337688143744
11636	0.019006080000645652
11684	0.07471441061200045
11699	0.03318140040329131
11711	0.07508913773168513
11735	0.07004953953460036
11795	0.07119729224103662
11800	0.05858841868528665
11968	0.07218669371739038
12055	0.014782753745200968
12122	0.08741791975299812
12150	0.06378319092784235
12188	0.03517061928346624
12193	0.017540369377400236
12198	0.08179652740662753
12262	0.028716015636722166
12313	0.04520847980975546
12336	0.08741791975299812
12337	0.20610019233444443
12338	0.043947241672329905
12488	0.03703226584966803
12504	0.031860014408370364
12537	0.035442022286943896
12566	0.014636429860228548
12600	0.05082987215612604
12612	0.046867229471968475
12737	0.034187524799977324
12748	0.08303193118692247
12758	0.05034336401358448
12763	0.05133407533541206
12766	0.011035432556487009
12829	0.008834277985803007
12839	0.02615485105542515
