281
t_index	tf-idf
3	0.018653860713374104
56	0.0288679992501749
191	0.03553150760953144
307	0.048124380882600556
459	0.06900492271779705
569	0.04013288969080651
607	0.02865594714831102
612	0.028039418608042495
631	0.029192578092407197
634	0.03296876163842816
738	0.02201281231122276
872	0.010985375389269397
949	0.08356480240419983
951	0.11372269162990067
963	0.07819118402036923
983	0.01885315730547033
1023	0.04546580806300022
1105	0.027546686258655997
1179	0.0651922797990555
1200	0.0609718208995896
1207	0.03663656187365503
1240	0.01926097328619466
1301	0.013991300326395393
1378	0.03644586831569767
1446	0.03484288655989325
1490	0.02616970766617708
1497	0.025825455229964323
1507	0.12634797287371013
1589	0.03518272501650632
1664	0.06223496419878094
1779	0.05520256198249232
1879	0.028551180012798164
1905	0.07141880508793655
2057	0.014308119563772134
2167	0.024686462474501264
2219	0.06805913106428324
2241	0.04013288969080651
2407	0.04259929829444527
2418	0.05304870289620878
2431	0.035709402543968274
2451	0.03964198269417071
2616	0.054445043031394295
2626	0.034188285676218066
2683	0.07142122550135312
2685	0.04090512599336204
2691	0.06363130433396647
2692	0.05520256198249232
2716	0.029525306203002016
2727	0.09535016902475633
2778	0.030946628388234334
2891	0.040842264098666856
2909	0.01292247162249091
2918	0.022936278461667133
2974	0.07819118402036923
2991	0.03402956553214162
2992	0.030946628388234334
3044	0.06363130433396647
3133	0.031199073613794922
3167	0.022026260636001938
3181	0.0250020243736459
3216	0.031718864690789876
3238	0.053772518247355586
3276	0.04489566384654044
3293	0.03402956553214162
3318	0.023855519659004523
3320	0.04563212961826984
3359	0.02963809814870589
3438	0.03069890204241936
3651	0.03045572139159854
3808	0.047565000671711974
3819	0.04563212961826984
3824	0.056688196173476195
3839	0.03402956553214162
3881	0.02998235058491864
3900	0.0331935687512019
3901	0.034511544961160934
3981	0.018168349512548285
4049	0.0651922797990555
4120	0.04013288969080651
4130	0.04953711073639289
4143	0.03893811958002839
4144	0.035011716532536485
4187	0.0490714246475637
4240	0.05178555959701742
4292	0.04724052185531923
4298	0.02163592510445517
4417	0.03253889778433478
4426	0.06759781016465313
4457	0.03597943277709143
4472	0.020796089282346476
4504	0.04489566384654044
4564	0.02145142597223596
4587	0.01448745888528745
4598	0.023073616204936226
4620	0.018604501350450362
4682	0.058605123814467676
4717	0.03402956553214162
4765	0.03326328428411249
4841	0.05520256198249232
4859	0.02062284533010356
4862	0.07142122550135312
4895	0.017838773682071915
4920	0.024764651336250852
4953	0.044542230271321405
4970	0.04415336437450453
4990	0.030005834546429203
5178	0.04601630067992015
5240	0.17958265538616175
5259	0.056006018496483324
5261	0.06696196782368873
5362	0.025162668445086623
5369	0.016554510101716675
5484	0.016262306720624568
5515	0.041943255846257355
5548	0.01742673095163052
5664	0.0490714246475637
5725	0.027354610815120448
5753	0.0490714246475637
5798	0.08289227762016112
5896	0.03588971789182166
6017	0.04144613881008056
6036	0.1048041762745719
6144	0.08077066983273418
6206	0.16712960480839967
6211	0.057775706521116556
6246	0.06265424532856081
6269	0.07437854110162767
6323	0.035709402543968274
6348	0.012326379437275027
6421	0.04144613881008056
6428	0.18719444168276955
6517	0.03988516334499153
6554	0.02035731481530766
6603	0.05121277516494865
6625	0.019575287787943155
6696	0.08322475932643442
6701	0.06593752327685631
6708	0.030307899892471627
6726	0.02557301000440373
6760	0.021329838205418894
6897	0.11963732283044978
6985	0.02182302901622983
7103	0.037225679910614665
7187	0.024531455167996527
7281	0.05568024403189254
7340	0.023004769433874504
7343	0.44386538307431683
7366	0.024531455167996527
7426	0.046411941213186834
7435	0.130384559598111
7443	0.07819118402036923
7472	0.030335784160137675
7481	0.02201281231122276
7501	0.018457516772203655
7543	0.03467618029106444
7584	0.02616970766617708
7650	0.038488823209806004
7651	0.0288679992501749
7671	0.034511544961160934
7726	0.03155180894746981
7751	0.11107914995555533
7754	0.023782500335855987
7811	0.026560484659087006
7821	0.045008751819643804
7832	0.04034327338368313
7926	0.03644586831569767
7992	0.06223496419878094
8037	0.020937567678356427
8089	0.007819000660404049
8104	0.05520256198249232
8112	0.06984698629344127
8134	0.05520256198249232
8153	0.054445043031394295
8167	0.02273290403150011
8183	0.04172515908690695
8386	0.020061194605826737
8505	0.010820055487262864
8521	0.03916861188749081
8598	0.03805426055274707
8605	0.04090512599336204
8645	0.021390492652826016
8677	0.03663656187365503
8719	0.04339600007171743
8724	0.08272136820826696
8786	0.057775706521116556
8805	0.01585574190569069
8865	0.028344098086738097
8877	0.027161372030429946
8882	0.03553150760953144
8914	0.04353519105023095
8965	0.031199073613794922
8991	0.03805426055274707
9000	0.05628040432625508
9109	0.021574139567721973
9161	0.07437854110162767
9168	0.05875785752151142
9241	0.07819118402036923
9269	0.03871156750557419
9306	0.02814020216312754
9381	0.02998235058491864
9416	0.03805426055274707
9443	0.04768752511558732
9495	0.026560484659087006
9522	0.031718864690789876
9602	0.09448104371063847
9713	0.03535596896874924
9735	0.038488823209806004
9820	0.022665800224211895
9844	0.028241758013520364
9845	0.051650910459928645
9941	0.08026577938161301
9998	0.06484736430247302
10014	0.06696196782368873
10023	0.03239865336847469
10189	0.2032134114804478
10191	0.03588971789182166
10375	0.046424784131805036
10419	0.02784012201594627
10452	0.015422470898515877
10476	0.034188285676218066
10541	0.05710236002559633
10695	0.03253889778433478
10746	0.03893811958002839
10747	0.03553150760953144
10765	0.08356480240419983
10853	0.028241758013520364
10873	0.008240469649058352
10890	0.05286779058100655
10948	0.0429243586913164
10966	0.04957159621893925
11016	0.02407702298154032
11046	0.032122539764239295
11132	0.06479730673694938
11175	0.055372550316610966
11305	0.01534519386542436
11308	0.056006018496483324
11316	0.05131325051464217
11446	0.048124380882600556
11481	0.029525306203002016
11516	0.020796089282346476
11535	0.027643778074775822
11592	0.03164707225818252
11623	0.09857094231331433
11658	0.06214449986373414
11682	0.03535596896874924
11734	0.048589445218544386
11747	0.057775706521116556
11802	0.03683003937734799
11807	0.07485603863218507
11857	0.023709881120595404
11867	0.037428019316092534
11876	0.02485687388529815
11889	0.012574105783090003
12068	0.04681975719391116
12138	0.07437854110162767
12159	0.06900492271779705
12166	0.04230146612854757
12188	0.016810202411361993
12270	0.04144613881008056
12329	0.1358263970025209
12387	0.025825455229964323
12417	0.0651922797990555
12420	0.03185206152678406
12434	0.0236376576523413
12488	0.017699997821105626
12489	0.06799740067263568
12516	0.021698000035858714
12537	0.03387984520315856
12566	0.013991300326395393
12590	0.05731189429662204
12612	0.022400731915855367
12632	0.03663656187365503
12748	0.01984303373518656
12755	0.04013288969080651
12758	0.048124380882600556
12766	0.03164707225818252
12768	0.031586993218427534
12829	0.02533466924241521
12838	0.11049011813204397
12867	0.07071193793749848
12868	0.16945054808112223
