192
t_index	tf-idf
75	0.02849768430588801
191	0.03271974168125063
272	0.041017405858496794
403	0.07695194862986074
585	0.043902343436121274
590	0.06576934687499009
602	0.06354425685712571
612	0.05164106988252282
687	0.0311922247771128
807	0.03409632123934711
817	0.03484758650738449
858	0.02563700957321334
872	0.04046421547416041
886	0.06576934687499009
908	0.037189464086231264
991	0.031049483886878778
1020	0.021121228928481076
1023	0.02093394841979105
1032	0.03373734809590749
1042	0.04564877575236503
1100	0.07691102871964002
1122	0.11218249983650315
1171	0.02698372010385374
1211	0.03564814932082715
1240	0.01773676696692434
1399	0.057310035208856316
1565	0.041017405858496794
1720	0.056146850046263984
1764	0.03672887331165564
1860	0.04009005812141039
1888	0.03544303176998751
1906	0.02729270387302874
1999	0.03035979717535885
2109	0.023472788544321225
2294	0.06336368678544323
2349	0.06261646450398045
2430	0.01964191342100443
2456	0.07200356852325947
2464	0.021504638690153746
2506	0.017547550665226837
2538	0.056146850046263984
2621	0.05239215726611623
2641	0.06354425685712571
2729	0.055434481668231186
2731	0.039508795553012545
2762	0.02582053494126141
2765	0.05236165510225505
2813	0.021833612974838615
2872	0.06417122854438094
2909	0.05949929538843595
2913	0.038953963329520024
2992	0.05699536861177602
3167	0.010141612426551724
3187	0.08799439950238175
3193	0.020038372639754245
3203	0.031336654947851976
3230	0.058595876750524446
3305	0.029707010192590623
3349	0.04070039564576377
3370	0.08622940393065132
3474	0.03255809419236303
3741	0.03979596661398575
3809	0.02143989473464946
3843	0.056146850046263984
4083	0.031049483886878778
4148	0.05164106988252282
4155	0.03816632185872439
4172	0.046625633524858164
4298	0.019923778304941842
4417	0.029963950356287513
4419	0.04009005812141039
4501	0.06609921038747892
4504	0.041342870665949695
4587	0.013341001951101715
4620	0.051396733708978834
4708	0.019753879408081976
4734	0.032883558999815925
4735	0.13939034602953795
4836	0.02849768430588801
4856	0.03224108397963
4859	0.018990868030389005
4920	0.022804914541003102
4990	0.013815669828574103
5109	0.03178049320505438
5369	0.015244478228740333
5411	0.03628503505445324
5416	0.03979596661398575
5538	0.03356174496571636
5544	0.01629931841985559
5548	0.0160476763708458
5584	0.03524130474757364
5673	0.038953963329520024
5675	0.11229370009252797
5838	0.0758293596194292
5946	0.05376487959306693
5970	0.04992936490034645
5978	0.02527803642977372
6086	0.034466173997494375
6186	0.10166827639623444
6218	0.04612743345398566
6570	0.044316084990055696
6614	0.04199211295489412
6634	0.08268574133189939
6713	0.04237482653198345
6777	0.02908737422436642
6959	0.016818724763639943
6985	0.020096075853587823
7001	0.014060111330445952
7165	0.029208810121718113
7206	0.02038875671465013
7230	0.05013656508439067
7296	0.022449081551186887
7321	0.02518991902898568
7327	0.06605223122293676
7498	0.43775563275384327
7754	0.02190048550922508
7821	0.013815669828574103
7935	0.05013656508439067
8021	0.027717240834115593
8023	0.06479711960624805
8131	0.02572842728149061
8176	0.07345774662331128
8475	0.10821617483699761
8546	0.10454275952215347
8670	0.05083413819811722
8681	0.04564877575236503
8719	0.03996188194292193
8805	0.02920201332406234
8877	0.008337324029050517
8892	0.0712962986416543
8950	0.04311470196532566
8951	0.05236165510225505
8980	0.054108087418498804
8991	0.07008571597017632
9068	0.04327033242470626
9156	0.03304960519373946
9307	0.02475863008598936
9426	0.02393924813699026
9495	0.01222931780047831
9496	0.044316084990055696
9507	0.043902343436121274
9525	0.0623844495542256
9527	0.042739158273528956
9549	0.035856773323921926
9652	0.020628062558232647
9812	0.06849263696372697
9820	0.02087215483466015
9823	0.04311470196532566
9891	0.01979352042640504
9907	0.06166297005285456
10006	0.033915514865849684
10126	0.06576934687499009
10128	0.014824260576489955
10185	0.03409632123934711
10375	0.021375492437492368
10750	0.09719567940937208
10805	0.046625633524858164
10867	0.023396749625502564
10873	0.0075883647047120285
10880	0.02678199308143987
11128	0.05083413819811722
11175	0.01699689153358214
11199	0.03504285798508816
11209	0.04968735433753657
11401	0.045322667958321
11459	0.04885072354272254
11557	0.04612743345398566
11636	0.016730607362851913
11663	0.021700957244945272
11775	0.014824260576489955
11837	0.07695194862986074
11856	0.05083413819811722
11867	0.034466173997494375
11876	0.007629946370116933
11893	0.06849263696372697
11943	0.04474434672058701
12028	0.05157401363145943
12077	0.06354425685712571
12167	0.06354425685712571
12218	0.05157401363145943
12330	0.04009005812141039
12357	0.6164337326735427
12406	0.039508795553012545
12488	0.01629931841985559
12517	0.03628503505445324
12547	0.058595876750524446
12557	0.049476717524630565
12566	0.012884106621517254
12609	0.046625633524858164
12612	0.020628062558232647
12649	0.02582053494126141
12699	0.024929321078062228
