493
t_index	tf-idf
3	0.02195685069312648
16	0.008866861992673598
44	0.018380549734350396
75	0.012142088786459846
91	0.008763378360084312
101	0.03278713394834734
131	0.03067876366960543
144	0.03067876366960543
146	0.021659044740599518
153	0.021659044740599518
182	0.012550131842232672
184	0.01209326325478568
189	0.009505515681345679
191	0.01394099268906882
258	0.01870559538147801
277	0.010132766853276633
278	0.010371491833058655
279	0.016371107698924737
305	0.0210806846829493
355	0.010132766853276633
356	0.012241137132018546
361	0.019449702727736776
433	0.00953514471261251
434	0.018370002756910885
469	0.011161437161192658
543	0.03416256843465177
612	0.011001428200462878
631	0.011453876999357814
647	0.009685876452472101
699	0.03278713394834734
706	0.049113323096774214
716	0.014605710998321992
731	0.013351697020829865
733	0.03278713394834734
738	0.008636854334159434
750	0.02197428555477
764	0.009505515681345679
790	0.20394842899844573
831	0.04979167530820829
847	0.014081538566869332
853	0.02918285115048823
865	0.03462163106262654
877	0.028022531255938152
880	0.025533649802131245
901	0.022241941915206905
902	0.005871771722985948
918	0.009302709105206758
939	0.019449702727736776
984	0.03169083985975532
1003	0.022309878179337123
1009	0.0210806846829493
1012	0.0142997474050217
1049	0.029861618819205675
1051	0.08491957319656236
1052	0.06638890041094439
1066	0.03278713394834734
1157	0.008919386488949077
1203	0.026449961683033044
1206	0.011809563033652774
1208	0.014685100035327582
1210	0.023922646872782134
1225	0.018209993796181108
1240	0.007557154363333544
1247	0.028022531255938152
1324	0.03278713394834734
1325	0.06557426789669468
1417	0.023053985525595885
1469	0.026272915693149122
1471	0.01219137712627979
1497	0.010132766853276633
1510	0.021361827795145286
1515	0.05511000827073266
1600	0.015101312583618897
1605	0.3932939543761438
1737	0.03738267219804678
1764	0.01564917471854426
1774	0.01626163247816897
1793	0.02197428555477
1804	0.021361827795145286
1849	0.026272915693149122
1862	0.04610797105119177
1872	0.0234701980738872
1879	0.011202220750012128
1884	0.017476401885090184
1905	0.028021581592723308
1944	0.02896613558924174
1945	0.026272915693149122
1999	0.012935484472538554
2057	0.005613873535142694
2070	0.02918285115048823
2093	0.03067876366960543
2129	0.013229341236345364
2158	0.041120525233096186
2233	0.010477255769010216
2239	0.01888187941314165
2353	0.0285994948100434
2429	0.017341332448994863
2430	0.008368885490268305
2436	0.014930809409602838
2474	0.02918285115048823
2509	0.018209993796181108
2525	0.028022531255938152
2577	0.013781622690281823
2601	0.020560262616548093
2613	0.020560262616548093
2615	0.014715801664065699
2640	0.01176374880848916
2645	0.027608291639449594
2737	0.014374567126339211
2757	0.0210806846829493
2759	0.04162793132043984
2781	0.0741403688298478
2837	0.02081396566021992
2891	0.0053415662465144415
2909	0.005070206544388752
2925	0.028022531255938152
3030	0.028022531255938152
3043	0.03278713394834734
3093	0.01305104213745309
3167	0.004321065431116907
3178	0.020560262616548093
3203	0.013351697020829865
3207	0.013605400064501694
3232	0.027074480871746312
3235	0.039731830552056174
3242	0.010132766853276633
3282	0.03278713394834734
3346	0.035515089994572355
3362	0.023922646872782134
3365	0.008159466010630046
3397	0.03278713394834734
3433	0.009026054453296739
3474	0.013872119087231074
3480	0.017757544997286177
3513	0.025578568352629113
3522	0.013872119087231074
3531	0.03278713394834734
3616	0.06557426789669468
3635	0.01626163247816897
3639	0.021659044740599518
3653	0.06557426789669468
3668	0.03278713394834734
3670	0.02918285115048823
3671	0.016371107698924737
3716	0.04272365559029057
3723	0.04272365559029057
3729	0.014605710998321992
3730	0.021361827795145286
3783	0.0469403961477744
3818	0.01906435009743089
3824	0.011120970957603452
3825	0.017081284217325885
3834	0.01888187941314165
3847	0.016049362967810732
3862	0.017081284217325885
3871	0.009218156333001808
3929	0.015460067299571778
3939	0.023081087375084363
3971	0.022309878179337123
3981	0.007128457100957297
3995	0.01555376138251383
4098	0.01584541992987766
4100	0.02953143991810354
4169	0.01906435009743089
4207	0.016371107698924737
4212	0.017757544997286177
4221	0.024966110593004402
4237	0.023053985525595885
4240	0.020318364074923018
4248	0.014450479144881291
4276	0.01167331381742342
4285	0.04883649691615808
4298	0.025466941370779702
4330	0.027608291639449594
4342	0.03529124642546748
4415	0.013737049651135747
4428	0.01695597981868898
4457	0.004705579573810164
4472	0.008159466010630046
4572	0.012044891920685146
4586	0.03067876366960543
4598	0.009053066882450745
4617	0.02531469936061972
4634	0.021659044740599518
4640	0.015916310314950482
4700	0.01888187941314165
4701	0.0210806846829493
4827	0.03067876366960543
4887	0.09836140184504202
4903	0.0210806846829493
4953	0.017476401885090184
5015	0.03067876366960543
5077	0.03067876366960543
5091	0.027078163359890217
5109	0.013540804439802349
5122	0.019253457516403377
5169	0.07881874707944736
5202	0.020087220202940237
5216	0.019619377980540146
5248	0.012445080169951616
5269	0.07489833177901321
5314	0.008661914049738186
5322	0.03278713394834734
5345	0.014605710998321992
5369	0.006495257866211083
5373	0.03278713394834734
5414	0.01722382961904996
5438	0.05836570230097646
5447	0.01853509220746195
5469	0.01062170619433298
5476	0.040174440405880474
5478	0.03067876366960543
5484	0.03828366106910792
5515	0.008228339612467793
5544	0.006944696603708832
5548	0.013674957531263285
5769	0.006837478765631642
5783	0.03278713394834734
5798	0.01626163247816897
5838	0.01615441464009178
5851	0.028022531255938152
5885	0.02575730921444402
5934	0.008345195786795602
5950	0.03067876366960543
6006	0.07187283563169607
6133	0.027074480871746312
6139	0.06557426789669468
6141	0.020318364074923018
6213	0.01476571995905177
6216	0.02441824845807904
6297	0.02918285115048823
6298	0.022002856400925756
6331	0.028022531255938152
6348	0.004836326324966921
6388	0.015444487627769215
6391	0.04039816265628079
6413	0.03067876366960543
6488	0.38806453417615655
6544	0.02334662763484684
6559	0.008999181623882824
6603	0.006697876262456075
6607	0.022668632895290006
6609	0.015101312583618897
6612	0.025761282985262028
6614	0.01789169808874711
6625	0.007680477477542427
6660	0.01265734968030986
6665	0.011628679372393836
6671	0.01209326325478568
6682	0.01870559538147801
6692	0.016482937405081128
6708	0.01783721994568422
6732	0.013290159250331213
6744	0.012550131842232672
6760	0.03347554196107322
6763	0.01305104213745309
6826	0.014847609539947064
6828	0.010962183629891964
6841	0.031892783327996985
6909	0.027138750571916212
6916	0.09836140184504202
6947	0.011368631140724856
6950	0.04272365559029057
6985	0.008562391759785189
7001	0.005990631318998502
7069	0.025578568352629113
7102	0.03278713394834734
7119	0.013737049651135747
7165	0.012445080169951616
7170	0.0142997474050217
7172	0.03067876366960543
7173	0.023922646872782134
7206	0.00868709512034497
7215	0.016785367227628325
7247	0.013477001419466771
7298	0.03067876366960543
7299	0.054148961743492624
7321	0.02146547979763282
7340	0.018052108906593478
7544	0.04461975635867425
7547	0.016482937405081128
7551	0.014685100035327582
7554	0.0234701980738872
7565	0.017209682862360808
7566	0.03495280377018037
7591	0.030473801318063674
7592	0.05896093729700953
7602	0.03278713394834734
7603	0.051157136705258226
7606	0.03278713394834734
7650	0.015101312583618897
7667	0.021361827795145286
7700	0.01980904454753685
7713	0.01870559538147801
7754	0.009331201674679438
7755	0.014527515826760389
7757	0.01167331381742342
7848	0.03278713394834734
7906	0.016482937405081128
7929	0.013670808234076267
7934	0.03278713394834734
8011	0.023053985525595885
8021	0.011809563033652774
8023	0.013804145819724797
8035	0.03336291287281036
8036	0.0057126530766010266
8037	0.004107487939134758
8041	0.014685100035327582
8060	0.02261064569228501
8082	0.09836140184504202
8089	0.01840698102209594
8105	0.00977845838036373
8131	0.010962183629891964
8156	0.15948191100397457
8212	0.038022062725382715
8258	0.01870559538147801
8321	0.019653645765669844
8333	0.02918285115048823
8386	0.02361337749080995
8414	0.01065845462232371
8435	0.03067876366960543
8446	0.024966110593004402
8448	0.025578568352629113
8464	0.011809563033652774
8497	0.03342816255412782
8505	0.004245311403639586
8538	0.0234701980738872
8631	0.052545831386298245
8645	0.03357073445525665
8709	0.009107516394821881
8719	0.008513335915591065
8753	0.01615441464009178
8761	0.009594914116857617
8763	0.02918285115048823
8764	0.09836140184504202
8773	0.019449702727736776
8777	0.007958155157475241
8802	0.020560262616548093
8805	0.006221092119595285
8905	0.011584424799586974
8921	0.028022531255938152
8929	0.01476571995905177
8931	0.018209993796181108
8958	0.03850691503280675
8993	0.01853509220746195
8997	0.01287865460722201
9005	0.03067876366960543
9010	0.01853509220746195
9036	0.011202220750012128
9063	0.020560262616548093
9079	0.028022531255938152
9096	0.018370002756910885
9109	0.01692947708787235
9174	0.01888187941314165
9202	0.03278713394834734
9225	0.01555376138251383
9261	0.01943310860997064
9262	0.028022531255938152
9307	0.03164693820470384
9364	0.015101312583618897
9370	0.017615073594220765
9390	0.010166206717193645
9443	0.01247365101610738
9456	0.08663617896239807
9470	0.03278713394834734
9495	0.01563173985690074
9507	0.01870559538147801
9539	0.009505515681345679
9551	0.02918285115048823
9580	0.00798014200172786
9606	0.017341332448994863
9623	0.3934456073801681
9652	0.008789056836557023
9682	0.022668632895290006
9684	0.03278713394834734
9692	0.044792428228808516
9713	0.013872119087231074
9715	0.025578568352629113
9735	0.015101312583618897
9755	0.030377415194892177
9759	0.023922646872782134
9774	0.028022531255938152
9791	0.025578568352629113
9820	0.008893057921720966
9826	0.030228617453334175
9866	0.03278713394834734
9882	0.027074480871746312
9891	0.018975332508677216
9894	0.0077432534623387336
9917	0.03067876366960543
9942	0.056045062511876305
9976	0.01870559538147801
9979	0.022309878179337123
9987	0.11641936025284699
9998	0.0031804048451199406
10038	0.03110752276502766
10116	0.00953514471261251
10120	0.013229341236345364
10128	0.00631621454505928
10133	0.025644878261721845
10135	0.010808101810939734
10255	0.03741119076295602
10273	0.017209682862360808
10398	0.03067876366960543
10452	0.012102191463776267
10475	0.013540804439802349
10558	0.01722382961904996
10570	0.03523014718844153
10663	0.022309878179337123
10665	0.011628679372393836
10671	0.012711799192680995
10699	0.014450479144881291
10700	0.02081396566021992
10722	0.03288655088967589
10727	0.011855784501712664
10809	0.019865915276028087
10837	0.025578568352629113
10873	0.0032331959677725287
10890	0.010371491833058655
10893	0.03278713394834734
10920	0.010808101810939734
10948	0.005613873535142694
10982	0.028900958289762583
10984	0.012445080169951616
11016	0.01889351867918795
11029	0.03278713394834734
11036	0.022309878179337123
11039	0.019653645765669844
11062	0.02441824845807904
11065	0.017341332448994863
11134	0.01108081723746847
11146	0.019865915276028087
11200	0.021361827795145286
11209	0.031755646956514706
11277	0.024966110593004402
11306	0.011120970957603452
11401	0.009655378529747247
11404	0.011996966411673277
11437	0.011202220750012128
11453	0.01219137712627979
11454	0.01732382809947637
11514	0.00974741422297075
11516	0.008159466010630046
11544	0.018429394275334913
11577	0.012291377918204085
11592	0.00413897066447962
11627	0.012342108866139378
11693	0.032742215397849474
11699	0.012445080169951616
11710	0.01626163247816897
11711	0.014081538566869332
11713	0.016482937405081128
11736	0.016482937405081128
11775	0.00631621454505928
11814	0.014527515826760389
11876	0.0032509127853151704
11882	0.026272915693149122
11883	0.03278713394834734
11889	0.009867046381483236
11936	0.026272915693149122
11940	0.02441824845807904
12055	0.00554444819253108
12057	0.014605710998321992
12193	0.006578724841603058
12235	0.028022531255938152
12257	0.019865915276028087
12318	0.026272915693149122
12339	0.029861618819205675
12354	0.3222725436518547
12387	0.010132766853276633
12388	0.052545831386298245
12456	0.06135752733921086
12480	0.042032372389084964
12488	0.020834089811126496
12489	0.008893057921720966
12496	0.026272915693149122
12510	0.027074480871746312
12525	0.011718334712671932
12537	0.0066464766915394794
12581	0.02310395613458448
12649	0.011001428200462878
12657	0.03812870019486178
12672	0.025578568352629113
12684	0.03067876366960543
12690	0.013804145819724797
12717	0.029861618819205675
12718	0.01209326325478568
12725	0.023922646872782134
12748	0.0077855291498234785
12829	0.01988040826017428
12834	0.055097880811889884
12835	0.04432326894987388
12839	0.009809688990270073
