325
t_index	tf-idf
3	0.01189106867289189
56	0.01840216171908633
75	0.019727202267310083
211	0.030677312686543612
263	0.03340417505083277
272	0.028393839063047398
381	0.033011163474099235
471	0.034249702665464996
557	0.06222662547538904
585	0.030390904737278446
607	0.01826698722924538
612	0.017873975652511847
642	0.034249702665464996
687	0.021592467680553562
738	0.014032262109074338
758	0.01630174165055789
775	0.026075334738166502
807	0.02360279587772708
821	0.07934445791289649
873	0.04056233833880799
901	0.01806819628383632
998	0.0312810141196382
1020	0.029241867566075816
1023	0.028982581903704327
1119	0.02817439229957493
1123	0.015206912223235723
1139	0.04984366255797778
1171	0.018679177532443258
1183	0.030390904737278446
1229	0.04552809255886584
1240	0.012278077957806801
1290	0.053269123174729975
1301	0.008918878271935436
1322	0.04984366255797778
1347	0.053269123174729975
1354	0.053269123174729975
1378	0.023232741449303228
1420	0.014841526612493185
1457	0.053269123174729975
1463	0.03340417505083277
1475	0.018965585481708416
1511	0.01113760838267422
1694	0.026598072094213946
1706	0.023989805162641993
1720	0.07773405415303367
1793	0.03570153236747719
1860	0.027751892995245105
1861	0.03886702707651683
1888	0.024535041134860856
1908	0.034249702665464996
2023	0.053269123174729975
2057	0.018241674999833073
2119	0.04552809255886584
2122	0.09968732511595556
2134	0.04984366255797778
2144	0.04552809255886584
2198	0.026598072094213946
2199	0.017810215158319986
2304	0.041557395969894786
2349	0.014448515035759654
2396	0.024122850831662976
2402	0.04984366255797778
2444	0.04741325957231238
2491	0.04056233833880799
2506	0.012147095095627794
2508	0.030390904737278446
2521	0.030973772065167368
2552	0.04984366255797778
2615	0.011954351555902387
2709	0.023354300746222575
2722	0.032635624965392365
2729	0.01918694902916627
2730	0.02796050175161305
2872	0.022210906536276512
2879	0.09105618511773168
2891	0.008678420955604761
2909	0.02471263185368909
2996	0.0252701328582351
3000	0.01853953426419643
3041	0.04268549927000256
3167	0.007020417431388101
3178	0.03340417505083277
3202	0.026246011762857548
3203	0.021692447845997578
3335	0.026598072094213946
3343	0.021999689900468408
3344	0.04056233833880799
3409	0.053269123174729975
3476	0.03993950342493859
3488	0.031931198340584104
3522	0.022537975460629807
3529	0.039672228956448244
3546	0.05917140571469409
3621	0.02558306586972768
3662	0.053269123174729975
3735	0.02558306586972768
3741	0.027548311448415172
3784	0.04741325957231238
3843	0.03886702707651683
3848	0.053269123174729975
3900	0.010579767148038963
3931	0.03745571651874472
3981	0.011581575259212714
3995	0.0505402657164702
4023	0.023477634694000105
4079	0.034249702665464996
4100	0.023989805162641993
4119	0.025908037679665503
4130	0.021051913226762486
4135	0.02677976136297477
4148	0.017873975652511847
4191	0.02715529987168164
4233	0.04552809255886584
4236	0.029333498296417695
4250	0.053269123174729975
4260	0.014931402198204559
4280	0.026598072094213946
4287	0.03886702707651683
4292	0.030113888923921518
4306	0.04984366255797778
4417	0.020742208491796348
4457	0.0076451359951339014
4510	0.029333498296417695
4516	0.026075334738166502
4537	0.04741325957231238
4598	0.014708480943472204
4620	0.0237192082199374
4673	0.023354300746222575
4735	0.04824570166332595
4786	0.09968732511595556
4930	0.03340417505083277
4990	0.019127484903069345
5091	0.04399378187907024
5094	0.034706474736390394
5097	0.10653824634945995
5156	0.04984366255797778
5259	0.03570153236747719
5309	0.04741325957231238
5314	0.014072976527052783
5369	0.01055281903785531
5411	0.025117908462749774
5538	0.06969822434790969
5600	0.03159985291632712
5727	0.02796050175161305
5816	0.030677312686543612
5901	0.053269123174729975
5913	0.01933781420569937
5970	0.03456304273340411
5978	0.017498437143804977
6001	0.10653824634945995
6010	0.12910428700289997
6014	0.03518936189883529
6019	0.01614382629805081
6086	0.023858822300462986
6091	0.041557395969894786
6186	0.03518936189883529
6194	0.056787678126094795
6275	0.053269123174729975
6323	0.022763274822451565
6554	0.012976950572540074
6556	0.016196137458247353
6559	0.029241867566075816
6563	0.034249702665464996
6570	0.030677312686543612
6620	0.018334304122302365
6625	0.062392202599423845
6631	0.04398779895556018
6660	0.020564344545889804
6713	0.029333498296417695
6779	0.026075334738166502
6798	0.012929582317106721
6909	0.022046108838014916
6952	0.026246011762857548
6985	0.06955641533670569
6986	0.021203975079792624
7000	0.061947544130334736
7017	0.13196339686668054
7109	0.023112906455967645
7133	0.0237192082199374
7134	0.0559210035032261
7164	0.04268549927000256
7206	0.0423416643301551
7278	0.0288506111339728
7340	0.014664593959690083
7353	0.02817439229957493
7366	0.03127558659634184
7426	0.029585702857347046
7483	0.018965585481708416
7498	0.5509662289683035
7501	0.023531814978329825
7533	0.04056233833880799
7574	0.013831582236797858
7584	0.01668211185821221
7594	0.04741325957231238
7700	0.048275511164173085
7805	0.024258025321503927
7808	0.06855553571655042
7821	0.009563742451534673
7940	0.09482651914462475
7955	0.02817439229957493
7958	0.02861913842486916
8021	0.01918694902916627
8023	0.022427539569371817
8037	0.01334683789764528
8060	0.012245141364902366
8089	0.0049842912003514196
8105	0.0158870215598342
8286	0.03340417505083277
8297	0.0312810141196382
8335	0.031931198340584104
8359	0.04741325957231238
8386	0.01278818612316021
8413	0.11901668686934472
8414	0.017316747875044152
8428	0.033816365354030646
8454	0.026598072094213946
8516	0.1449870733587842
8519	0.030677312686543612
8546	0.24122850831662976
8549	0.10363215071866201
8593	0.03159985291632712
8645	0.01363555893281546
8653	0.01826698722924538
8660	0.030390904737278446
8677	0.023354300746222575
8709	0.014796944844765665
8776	0.06763273070806129
8805	0.010107383064409852
8877	0.011542838058263004
8905	0.01882116785595711
8922	0.04935406291674942
8943	0.0288506111339728
8987	0.053269123174729975
9026	0.01593776180472855
9032	0.09968732511595556
9212	0.026598072094213946
9213	0.053269123174729975
9299	0.034706474736390394
9327	0.021592467680553562
9377	0.041557395969894786
9390	0.016516994705639786
9422	0.027548311448415172
9441	0.03682963566758496
9443	0.010132945036647712
9495	0.04232804028069847
9519	0.033816365354030646
9580	0.038895912760618545
9626	0.09968732511595556
9652	0.014279544895684847
9724	0.14075744759534117
9781	0.03518936189883529
9823	0.02984566876505959
9891	0.034254606167521955
9893	0.07037872379767059
9947	0.053269123174729975
9998	0.025835954082949315
10006	0.023477634694000105
10114	0.053269123174729975
10120	0.021493656900588513
10122	0.04398779895556018
10128	0.020523856164362506
10155	0.027548311448415172
10159	0.03624676833969605
10185	0.02360279587772708
10217	0.025859164634213443
10375	0.04439083453429699
10417	0.06319970583265425
10452	0.009831190624707819
10492	0.08112467667761598
10687	0.025908037679665503
10736	0.026965444120526254
10747	0.022649874121414313
10759	0.04398779895556018
10831	0.023112906455967645
10870	0.053269123174729975
10873	0.005252960338852567
10890	0.01685052059845431
10948	0.009120837499916537
10978	0.04552809255886584
11176	0.033816365354030646
11184	0.019727202267310083
11189	0.07365927133516992
11306	0.01806819628383632
11316	0.016355042933858917
11319	0.04056233833880799
11340	0.053269123174729975
11401	0.015687054227125415
11452	0.032635624965392365
11493	0.030390904737278446
11536	0.019647875624581257
11544	0.009980720641162386
11592	0.006724568804644551
11636	0.03474472577763814
11660	0.01367440141677651
11667	0.0312810141196382
11715	0.032635624965392365
11718	0.02677976136297477
11775	0.010261928082181253
11833	0.015988808639065308
11857	0.015114073647444236
11876	0.005281744780256624
11990	0.04398779895556018
12193	0.021376854986599008
12218	0.03570153236747719
12281	0.2370662978615619
12282	0.14953098767393333
12309	0.024968378446295205
12324	0.053269123174729975
12332	0.030113888923921518
12356	0.10653824634945995
12406	0.08204856150901833
12475	0.053269123174729975
12537	0.021597007296664583
12553	0.027751892995245105
12566	0.008918878271935436
12599	0.04984366255797778
12609	0.03227607175072499
12638	0.018002958698045392
12643	0.022763274822451565
12717	0.024258025321503927
12748	0.012649117544575813
12766	0.013449137609289102
12810	0.09482651914462475
12829	0.0053832697405202905
12855	0.021395988467373818
