46
t_index	tf-idf
185	0.1281364632812641
288	0.28608776073458864
632	0.09463968489272777
645	0.1281364632812641
976	0.191739057095091
1023	0.0778270925348267
1471	0.10637720844471904
1767	0.22318862497492353
2316	0.21784455710758294
2579	0.22318862497492353
2909	0.08848129507331637
3164	0.13176817186908657
3207	0.1187154218628406
3359	0.1014673270066762
3908	0.17729013121861598
4457	0.04105905460814535
4564	0.07343989627686055
5340	0.26769094286100203
6460	0.13489852579089093
7056	0.11543407899764208
7584	0.17918628058454242
7811	0.0454654912207493
7821	0.051363144334611976
7968	0.13739670546835456
8036	0.049846385753419147
8877	0.06199209778202228
8956	0.1549454213479178
9070	0.3704875604042558
9525	0.11596475329997505
9844	0.09668689540143156
9845	0.08841457700043023
9891	0.018396817873586598
10464	0.15889331334502937
10824	0.14584056333878342
10876	0.10637720844471904
11089	0.12883992133542588
11153	0.07668988674950554
11194	0.13739670546835456
11401	0.08424907242493056
12183	0.11188360970747405
12405	0.1187154218628406
12411	0.13253074672069085
12489	0.07759735971177767
12737	0.11188360970747405
12829	0.028911449892727217
12833	0.24451369338217083
