46
t_index	tf-idf
647	0.10226654904837609
765	0.20128744196574247
1032	0.15177122909716134
1203	0.06981676663589878
1737	0.07893961684644828
2565	0.162260541496633
2577	0.1455107340814988
2621	0.11784598600823053
2631	0.1342151990075844
2696	0.17169546231522337
3193	0.09014485774035541
3242	0.10698495933549687
3365	0.08615022451289714
3824	0.11741873102366988
4552	0.17523875545642462
4640	0.08402472081282962
6539	0.22868304919790353
6554	0.04216627506276501
7170	0.1509812587999509
7281	0.11533095139076073
7574	0.08988649496503613
7651	0.1195890526759703
7878	0.17169546231522337
8023	0.1457485404104568
8167	0.0941737054286633
8341	0.22868304919790353
8504	0.11871060212038854
8761	0.1013061399204753
9319	0.1790266012889995
9390	0.10733802800204661
9496	0.199360858731244
9553	0.11024742327903975
9885	0.1777347301922808
9894	0.0817557207017816
10121	0.10291628430526363
10128	0.13337718434504922
10225	0.22868304919790353
10329	0.09501620771749242
11134	0.11699477533831622
11522	0.24780577929895922
11553	0.15020249413364709
11583	0.30812177846757016
12188	0.13927644685344187
12659	0.11137946314661243
12768	0.13085280220281148
12835	0.11699477533831622
