176
t_index	tf-idf
31	0.10268624479589834
210	0.08173139783783277
356	0.16389140288126666
631	0.03833777756120682
698	0.06261032442772427
790	0.040155576118530614
863	0.03862786346083409
872	0.028853558378230778
920	0.06203962572375931
965	0.07855813652657535
983	0.024759312069513838
1301	0.01837437440459909
1395	0.054796457603580574
1471	0.04080629680747442
1589	0.04620446612869548
1596	0.048113748476531285
1634	0.10268624479589834
1706	0.04942299339803785
1859	0.1471022033347217
1895	0.05371953160432018
1996	0.04165547746965867
2109	0.03347518129918676
2111	0.06320037249563107
2146	0.09725137965327865
2265	0.07249594521574544
2271	0.08331095493931734
2294	0.06024311651830439
2332	0.061487047532699346
2506	0.025025038621465583
2679	0.07249594521574544
2727	0.06261032442772427
2729	0.07905661999070104
2813	0.031137508497081478
2898	0.09064604913114574
2914	0.05717352079303004
2955	0.04428051232161353
3077	0.1562890569052323
3153	0.07855813652657535
3167	0.04338968682871355
3181	0.03283444326097438
3185	0.09767920993668384
3187	0.04183040106338984
3294	0.15288008110385004
3422	0.05896019079106464
3440	0.06800849374894534
3597	0.1208637821621679
3598	0.06444409797568136
3635	0.05443002825725235
3796	0.09379545197249427
3840	0.04689613665640315
3862	0.05717352079303004
3900	0.021796082059247632
4006	0.09379545197249427
4099	0.07056009072370542
4130	0.02168522339736592
4133	0.18124438132247367
4136	0.0799932550308655
4298	0.02841384140036859
4426	0.029591423334997178
4457	0.04725075963555583
4512	0.10268624479589834
4587	0.019025965244081677
4593	0.08356517138578987
4620	0.024432759318240925
4709	0.04532302456557287
4895	0.046854302160168664
4968	0.04666251232887318
4970	0.02899267506642279
4979	0.048625689826639326
4985	0.03643223174216878
4992	0.0457581660069613
5064	0.2053724895917967
5091	0.030211505493313057
5239	0.03506888550895958
5418	0.05849603658904391
5424	0.06095147447349834
5447	0.06203962572375931
5448	0.042365974122590855
5457	0.10268624479589834
5548	0.06865808145424245
5612	0.04666251232887318
5699	0.06043189108108395
5753	0.06444409797568136
5882	0.03777171950546909
5899	0.04643198245438242
6019	0.06651794086182274
6085	0.06723482188663978
6102	0.05143901731359692
6173	0.03877473986895389
6236	0.08173139783783277
6323	0.04689613665640315
6348	0.016187881437035364
6353	0.03907226422630807
6489	0.06095147447349834
6582	0.0567541089063255
6603	0.02241875744753723
6612	0.02874224267281292
6708	0.01990124888502249
6730	0.07249594521574544
6742	0.21450335175338506
6798	0.026637092596852808
6805	0.0555501264925893
6958	0.029678665377679433
6985	0.028659559614352376
7001	0.060154519986160254
7040	0.06444409797568136
7069	0.08561515580202235
7134	0.05760328956850977
7165	0.04165547746965867
7195	0.048367836946422445
7421	0.048367836946422445
7456	0.08561515580202235
7472	0.039839117380956156
7591	0.025500051564239765
7665	0.18759090394498854
7726	0.020718043970847658
7751	0.048625689826639326
7769	0.028659559614352376
7811	0.10464337369121599
7946	0.04489849739563588
8089	0.010268469852872164
8167	0.02985447243888994
8388	0.06042301098662611
8428	0.06966734370317126
8521	0.05143901731359692
8653	0.037633035496217
8666	0.05206068165009426
8724	0.027158901518465693
8811	0.05760328956850977
8844	0.051747074047111
8877	0.0237801685040999
8890	0.05634456645627504
8922	0.1016775880072308
8933	0.04165547746965867
9004	0.07355110166736085
9233	0.07150111725112836
9256	0.09767920993668384
9260	0.02833270022276245
9261	0.03252270804259549
9275	0.06095147447349834
9316	0.05443002825725235
9354	0.10268624479589834
9372	0.05407115469618414
9503	0.15335111024482728
9597	0.07249594521574544
9652	0.029418240303402877
9998	0.010645273518619849
10102	0.045979885579531164
10128	0.021141280657276
10131	0.060785613246077855
10167	0.2605644513231658
10420	0.05992737021758292
10550	0.10268624479589834
10618	0.06043189108108395
10649	0.07467437856238576
10784	0.07467437856238576
10861	0.05760328956850977
10948	0.03758088808865564
11193	0.09767920993668384
11305	0.020152404052290535
11364	0.28377054453162753
11481	0.03877473986895389
11513	0.0879392364510955
11577	0.04114101387462585
11623	0.06472519913185204
11627	0.041310817670975455
11658	0.08161259361494884
11663	0.030948324557552066
11792	0.10268624479589834
12188	0.022076357859372484
12323	0.08621342723463356
12488	0.023244900712482357
12516	0.056990725263430485
12718	0.04047789553503009
12739	0.021302685997066924
12850	0.04310671361731678
