56
t_index	tf-idf
3	0.06360225538871347
15	0.07150492091578613
34	0.11341458664311155
342	0.16255310079916985
612	0.09560327969969004
738	0.07505494610230543
886	0.24351800918375688
915	0.17455952958636406
1126	0.20788969018034198
1273	0.08470579922234106
1378	0.1242659340120664
1511	0.17871657264646315
1565	0.15187131226236328
1764	0.1359925639130524
2237	0.11496401989041337
2822	0.0984284105624538
3432	0.09664211569795629
3992	0.14226621851408336
4010	0.16567070760692804
4083	0.11496401989041337
4342	0.10222790597384122
4564	0.07314084167895818
4734	0.12175487826771876
4968	0.12114832720430818
4985	0.09458779031819071
5219	0.20034095448656525
5600	0.16901945239050029
5769	0.05941823033884545
6348	0.04202805762485752
6580	0.09492375748477845
6601	0.08158819241458284
6828	0.09526224128280271
6909	0.05895947131477585
6985	0.07440786045166596
7001	0.05205905916323117
7037	0.22227977858648865
7133	0.06343395956755679
7215	0.07293308326356406
7726	0.0537895677867396
8036	0.049643406288522055
8037	0.035694394505222646
8505	0.03689209129387059
8720	0.19387460289523484
9826	0.13134453621232767
9938	0.12175487826771876
10099	0.09167146391337958
10224	0.09198635979222376
10367	0.11937604610197824
10696	0.0980654578019036
10783	0.1568973068288084
11465	0.43441151041319154
11466	0.228313711799058
11544	0.053384297126276105
11592	0.035967981874245034
11876	0.028250688786089422
12566	0.04770477652068998
