244
t_index	tf-idf
3	0.019157978833656712
470	0.04942493591531329
536	0.08402116323373608
554	0.03178295693018469
631	0.029981503656947114
714	0.09884987183062657
742	0.035957903544300514
872	0.011282253707218179
873	0.06535093192338935
1023	0.046694515516649035
1100	0.08577749290132523
1126	0.0626195763007046
1216	0.05448233708048752
1233	0.055180496957338517
1240	0.039562997087030344
1301	0.04310824010542319
1378	0.11229243926954577
1420	0.023911530622095698
1456	0.05591641312327099
1490	0.026876940556983427
1510	0.05591641312327099
1511	0.03588812267803312
1561	0.060188919539665584
1627	0.042852775996381536
1681	0.04686533188996696
1686	0.12783371176121178
1917	0.05669440392390053
2121	0.06515212563349936
2167	0.025353610860044333
2169	0.05144510041698641
2186	0.05669440392390053
2201	0.10896467416097504
2245	0.04022713844680215
2271	0.03257606281674968
2277	0.027518661651575453
2421	0.06535093192338935
2468	0.04022713844680215
2576	0.04314549982642363
2604	0.05144510041698641
2615	0.019259935366462866
2736	0.05144510041698641
2822	0.059296306228806696
2824	0.04990256855346806
2992	0.03178295693018469
3050	0.07086977163380735
3112	0.04574597815722015
3212	0.03204222445460016
3318	0.024500211924785197
3344	0.06535093192338935
3439	0.03478812966016269
3529	0.06391685588060589
3659	0.0404680497533497
3729	0.03823169899004987
3778	0.08030429043392572
3809	0.023911530622095698
3847	0.04201058161686804
3869	0.0361335335099473
3871	0.024129313403985348
3981	0.03731869351359799
3992	0.1285583279891446
4010	0.04990256855346806
4083	0.06925786660337423
4084	0.09884987183062657
4163	0.04471172383428094
4240	0.05318505750058623
4252	0.0626195763007046
4261	0.08582313014434372
4304	0.048850438528159186
4342	0.03079261964668379
4344	0.03115560471755951
4358	0.03020836113314324
4442	0.02890068740727207
4532	0.04406345210180548
4640	0.020831152453424633
4669	0.06535093192338935
4693	0.1417395432676147
4713	0.10637011500117247
4750	0.08030429043392572
4802	0.11183282624654198
4859	0.021180174999410946
4895	0.03664172836612864
4949	0.029683886852137076
4970	0.1360398096328156
4985	0.05698259829823031
5043	0.05591641312327099
5091	0.04725294057453081
5094	0.05591641312327099
5139	0.04174104541336417
5185	0.05448233708048752
5273	0.05448233708048752
5286	0.05258001862654199
5310	0.05091126205483688
5347	0.09533243558033648
5515	0.02153838339591368
5548	0.017897686052292774
5830	0.0687716061537048
5842	0.051355401555610546
5857	0.026178780680132428
5858	0.0386505361437519
5882	0.02953882615324857
5970	0.018561775489611864
6002	0.08582313014434372
6246	0.032173734013750656
6388	0.04042726862856996
6549	0.09373066377993391
6580	0.08577749290132523
6591	0.05144510041698641
6601	0.04915124011882957
6614	0.023416525762710774
6625	0.040208614706260415
6689	0.05448233708048752
6708	0.015563483440622635
6716	0.045392422344418884
6736	0.08030429043392572
6755	0.051851870032819714
6780	0.05448233708048752
6797	0.06535093192338935
6798	0.020831152453424633
6799	0.03823169899004987
6810	0.05144510041698641
6842	0.03999041711519492
6959	0.0375152450315378
7000	0.04990256855346806
7001	0.01568099035881437
7037	0.13390818508821398
7103	0.03823169899004987
7215	0.13181140733741634
7296	0.05007411720931711
7306	0.10516003725308398
7353	0.045392422344418884
7519	0.045392422344418884
7574	0.06685315685695511
7584	0.026876940556983427
7591	0.05982583794835353
7619	0.06143525283368899
7667	0.05591641312327099
7767	0.06391685588060589
7769	0.0672383804730765
7811	0.013639139123238712
7821	0.015408369129575139
7862	0.023209770392496262
7975	0.027425113974155837
8011	0.06034578085495525
8036	0.02990671702107273
8037	0.010751701338764116
8048	0.08582313014434372
8089	0.00803030811980763
8329	0.07086977163380735
8334	0.06535093192338935
8427	0.1417395432676147
8428	0.05448233708048752
8505	0.04444986422684155
8604	0.046481894323152625
8651	0.019995851532395338
8661	0.06143525283368899
8709	0.02383970389348232
8719	0.11142192809492521
8777	0.041662304906849267
8826	0.05381824764316843
8830	0.04686533188996696
8890	0.04406345210180548
8917	0.027707708211197765
9007	0.06034578085495525
9026	0.051355401555610546
9109	0.02215717783806764
9124	0.0773010722875038
9130	0.04314549982642363
9235	0.0386505361437519
9260	0.17725742270454112
9280	0.06488125507055262
9329	0.02890068740727207
9426	0.026699014709828946
9430	0.0626195763007046
9495	0.013639139123238712
9553	0.027332204852411137
9580	0.02088870490063544
9595	0.04147674325471852
9698	0.05591641312327099
9826	0.019781498543515172
9891	0.005518839710418
9938	0.07334888885595502
9997	0.032306526613245796
9998	0.024974945906931428
10016	0.06034578085495525
10137	0.028592497633775076
10205	0.04504781828036915
10224	0.13853854105598884
10228	0.020158861067387273
10417	0.10182252410967375
10452	0.01583926113614743
10468	0.07086977163380735
10486	0.12287050566737798
10641	0.057519573743988625
10679	0.06535093192338935
10696	0.02953882615324857
10700	0.05448233708048752
10766	0.052000734033570625
10781	0.039528978569951155
10861	0.04504781828036915
10873	0.01692633450434882
10890	0.027148267816939145
10948	0.029389589207733963
10982	0.0378253663236638
11016	0.024727701345336243
11184	0.03178295693018469
11200	0.05591641312327099
11209	0.05541541642239553
11305	0.047279687104351154
11316	0.026349992163842633
11346	0.05381824764316843
11350	0.0378253663236638
11357	0.04375053870046788
11465	0.35984145207595053
11481	0.06064644740150761
11516	0.08543240338626172
11536	0.031655151920883175
11544	0.01608017244269497
11592	0.043336440270853295
11623	0.050617404500564
11624	0.10637011500117247
11627	0.032306526613245796
11636	0.018659346756798995
11658	0.06382394675886119
11660	0.02203114792388278
11876	0.017019085077796387
12157	0.055180496957338517
12193	0.034440751006428585
12262	0.14096070657943632
12372	0.04725988512378217
12397	0.07086977163380735
12432	0.1417395432676147
12476	0.037430813089848594
12551	0.10893437807130538
12555	0.0422855633629475
12566	0.014369413368474398
12567	0.07646339798009974
12586	0.08030429043392572
12609	0.052000734033570625
12690	0.0361335335099473
12699	0.02780322532940304
12766	0.010834110067713324
12827	0.05039757341285299
12828	0.05933708735358642
12838	0.0378253663236638
