342
t_index	tf-idf
75	0.02274445490606114
185	0.02750800141710112
240	0.024124183582922138
319	0.020831705887284554
554	0.02274445490606114
631	0.04291060516737001
639	0.021536136007130648
698	0.03503915826406143
742	0.02573212169894498
748	0.029313897712551457
871	0.036868556642264134
872	0.016147566838808528
880	0.023914705151857753
920	0.03471977320429535
977	0.018434278321132067
983	0.013856268307864364
1020	0.01685718859708108
1023	0.03341543409134981
1042	0.0364330136607642
1170	0.025857805657255754
1171	0.021536136007130648
1207	0.026926313878033698
1350	0.0728660273215284
1368	0.07363007596443515
1387	0.029135170282951293
1490	0.03846724292229931
1497	0.03796122114095918
1581	0.05466506246954374
1600	0.02828764713559604
1643	0.12348612063783886
1674	0.047913551341078345
1735	0.0431845247892296
1764	0.029313897712551457
1779	0.04057153386658408
1867	0.027659017955682166
1884	0.03273664371808044
1917	0.04057153386658408
2057	0.01051585898554534
2085	0.032483632827410375
2237	0.02478108672063838
2264	0.024895010494455607
2265	0.04057153386658408
2272	0.050715681636189905
2277	0.019692848603868864
2294	0.01685718859708108
2314	0.04396417050772451
2365	0.19685678691460207
2389	0.03353767335652204
2430	0.015676523372128475
2464	0.017163194023392364
2488	0.06141657359800912
2506	0.014004979160170338
2615	0.041348267160769295
2631	0.023811631474417356
2633	0.04116204021261295
2637	0.03223702796894987
2642	0.027359290564795146
2645	0.025857805657255754
2668	0.03441052908414756
2678	0.05466506246954374
2716	0.021699843585453068
2718	0.03066621628032315
2727	0.07007831652812287
2755	0.04574005022588066
2762	0.020607779436329757
2765	0.04179066939252682
2798	0.09842839345730103
2809	0.030461148250793723
2833	0.0263774153339477
2836	0.04574005022588066
2891	0.020011550690860656
2909	0.06648226701266116
2969	0.04057153386658408
2991	0.025010282509900502
3002	0.04179066939252682
3061	0.029495966034526536
3203	0.025010282509900502
3212	0.02292999140383342
3214	0.017861149984393566
3232	0.050715681636189905
3251	0.047913551341078345
3293	0.050020565019801004
3390	0.023508797602361114
3439	0.024895010494455607
3440	0.03806018252661437
3475	0.031996512745963455
3488	0.03681503798221757
3598	0.036065408841016854
3684	0.038988539097415266
3692	0.021950682467724445
3834	0.03536937197599734
3839	0.050020565019801004
3841	0.0431845247892296
3869	0.025857805657255754
3871	0.017267370114010732
3886	0.028126645591913482
3900	0.03659379067866333
3936	0.03441052908414756
3963	0.04574005022588066
3993	0.0364330136607642
4006	0.10498312270869209
4047	0.0574671927646553
4100	0.027659017955682166
4119	0.32857706095241346
4120	0.35395159241431845
4134	0.02478108672063838
4182	0.026511767417439897
4200	0.017163194023392364
4229	0.04179066939252682
4260	0.017215142795189327
4298	0.015901484217139734
4304	0.034958251325880395
4353	0.020104474851092402
4390	0.06141657359800912
4429	0.027659017955682166
4457	0.008814450652243351
4460	0.0574671927646553
4516	0.030063526853752177
4564	0.015765885206471337
4598	0.06783250397545178
4608	0.052491561354346045
4659	0.09898920706562753
4708	0.07882942603235668
4765	0.09778839360931804
4859	0.015156913695436534
4886	0.050715681636189905
4889	0.05531803591136433
4970	0.016225421916214476
4990	0.022053011468592128
5038	0.06141657359800912
5041	0.023508797602361114
5042	0.03471977320429535
5128	0.0635235872767318
5195	0.02121675094736456
5216	0.01837542393286468
5223	0.032483632827410375
5239	0.019625904205482308
5362	0.018493490489032673
5469	0.03979297496685055
5594	0.021455302583685006
5690	0.021138514610089098
5725	0.020104474851092402
5727	0.03223702796894987
5730	0.04001478967437068
5797	0.025485516840484473
5798	0.030461148250793723
5890	0.04179066939252682
5911	0.09842839345730103
5925	0.022652995345605127
5956	0.04179066939252682
5976	0.036065408841016854
5978	0.020174802749568305
6015	0.03353767335652204
6056	0.047913551341078345
6173	0.021699843585453068
6185	0.0574671927646553
6421	0.030461148250793723
6428	0.13757994842300053
6492	0.05466506246954374
6545	0.03382002273811869
6554	0.01496176006693157
6556	0.01867331784202891
6559	0.01685718859708108
6603	0.06273201724059611
6634	0.032996402355209176
6671	0.022652995345605127
6682	0.03503915826406143
6701	0.09692254716562237
6702	0.03066621628032315
6760	0.015676523372128475
6812	0.0574671927646553
6813	0.04396417050772451
6827	0.019297914576584616
6958	0.016609328616961273
6959	0.013423291621102914
7001	0.033664795149350536
7097	0.0317617936383659
7119	0.02573212169894498
7133	0.02734703352536781
7187	0.03605915118434598
7206	0.016272590878241917
7296	0.03583393777142545
7299	0.050715681636189905
7343	0.18349996921999542
7366	0.07211830236869196
7453	0.0431845247892296
7481	0.01617848027536803
7497	0.03721265937925912
7501	0.013565489352722516
7574	0.031894213300142894
7591	0.02854162953691633
7726	0.03478385529471219
7757	0.021866349719066553
7769	0.032077995259865696
7811	0.0292812388816519
7832	0.014825294547869655
7862	0.016609328616961273
7894	0.03223702796894987
8035	0.04166341177456911
8037	0.015388221228133325
8049	0.030260308730826503
8112	0.05133456252957853
8176	0.029313897712551457
8258	0.03503915826406143
8379	0.08535406414175538
8386	0.014744124314602805
8398	0.050715681636189905
8437	0.10933012493908748
8497	0.03130867139814898
8505	0.023856840980262667
8691	0.04921419672865052
8716	0.052491561354346045
8722	0.04762326294883471
8724	0.04559751401777717
8805	0.011653295546510475
8877	0.046579055991488344
8879	0.015543999264924559
8905	0.021699843585453068
8910	0.038988539097415266
8929	0.05531803591136433
8965	0.02292999140383342
9008	0.023409909731441313
9091	0.047913551341078345
9109	0.0158560744769753
9113	0.025857805657255754
9235	0.027659017955682166
9269	0.02845135471391846
9272	0.0522282920407967
9274	0.03948815484654583
9294	0.03762720583985291
9307	0.019760256288974504
9316	0.030461148250793723
9372	0.030260308730826503
9378	0.047913551341078345
9390	0.019043249832166872
9406	0.04396417050772451
9421	0.02283678139470282
9433	0.02750800141710112
9443	0.011682767192666676
9497	0.05329599722378134
9502	0.02721281605083525
9541	0.024124183582922138
9552	0.04179066939252682
9580	0.014948332456987673
9606	0.032483632827410375
9735	0.02828764713559604
9775	0.052491561354346045
9820	0.016658398602975924
9891	0.03159504666683065
9922	0.04676630080283608
9941	0.08848789810357961
9998	0.005957506641156702
10026	0.02536451687919763
10042	0.04921419672865052
10064	0.06141657359800912
10090	0.04001478967437068
10116	0.017861149984393566
10128	0.011831478044972652
10135	0.04049128425632427
10184	0.030461148250793723
10185	0.02721281605083525
10190	0.024668480014178113
10191	0.0263774153339477
10224	0.01982813371783484
10268	0.035711174471719724
10273	0.03223702796894987
10375	0.017060120345951967
10450	0.04676630080283608
10476	0.025126935061330076
10541	0.02098390229039657
10558	0.016131763775151076
10559	0.0364330136607642
10671	0.023811631474417356
10672	0.050715681636189905
10698	0.04481169365507977
10722	0.020534266848721824
10739	0.028959663343254338
10764	0.05466506246954374
10773	0.017319878983080704
10854	0.038988539097415266
10873	0.012112789024152996
10876	0.04567356278940564
10948	0.01051585898554534
10967	0.042462685600185124
11016	0.01769558727386412
11056	0.038988539097415266
11057	0.0263774153339477
11086	0.03223702796894987
11123	0.03851330476683129
11132	0.07143489442325207
11147	0.03411080169326054
11175	0.027130978705445032
11244	0.050715681636189905
11289	0.052491561354346045
11305	0.0225561289274152
11316	0.01885652772528552
11401	0.018086370922907383
11537	0.01891837156239815
11541	0.02274445490606114
11592	0.007753083780835517
11623	0.012074241305424947
11638	0.0431845247892296
11656	0.03353767335652204
11660	0.015765885206471337
11699	0.023312015725286784
11736	0.03087569471138753
11775	0.011831478044972652
11857	0.01742575363009426
11876	0.01217916300061854
12052	0.3093931015110483
12055	0.020771624077504828
12123	0.04574005022588066
12188	0.012354783400324972
12329	0.019965324318503924
12339	0.027968262075829958
12383	0.04676630080283608
12420	0.023409909731441313
12434	0.017372672454456742
12470	0.03411080169326054
12488	0.013008745160509113
12489	0.03331679720595185
12498	0.04179066939252682
12546	0.04574005022588066
12549	0.06141657359800912
12554	0.04116204021261295
12566	0.010283010328577345
12576	0.030063526853752177
12590	0.021060901676546673
12591	0.08550053785379236
12612	0.01646358467653433
12644	0.047913551341078345
12666	0.019106294528790365
12698	0.023024102006707313
12699	0.03979297496685055
12739	0.011921806713563519
12748	0.01458378535869803
12766	0.06977775402751965
12829	0.018619903755433414
12839	0.01837542393286468
12867	0.10394053035846018
12868	0.2490778834636288
12869	0.04116204021261295
