200
t_index	tf-idf
44	0.023937988194887877
91	0.02282604718171103
316	0.037639287636123266
320	0.05772460041812887
557	0.033253858908993114
607	0.05857118023415431
633	0.16484353928739204
645	0.0382504066926204
647	0.02522888591771643
657	0.08646187068816413
1006	0.0331105329718733
1105	0.05630391197188323
1144	0.07299052880250881
1169	0.051192020600546
1203	0.06889444327558995
1213	0.060048914894583194
1240	0.01968418513602387
1265	0.07866903821236701
1565	0.045520934690280124
1645	0.08005848888924547
1737	0.07789677490203387
1996	0.03241580763343407
2057	0.014622504805794233
2069	0.020728675362381495
2111	0.04918179412712277
2117	0.09836358825424554
2237	0.03445857919580564
2261	0.040268970608391956
2349	0.04632764930828316
2373	0.04416538684629052
2449	0.08833077369258104
2468	0.04002924444462273
2529	0.046253230578932936
2565	0.16011697777849093
2577	0.1615370015755528
2621	0.20350604133705882
2631	0.1655526648593665
2664	0.03175498512788369
2689	0.03162660336413802
2696	0.1270704430231031
2762	0.02865551489979898
2809	0.04235681434103437
2891	0.04173967098894062
2986	0.05690367852430052
3012	0.18014674468374958
3167	0.022510232778534534
3214	0.07450882096540276
3218	0.0420775431136481
3242	0.1055716207930316
3318	0.04875937041255043
3365	0.10626515738755403
3378	0.06350997025576738
3439	0.034616992401272396
3504	0.06843329005905985
3648	0.046253230578932936
3651	0.031124909910605514
3869	0.03595577765071253
3900	0.01696145731878233
3963	0.06360242231895284
4011	0.08445586795782486
4130	0.016875188398670322
4136	0.031124909910605514
4219	0.02149275764128002
4276	0.03040558116001084
4334	0.09744525117947893
4426	0.046055402299756194
4430	0.10992663683081805
4552	0.043230935344082067
4553	0.08586649838497937
4564	0.02192276755670778
4572	0.06274686769943914
4587	0.029611569323231553
4617	0.03296870785747841
4708	0.04384553511341556
4853	0.18693457378837283
4856	0.07156202336362773
4878	0.030174051168756287
5135	0.0993315989156199
5271	0.05811073207329543
5362	0.02571555532681637
5381	0.046253230578932936
5414	0.02243152876548878
5424	0.04743172786691091
5474	0.028151955985941616
5656	0.06565670491966068
5740	0.039334519106183505
5769	0.017809639900878773
5806	0.046253230578932936
5874	0.1931140580084781
5896	0.036678304931176166
5913	0.06200467471522928
5916	0.048722625589739464
5970	0.03694092481285831
6174	0.047848504586691765
6348	0.012597220882607642
6362	0.0556413370624889
6539	0.1692465018097056
6554	0.020804616035891205
6582	0.04416538684629052
6614	0.02330133014653617
6620	0.11757404959433279
6625	0.020005405915027235
6708	0.030973840402711835
6739	0.05490904117383609
6755	0.02579839457384455
6959	0.01866534597972035
7133	0.0380265777335516
7235	0.05904518357550388
7258	0.07299052880250881
7296	0.02491389091435344
7327	0.036652236297188126
7501	0.018863074669011333
7738	0.031248601863131473
7743	0.10537990460749584
7811	0.08143225519762136
7832	0.041229716197510806
7906	0.042933249192489684
8021	0.03076047066840957
8023	0.03595577765071253
8036	0.05951918691685345
8037	0.08559047403366657
8089	0.023972411096442665
8105	0.050940069727271865
8131	0.08565988268527307
8167	0.046464805800467295
8258	0.048722625589739464
8298	0.04663478185709705
8392	0.04416538684629052
8504	0.08785677035123148
8537	0.11291786290836979
8651	0.05969245090056358
8761	0.049983911075534126
8777	0.020728675362381495
8853	0.07990924027525823
8877	0.009252725146183114
8882	0.036312223871332636
8892	0.0791243153046245
8933	0.03241580763343407
8936	0.047848504586691765
8967	0.04264196539254908
8992	0.05232135567604564
8997	0.03354514270893372
9026	0.02555138150256263
9048	0.0420775431136481
9068	0.0240106112893502
9109	0.04409635495479762
9167	0.06843329005905985
9178	0.13418057083573487
9215	0.04416538684629052
9261	0.025308792784694795
9280	0.03228103861436269
9376	0.11844788625885976
9390	0.13240003150078367
9495	0.05428817013174757
9553	0.02719774638443474
9570	0.0331105329718733
9595	0.3714543173472414
9597	0.05641550060323519
9825	0.0666247175538037
9891	0.027458451228286985
9894	0.0201689190639477
9998	0.008284027924928222
10121	0.05077834775835718
10128	0.0658075939626304
10171	0.02917852098505753
10181	0.04002924444462273
10203	0.04516911816536983
10273	0.044826209351840896
10313	0.06843329005905985
10357	0.03268943663009214
10360	0.07299052880250881
10403	0.026220365608038892
10424	0.04416538684629052
10452	0.015761341231853406
10489	0.062311524596124275
10729	0.040268970608391956
10831	0.03705455619962006
10976	0.07404708276929668
11026	0.07052113379170226
11128	0.05641550060323519
11134	0.028862300209064436
11144	0.07990924027525823
11669	0.04416538684629052
11876	0.008467680564749435
11889	0.03855117119107829
12298	0.051192020600546
12445	0.046253230578932936
12451	0.03543810286828493
12504	0.031124909910605514
12508	0.05641550060323519
12566	0.014298724255844166
12567	0.038043621383354945
12612	0.0915717285232269
12638	0.028862300209064436
12659	0.054954035223642006
12766	0.04312325032156695
12768	0.03228103861436269
12790	0.04153570387402183
12834	0.08200795729340092
12835	0.028862300209064436
