147
t_index	tf-idf
34	0.03702270083075473
67	0.040564980524597026
191	0.039547278767108264
536	0.1365846705780555
537	0.08278480416766301
607	0.031894642430139244
665	0.048455538548016715
738	0.024500700462437793
848	0.05635487421214004
858	0.03098661273746763
863	0.032737776176662424
871	0.027916882407979644
880	0.03621644416535632
897	0.09300929676596938
915	0.05698266362659055
957	0.04644093676366269
1216	0.05904426754768757
1488	0.028649993509781268
2291	0.07256031156935665
2396	0.04211913502844561
2514	0.04708237802986709
2609	0.0503739294532298
2632	0.08702835200705913
2713	0.09300929676596938
2809	0.04613038161383367
2924	0.07453000974287884
2929	0.05904426754768757
3112	0.04957639334662347
3133	0.034725193060744154
3144	0.06233581897105028
3167	0.012257834358473467
3193	0.024219723876293953
3349	0.04919323349844665
3369	0.07371577086312145
3390	0.035601737523175546
3826	0.06233581897105028
3938	0.06786285638517169
4005	0.05904426754768757
4059	0.036857885431560725
4083	0.18764246472533536
4084	0.05356339863688089
4128	0.041886833774437554
4136	0.03389782716688989
4430	0.02394399949770682
4492	0.09300929676596938
4570	0.08702835200705913
4693	0.15360771881750554
4737	0.03787558718904949
4752	0.06539867085566325
4921	0.03311441344026816
4970	0.024571788912157336
5028	0.07256031156935665
5091	0.02560476858376918
5109	0.19206019967704657
5239	0.059442962757771355
5252	0.03718937859025259
5310	0.11034835651471377
5534	0.10515929171633685
5819	0.08702835200705913
5864	0.2886004787241351
5891	0.05461747729262592
5970	0.040231990655968594
5994	0.08278480416766301
6353	0.06622882688053632
6559	0.025528536761559965
6614	0.02537724492486918
6769	0.045236118440842736
6870	0.1307973417113265
6953	0.2361770701907503
7133	0.04141436436161426
7185	0.07453000974287884
7209	0.3072154376350111
7306	0.1139653272531811
7551	0.041658134235687816
7591	0.021611730647486498
7667	0.06059842205153616
7821	0.03339709410835808
7832	0.02245143516587214
8036	0.03241087471443322
8037	0.06991179502828389
8089	0.017405408303826274
8207	0.05763836378686532
8214	0.08278480416766301
8252	0.06059842205153616
8603	0.24835441250298904
8651	0.02167014983183288
8917	0.300277378765592
9036	0.0317780345124767
9051	0.05698266362659055
9280	0.035156955340921565
9426	0.028934584165468406
9443	0.03538477961934656
9580	0.02263776385098448
9604	0.07680385940875277
9648	0.05832457238566223
9701	0.043856531947959736
9783	0.03337095598940686
9786	0.05832457238566223
9998	0.04511025857607749
10128	0.03583519523142476
10217	0.022575392405976183
10224	0.09008321362967761
10351	0.0887859693886391
10368	0.05980088594492984
10448	0.04644093676366269
10545	0.07680385940875277
10587	0.08702835200705913
10665	0.03298779614123004
10682	0.04439298469431955
10743	0.06926876014599395
10773	0.02622923536620493
10781	0.042838830190470974
10831	0.04035574545944423
10835	0.045528223526018506
10873	0.009171807567652573
10966	0.11034835651471377
10982	0.040992570601446614
10984	0.035303730927712135
11171	0.1307973417113265
11172	0.07453000974287884
11200	0.06059842205153616
11305	0.017079507748454344
11465	0.07090396334147694
11514	0.027651094590743126
11516	0.023146463391100502
11544	0.01742660199243676
11623	0.01828523844639549
11658	0.06916807153137358
11660	0.023875866236771515
11682	0.03935190074831711
11814	0.08242221067154801
11857	0.026389571996648205
11930	0.09300929676596938
11982	0.043856531947959736
12128	0.17405670401411827
12153	0.08702835200705913
12193	0.01866227685830271
12330	0.048455538548016715
12432	0.15360771881750554
12560	0.07256031156935665
12566	0.03114519431052017
12581	0.021846808527341284
12584	0.05674157950553696
12609	0.05635487421214004
12742	0.030131252861137867
12788	0.04708237802986709
12790	0.045236118440842736
