219
t_index	tf-idf
15	0.01568013803428484
16	0.016896922893825217
34	0.024870405433491494
56	0.021584123782644522
67	0.027249970677729406
191	0.053132636715269146
231	0.027833022861081805
272	0.03330348609890006
278	0.03952836932432926
309	0.03598180064130661
312	0.08034380233529112
356	0.06998108815385691
525	0.04319793659319729
534	0.0327952193902157
554	0.023138280280477142
604	0.019965731170072124
631	0.021826805994434
734	0.17572909836342182
864	0.0655904387804314
915	0.038278729408534225
998	0.07337977908374176
1075	0.017513226881395925
1108	0.05561160037442908
1116	0.017251759776097362
1164	0.07196360128261323
1216	0.0396636344589612
1240	0.014401109961956099
1273	0.018574926132356562
1511	0.013063439048300861
1681	0.034118385746474904
1979	0.04757606986522061
2057	0.010697943459294791
2109	0.038116778505449415
2177	0.26700232298226095
2294	0.01714907462548959
2351	0.03098858991358835
2396	0.028293991015243315
2437	0.09002008604766792
2514	0.031628103949752726
2609	0.03383923972772961
2736	0.03745249868098431
2801	0.015419359079850018
2813	0.017727484490481865
2986	0.02081559703908024
2992	0.046276560560954284
3112	0.06660697219780012
3182	0.029821474473125373
3202	0.030784272811965496
3318	0.07134550403123541
3343	0.02580370921852114
3362	0.04558761825317703
3369	0.024759688881007224
3462	0.04757606986522061
3505	0.043932274590855455
3613	0.051593835119824835
3624	0.031628103949752726
3648	0.03383923972772961
3719	0.03745249868098431
3826	0.04187477023693809
3889	0.053132636715269146
4059	0.024759688881007224
4083	0.07563053050492831
4128	0.028137940099447093
4141	0.039180171338593056
4148	0.020964607792336307
4264	0.022681562192157518
4564	0.016038875070158227
4640	0.015165267507722964
4708	0.016038875070158227
4734	0.08009798234028526
4802	0.040707654796475104
4810	0.037857004982333846
4825	0.040707654796475104
4878	0.022075581278886747
4932	0.05340046459645219
4949	0.010805069133552246
4970	0.016506368761834766
5109	0.10321483687408456
5201	0.04187477023693809
5216	0.03738719709812927
5273	0.0396636344589612
5310	0.07412771904421991
5314	0.016506368761834766
5381	0.03383923972772961
5534	0.03532095392013552
5544	0.013233994521493124
5553	0.043932274590855455
5559	0.044725420051079344
5561	0.028943996347632246
5600	0.03706385952210996
5652	0.03231175626984756
5747	0.05340046459645219
5793	0.051593835119824835
5797	0.051853608642940405
5857	0.019058389252724708
5858	0.028137940099447093
5864	0.3877410752381707
5882	0.02150453276551642
5970	0.013513140540238413
5978	0.020524134016439002
5998	0.11235749604295292
5999	0.043932274590855455
6173	0.022075581278886747
6187	0.03185078811568604
6205	0.03668988954187088
6246	0.0468455390676803
6336	0.05846225018857033
6342	0.035006355168192595
6549	0.034118385746474904
6559	0.01714907462548959
6606	0.04187477023693809
6614	0.017047442674474507
6625	0.05854447078708371
6665	0.02215991394415599
6696	0.041483847252805975
6708	0.011330356794074374
6769	0.030387858816789227
6870	0.13179682377256638
6953	0.11899090337688359
7177	0.054785098170368994
7185	0.05006635166194279
7209	0.4127506809585987
7268	0.031410314339788734
7281	0.02081559703908024
7393	0.06248001544317457
7632	0.09002008604766792
7639	0.03871920318443154
7803	0.02568212452306809
7808	0.020102409590238617
7813	0.03871920318443154
8010	0.02845253885139002
8036	0.010886180323349733
8037	0.007827335877362616
8054	0.04127403914013896
8089	0.017538410956178523
8167	0.03399402988081374
8252	0.12212296438942533
8386	0.014999422157642654
8403	0.09117523650635406
8431	0.029461106455706296
8505	0.016179951713886014
8603	0.05561160037442908
8634	0.04757606986522061
8651	0.014557160877752323
8719	0.0486697032119705
8832	0.04558761825317703
8888	0.051593835119824835
8917	0.08068584932844969
8929	0.056275880198894186
9011	0.048743185305683584
9210	0.0396636344589612
9306	0.021039961983299067
9426	0.019437124334454253
9443	0.011885056945613924
9495	0.02978825014719152
9580	0.01520716621014125
9648	0.039180171338593056
9657	0.043932274590855455
9678	0.037857004982333846
9701	0.11784442582282519
9724	0.04127403914013896
9755	0.05788799269526449
9783	0.02241730577555033
9891	0.05624871356445932
9938	0.05339865489352351
9986	0.03460700833418561
9998	0.006060662214382338
10023	0.02422393525217768
10099	0.020102409590238617
10128	0.012036342759919692
10169	0.027109414727339902
10179	0.02412017484484286
10209	0.05222343207568075
10217	0.015165267507722964
10224	0.040342924664224844
10226	0.035006355168192595
10236	0.08374954047387619
10367	0.026177679198760222
10368	0.04017190116764556
10477	0.03691531631185116
10773	0.01761977660003937
10781	0.028777454135611464
10873	0.018483787053374317
10890	0.03952836932432926
10967	0.08639587318639458
10982	0.02753720900264797
11109	0.03668988954187088
11172	0.4005308132955423
11200	0.040707654796475104
11305	0.01147334669748511
11368	0.04251428427310246
11465	0.07144577281943269
11544	0.011706511063611067
11592	0.023661990533506354
11605	0.028777454135611464
11636	0.013584173305769208
11660	0.016038875070158227
11701	0.11615760955329461
11786	0.04319793659319729
11814	0.02768401210782574
11867	0.027984308675387575
11876	0.012390047959110728
11877	0.04251428427310246
12055	0.010565644720241997
12188	0.012568709265708758
12270	0.03098858991358835
12476	0.027249970677729406
12488	0.013233994521493124
12517	0.029461106455706296
12551	0.02643507103015457
12566	0.010461062975233493
12584	0.019058389252724708
12588	0.03745249868098431
12739	0.024256470979622895
12742	0.020240999658594407
12766	0.007887330177835451
12788	0.031628103949752726
12795	0.05690507770278004
12829	0.031570519324977335
