185
t_index	tf-idf
44	0.030080919933423864
190	0.031112742575059853
557	0.04178741585027677
607	0.18400407844277356
632	0.03550095819900669
633	0.12428726925110282
644	0.04563061398415215
647	0.03170308595366351
657	0.10864959027844048
661	0.056760351619106295
977	0.03221117923944159
982	0.04833004956511359
984	0.05186404270938137
1005	0.04971454104847641
1020	0.029455447830100037
1041	0.06899971951377154
1105	0.03537627001433773
1157	0.02919426836596976
1167	0.10575084214195953
1171	0.03763121750502443
1203	0.06493052638212338
1511	0.02243791316861986
1565	0.11440490157860127
1737	0.02447163301509638
1740	0.050005485929575565
1890	0.07992398349318312
2057	0.018374910736364086
2117	0.12360550930809293
2259	0.07830181747294347
2261	0.050602735318046675
2349	0.058216183340077575
2449	0.11099808845554318
2464	0.029990147125805864
2529	0.05812266738456343
2565	0.35211043682188264
2577	0.11277244007677026
2621	0.10959834252192806
2631	0.08321461963897311
2696	0.0532263584748385
2697	0.060127318289584494
2702	0.035129601043346635
2737	0.0470497573853243
2891	0.05245084469270115
2964	0.05219453583320251
2986	0.07150621780205921
3000	0.03734989108198563
3167	0.02828677599725929
3212	0.040066773984910466
3242	0.09949744251049344
3349	0.056760351619106295
3365	0.026706953525612854
3369	0.08505505282949868
3378	0.039903903257957514
3503	0.07419727276698848
3504	0.0859945414914594
3522	0.04540518206482975
3648	0.05812266738456343
3651	0.039112139054187575
3761	0.056760351619106295
3853	0.0708927643724194
3869	0.04518269705246385
4098	0.05186404270938137
4143	0.050005485929575565
4162	0.052531573798898126
4200	0.029990147125805864
4219	0.027008197869104862
4299	0.06991993610903433
4426	0.02893703634995632
4617	0.04142908975036761
4856	0.04496308289463538
4859	0.026484468513246963
4949	0.018558911026657576
5135	0.04160730981948656
5162	0.05960358893372659
5248	0.04073430507442723
5362	0.06462928751837978
5381	0.05812266738456343
5392	0.0719245870140554
5414	0.028187875074776002
5764	0.0532263584748385
5768	0.09172125221765404
5769	0.022379923807291972
5874	0.18200303017356834
5970	0.06963097687128506
6019	0.03252347903060056
6046	0.0590954956479485
6073	0.055098558430593164
6174	0.060127318289584494
6348	0.015829901396404736
6362	0.06991993610903433
6539	0.0708927643724194
6554	0.013071733182551198
6601	0.06146051538055687
6609	0.049428486229495326
6620	0.07387286565816809
6663	0.07302302367843713
6739	0.20699915854131462
6798	0.02604803790633059
6844	0.06301897629428835
7119	0.04496308289463538
7133	0.023892451421405718
7173	0.07830181747294347
7327	0.0230289399522743
7437	0.08861816464825122
7734	0.23046268777134093
7738	0.039267572655793954
7743	0.18539127959272875
7811	0.051164641085438146
7908	0.07992398349318312
8021	0.0386541779433439
8036	0.09349114269608445
8037	0.08066593281073065
8089	0.05020696064990765
8105	0.03200611819159332
8167	0.05838853673193952
8212	0.031112742575059853
8351	0.06432884252336904
8504	0.03680081568855471
8521	0.05030149097455466
8537	0.04729822692347759
8651	0.0500070939281676
8777	0.02604803790633059
8778	0.12536224755083028
8830	0.0586021317971744
8865	0.03640032989137629
8880	0.03734989108198563
8885	0.05812266738456343
8997	0.04215344847559938
9028	0.062400004042517575
9048	0.10575084214195953
9109	0.05541229747261637
9130	0.05395071720007029
9215	0.11099808845554318
9261	0.031803498404707344
9280	0.04056495182555822
9319	0.05549904422777159
9376	0.037210952668914804
9416	0.048870408000051886
9426	0.03338542832799294
9495	0.0852744018090636
9539	0.031112742575059853
9570	0.08321461963897311
9595	0.2593202135469069
9704	0.04215344847559938
9825	0.08372185573852631
9891	0.04830671870322189
9894	0.025344637760155716
9986	0.08916209336114597
9991	0.09312688511120279
9998	0.010409863130821902
10121	0.06380901355765957
10128	0.06202128230925961
10131	0.05944139557409732
10155	0.05549904422777159
10171	0.07333254126298601
10217	0.02604803790633059
10225	0.0708927643724194
10313	0.0859945414914594
10329	0.08836634349030009
10366	0.0532263584748385
10464	0.05960358893372659
10727	0.03880546659357577
10831	0.046563442555601395
11134	0.03626890173956729
11153	0.028767683101087314
11305	0.05912025677154138
11306	0.03640032989137629
11454	0.028351528846107418
11592	0.013547369035684811
11636	0.023332332318875732
11857	0.03044893126723965
12196	0.026632468237869095
12298	0.06432884252336904
12488	0.06819258363345215
12516	0.027865214016384508
12566	0.017968042092276114
12612	0.028767683101087314
12638	0.03626890173956729
12659	0.03452812993562162
12667	0.06432884252336904
12739	0.02083159677959066
12766	0.027094738071369622
12834	0.025763180025433957
12839	0.032108339886770254
12850	0.04215344847559938
