50
t_index	tf-idf
3	0.07447470375706192
191	0.14185795337071552
415	0.21450859716190876
901	0.11316254263426968
1075	0.09351655313570635
1100	0.11115044073485114
1122	0.12159310414067347
1240	0.0768985735233662
2109	0.10176736036730573
2294	0.09157206489150235
2396	0.1510833230287769
2891	0.05435363696293902
2991	0.13586151686930667
3112	0.3556657203682391
3133	0.1245609046076051
3193	0.08687729136884274
3207	0.1384430973450949
3671	0.16658582960179064
4083	0.13461647345258862
4128	0.1502500474789446
4564	0.17128771560982092
4728	0.33362873236789065
4734	0.14256819093202452
5842	0.09981946296077596
5864	0.17253725384709587
6601	0.09553523570845703
7215	0.08540058425517624
7472	0.12111426011370559
7483	0.11878296216970392
7632	0.16022876532442118
8036	0.058129667796108155
8037	0.04179615078612273
8719	0.08662829371470115
8917	0.10771091140318365
9260	0.08613378634094976
9306	0.11234849728775961
9495	0.05302077293874296
9553	0.10625118010019846
9606	0.17645844774486455
9701	0.15731544768762562
9998	0.032362524841777075
10224	0.10771091140318365
10349	0.20675152823010154
10375	0.09267443609469149
10948	0.0571245267779105
11465	0.12716792961567444
11605	0.1536649035045652
11867	0.14942969145154464
12488	0.141332897729035
12763	0.19591546595735537
