48
t_index	tf-idf
55	0.21002014125470367
557	0.12379541208804266
647	0.09392053828258963
661	0.336305606650856
1193	0.21307692058704555
1737	0.14499465123307653
2577	0.06681777471714805
2621	0.10822853164918923
2697	0.1781274576077601
3359	0.11275921508291833
3378	0.11821549735068197
4148	0.10667698101817298
4505	0.13654372823533834
5970	0.06876069665533537
6348	0.046896155859516425
6539	0.21002014125470367
6844	0.18669400777665812
7678	0.2235463915679377
7743	0.0784603600585769
7826	0.14727955703016485
7878	0.1576833323445358
8023	0.13385394830108657
8036	0.0553935882425097
8089	0.02974767047387207
8167	0.08648815461390148
8258	0.1813815812895635
8761	0.0930385084976471
8778	0.12379541208804266
8830	0.17360908559319166
8931	0.17657590697674386
9048	0.1566436786678533
9215	0.16441617436422515
9319	0.16441617436422515
9416	0.14477880898292328
9704	0.12487978542789784
9894	0.07508360619815313
9998	0.06167853502487803
10128	0.122492223164561
10225	0.21002014125470367
10329	0.08726189998037233
11306	0.10783614510141525
11454	0.08399153490144928
11522	0.22758225830310672
12188	0.12791004468503145
12196	0.07889880992501899
12516	0.08255082497658144
12768	0.12017385677950024
12834	0.07632353958843574
