44
t_index	tf-idf
55	0.22506050354680324
647	0.10064655472082265
661	0.18019488208671905
1561	0.11946636353843507
1737	0.1553782843071889
2577	0.07160285643975778
2696	0.16897565141316823
2697	0.19088386030602425
2891	0.05550455265073116
3365	0.08478552729443198
3869	0.14343975214184665
4219	0.08574187600275399
5970	0.07368491860364454
6348	0.05025457267620875
6844	0.20006389457870363
7437	0.2813326428400394
7678	0.23955542145519879
7743	0.16815842554673383
7826	0.15782682112931232
7878	0.16897565141316823
8023	0.14343975214184665
8036	0.11872107873695949
8089	0.03187801729965781
8258	0.19437102448968252
8761	0.09970135933929158
8778	0.132660884879273
8830	0.18604191003051573
8931	0.18922119707663718
9048	0.16786154407760231
9215	0.17619065853676916
9416	0.1551469847507942
9495	0.05414346578440614
9496	0.19620280301032564
9704	0.13382291442768932
9894	0.08046063638521508
10128	0.06563218475448501
10225	0.22506050354680324
11153	0.09132764537990629
11454	0.09000649664197727
11522	0.24388031236441568
12188	0.06853509119059921
12516	0.08846261185445872
12768	0.12877997585553003
12835	0.11514147262921819
