279
t_index	tf-idf
16	0.018259192158782925
44	0.018925184008777702
91	0.018046092244258717
316	0.029757322907572797
355	0.02086602196210983
402	0.03851972217421003
557	0.05258047532908595
607	0.06945886729399686
633	0.05212959900010816
647	0.03989151506317554
649	0.057705734385000096
657	0.1367121413207225
661	0.03571034732887048
817	0.030575118448045946
872	0.008875780972432164
902	0.024183033025910548
1006	0.026176925313014528
1049	0.030746448779891154
1081	0.03394268701477984
1105	0.02225671359277949
1123	0.019274386170153052
1169	0.1214160189769042
1193	0.09050162342168828
1203	0.10893480317207956
1208	0.03024046879691486
1329	0.03656743802278534
1362	0.06009513707760479
1428	0.06883734562409809
1511	0.014116643920097484
1565	0.03598849068899956
1645	0.03164680384497015
1706	0.03040648634408348
1710	0.07156609812109502
1737	0.015396143430154205
1740	0.03146057450237843
1756	0.03964791386213626
1864	0.08572281803647887
1890	0.05028357170161977
2117	0.23329642311455256
2157	0.03819672329603836
2237	0.0272426799884933
2244	0.0362740520731842
2277	0.0216490091263934
2298	0.04047200632563473
2349	0.05493940932182972
2449	0.0698336105841507
2464	0.01886807498116265
2506	0.015396143430154205
2529	0.03656743802278534
2565	0.0632936076899403
2577	0.1986598054855655
2621	0.3217805312498442
2664	0.025105239916090327
2696	0.16743481091717202
2697	0.11348594708239144
2762	0.02265482328463931
2778	0.02500374230975526
2891	0.04399873804489756
2909	0.010440883782245294
2986	0.13496279362507596
3000	0.023498402409195467
3012	0.04747419685628022
3167	0.008898205938316127
3187	0.02573529912399023
3212	0.05041541761227847
3214	0.039270722768269394
3230	0.05141176338954599
3242	0.06259806588632949
3272	0.04525081171084414
3365	0.0168024784782095
3381	0.038168611463271475
3432	0.0229009931444639
3438	0.0248035884953756
3520	0.057705734385000096
3651	0.04921421487212802
3869	0.028426353237309656
3939	0.023765003332833413
3986	0.04747419685628022
4011	0.02225671359277949
4029	0.03417803533018063
4098	0.03262987148951956
4130	0.040024171166041775
4144	0.05657636929098031
4200	0.0377361499623253
4219	0.016992004085963772
4276	0.048076823637996195
4277	0.044601648274333446
4365	0.02991596162089299
4430	0.05214427743598582
4442	0.022736252705925327
4457	0.029070063928243146
4505	0.08699273276032526
4535	0.04747419685628022
4552	0.03417803533018063
4553	0.03394268701477984
4564	0.034663933043542886
4636	0.03146057450237843
4640	0.03277585336724861
4708	0.017331966521771443
4853	0.0492629981788097
4856	0.028288184645490155
4859	0.03332500741979986
4956	0.06751729976098512
4985	0.022414185802770898
5042	0.038168611463271475
5123	0.19332515020078025
5135	0.07853077593904358
5195	0.023324286096510827
5239	0.02157541490339476
5248	0.025627680958874077
5271	0.04594188485759036
5304	0.033049843642254405
5362	0.020330514514658986
5433	0.06009513707760479
5469	0.02187287617837181
5529	0.05028357170161977
5535	0.04525081171084414
5556	0.023238278266269376
5769	0.014080160350575317
5797	0.02801708365147878
5842	0.02020071998856383
5855	0.05258047532908595
5874	0.038168611463271475
5879	0.06751729976098512
5892	0.044601648274333446
5896	0.08699273276032526
5970	0.13142341254023165
5993	0.06317561291695571
6019	0.020461901651346197
6046	0.03717948559095312
6174	0.07565729805492762
6216	0.05028357170161977
6348	0.009959263128614946
6353	0.024038411818998098
6362	0.04398960070616566
6391	0.02079760053253016
6539	0.08920329654866689
6554	0.016447964779065783
6589	0.06317561291695571
6620	0.04647655653253875
6625	0.015816115582889048
6671	0.02490319774665842
6739	0.17364261348951954
6749	0.04747419685628022
6828	0.022574008430879845
6909	0.05588579838632201
7001	0.0123362795650138
7133	0.015031755696688857
7170	0.08834078028035917
7173	0.0492629981788097
7206	0.01788900506572295
7296	0.019696724974968695
7437	0.055753450233575384
7454	0.03851972217421003
7501	0.014912997540812142
7515	0.03656743802278534
7531	0.0220247640767394
7714	0.05028357170161977
7734	0.09666257510039013
7738	0.0741146919442994
7743	0.11663752596929951
7757	0.048076823637996195
7784	0.03571034732887048
7811	0.02145989882020586
7862	0.018259192158782925
7906	0.03394268701477984
8021	0.02431898465555188
8023	0.028426353237309656
8036	0.08234694669186811
8037	0.11841751488352943
8089	0.025269864643074104
8105	0.020136407979649395
8131	0.06772202529263953
8167	0.05510206157761561
8183	0.06742480069584661
8197	0.05141176338954599
8255	0.06751729976098512
8258	0.03851972217421003
8277	0.044601648274333446
8298	0.03686908944350006
8386	0.0162087104952813
8519	0.11664821155727628
8537	0.029757322907572797
8645	0.01728273463138614
8651	0.015730793081285294
8761	0.01975844224839413
8775	0.04863796931110376
8805	0.012810858739319274
8830	0.07373817888700011
8865	0.0229009931444639
8997	0.053041048662799024
9008	0.02573529912399023
9036	0.02306830775629355
9048	0.06653234512273075
9098	0.12635122583391142
9109	0.03486222922501655
9178	0.026520524331399512
9212	0.033712400347923305
9280	0.02552113363903068
9319	0.1396672211683014
9364	0.031097559490829707
9370	0.0362740520731842
9376	0.07023297106202972
9390	0.06280465021171837
9486	0.05028357170161977
9495	0.01072994941010293
9510	0.05657636929098031
9539	0.05872304233586516
9553	0.02150232303395564
9570	0.026176925313014528
9593	0.04047200632563473
9595	0.16314935744759781
9597	0.08920329654866689
9704	0.026520524331399512
9781	0.044601648274333446
9891	0.06078361581641164
9894	0.031890775568589304
9960	0.0362740520731842
9986	0.018698552960948186
10121	0.020072479925314697
10128	0.10405392590039603
10171	0.13840984653776128
10211	0.03598694676032613
10217	0.016387926683624304
10329	0.0741266918005649
10360	0.057705734385000096
10403	0.020729613527653706
10424	0.03491680529207535
10452	0.012460791634180094
10489	0.0985259963576194
10493	0.05141176338954599
10558	0.01773418910682413
10723	0.042861409018239434
10729	0.03183632945272443
10831	0.05859007772350427
10853	0.045636612227069065
10907	0.05141176338954599
10920	0.02225671359277949
10976	0.0780547167853424
11134	0.0684549183406036
11150	0.04047200632563473
11153	0.01809897095565035
11279	0.02762288267194416
11454	0.053511451930022116
11535	0.022335160224192466
11541	0.02500374230975526
11553	0.029295038861752134
11559	0.042861409018239434
11623	0.013273618533992436
11660	0.017331966521771443
11699	0.025627680958874077
11713	0.03394268701477984
11876	0.013388962473434315
11889	0.010159416942994607
11897	0.03782864902746381
12193	0.013547318221693546
12262	0.02217883748737011
12298	0.04047200632563473
12323	0.026520524331399512
12339	0.06149289755978231
12343	0.0492629981788097
12386	0.048331287550195064
12445	0.03656743802278534
12451	0.08405125095443634
12504	0.04921421487212802
12508	0.044601648274333446
12512	0.028288184645490155
12520	0.07688304287662222
12566	0.011304458228883815
12571	0.04668065481948508
12612	0.0361979419113007
12659	0.04344622531204935
12698	0.02531116774910328
12748	0.016032444502000018
12766	0.025569675302742977
12768	0.02552113363903068
12834	0.0324174209905626
12835	0.022818306113534532
12839	0.02020071998856383
