544
t_index	tf-idf
56	0.015099919699814663
249	0.033283483815787517
278	0.013826718394330363
320	0.014772353099017456
596	0.030088478106526727
603	0.0318923937733477
604	0.0279354344380282
607	0.014989002081916288
618	0.020610535142805385
633	0.016874101861641233
634	0.0172448962960112
638	0.03873461475725916
644	0.01858538609024066
659	0.03255310330925476
688	0.0318923937733477
716	0.019471553000607746
721	0.01957739022016516
808	0.043358277965577875
854	0.0175565084519617
855	0.0318923937733477
871	0.026239278866371805
872	0.011492191392466046
880	0.017020048372800047
888	0.0318923937733477
902	0.015655864247173735
977	0.013119639433185903
1001	0.03128921322508435
1004	0.06510620661850952
1006	0.016946691040361367
1022	0.016874101861641233
1023	0.011890849187172712
1027	0.0318923937733477
1035	0.02887468043545226
1105	0.05763513389299723
1116	0.012069064740493523
1121	0.043710053997824315
1157	0.011890849187172712
1158	0.03128921322508435
1170	0.018402949160624193
1173	0.02311853725714246
1210	0.0318923937733477
1273	0.01299473149121313
1301	0.021955194358328916
1350	0.025929303787587007
1378	0.019063658696531243
1428	0.06684695859315688
1469	0.03502564650624851
1475	0.015562237861258543
1490	0.041065591096463384
1491	0.024489905513233486
1507	0.19826565340677277
1511	0.018277960469387004
1515	0.024489905513233486
1541	0.13113016199347294
1589	0.018402949160624193
1716	0.012178235551471739
1737	0.009967315977869748
1774	0.021679138982788938
1777	0.04089928746737976
1779	0.11549872174180904
1781	0.0318923937733477
1829	0.03735814043040247
1879	0.014934201771035228
1895	0.02139615262068521
1944	0.025744068851492812
1948	0.0340999797555289
1999	0.0172448962960112
2025	0.024276590121755454
2057	0.007484116048222407
2076	0.04052538904454114
2109	0.0399988644739918
2201	0.027748066188107056
2219	0.017799768612360833
2233	0.041903151657042295
2245	0.02048783807733866
2277	0.028030722829968813
2294	0.011997227794775696
2349	0.01185574934901549
2379	0.028103641728930914
2407	0.022282319531052294
2430	0.022313901377139105
2464	0.036645033754957035
2508	0.024937299657662507
2524	0.04089928746737976
2584	0.05266952535588511
2590	0.047346819146984194
2615	0.009809159995059694
2631	0.033893382080722734
2702	0.01430831500127249
2768	0.030220609385100797
2778	0.08093591793333446
2801	0.01078714550903194
2815	0.033283483815787517
2818	0.029742336778810212
2844	0.043710053997824315
2891	0.014242181060163735
2894	0.022282319531052294
2909	0.027037313134413255
2917	0.019794039203063996
2964	0.021258876783860008
2965	0.03609425034623205
2971	0.027409842854656252
2991	0.017799768612360833
2996	0.02073544308477816
3000	0.03042528187011585
3016	0.016122091998322742
3048	0.03073434090873471
3133	0.01631922954529159
3167	0.017281840213890273
3181	0.01307775288142197
3187	0.033321572940326394
3199	0.021679138982788938
3200	0.029742336778810212
3212	0.03263845909058318
3238	0.014063335331196683
3240	0.07781003375335321
3293	0.017799768612360833
3294	0.048712942205886955
3300	0.01739895159652128
3305	0.016874101861641233
3313	0.060441218770201595
3335	0.02182508549394776
3365	0.010877763835043248
3395	0.02929494263438119
3432	0.01482588389186073
3438	0.03211521184379968
3439	0.017717729746882713
3440	0.0812620699566
3474	0.018493567486635505
3538	0.0318923937733477
3651	0.01593040596363045
3658	0.03255310330925476
3808	0.012439859174863493
3809	0.012178235551471739
3825	0.022771854858302815
3839	0.017799768612360833
3840	0.018678437195089354
3842	0.043710053997824315
3886	0.020017678056205634
3900	0.08681242824446679
3901	0.018051876512603003
3929	0.020610535142805385
3964	0.0340999797555289
3965	0.03609425034623205
3979	0.02929494263438119
3981	0.04751638940062391
3987	0.028103641728930914
4027	0.0340999797555289
4062	0.0417252860860951
4087	0.01858538609024066
4113	0.033283483815787517
4119	0.021258876783860008
4120	0.0209922207078146
4130	0.03454835405797777
4138	0.017094190290517824
4169	0.05083114452790618
4192	0.0270873566522
4200	0.024430022503304685
4222	0.018402949160624193
4276	0.031124475722517086
4288	0.019163404348714285
4298	0.011317054877175037
4304	0.012439859174863493
4329	0.024069643314304553
4353	0.02861663000254498
4357	0.029742336778810212
4358	0.04615570746818624
4366	0.022943029066959348
4406	0.02139615262068521
4415	0.05494050040798425
4419	0.022771854858302815
4426	0.047144313513559175
4429	0.019684868392085778
4430	0.03375770640225641
4457	0.018819681304227162
4564	0.01122054932938656
4587	0.01515584533076926
4598	0.04827625896197409
4617	0.033748203723282466
4618	0.022441687543452982
4620	0.04865707422470435
4638	0.021536201893524985
4640	0.010609386968812518
4709	0.018051876512603003
4744	0.018772754340161808
4765	0.01739895159652128
4808	0.0284784466946398
4859	0.03236143652709582
4895	0.01866177477753822
4923	0.03128921322508435
4949	0.022677178547147136
4970	0.034642802091366096
4990	0.03923771164832808
5041	0.016731164772377283
5178	0.024069643314304553
5195	0.015099919699814663
5261	0.03502564650624851
5314	0.011547600697122032
5332	0.017636650422305274
5333	0.035599537224721665
5362	0.026323561232014805
5396	0.03735814043040247
5410	0.03609425034623205
5418	0.023298604607783206
5448	0.016874101861641233
5469	0.01416029080293313
5484	0.017012576693460978
5544	0.027774894630146926
5548	0.018230722241570057
5594	0.015269696427723398
5664	0.025667680164195256
5682	0.07551693631066188
5683	0.02517231210355396
5687	0.04089928746737976
5690	0.015044239053263363
5723	0.04089928746737976
5725	0.10015820500890742
5753	0.025667680164195256
5769	0.018230722241570057
5777	0.03890501687667661
5788	0.02541557226395309
5885	0.017169133758011126
5899	0.018493567486635505
5915	0.02139615262068521
5934	0.022250737684965487
5951	0.03502564650624851
6014	0.02887468043545226
6036	0.08222952856396876
6155	0.01631922954529159
6173	0.015443735775179122
6218	0.026201189741832918
6353	0.06224895144503417
6356	0.0569568933892796
6388	0.05147441289333478
6421	0.19511225084510042
6428	0.29374613181524867
6486	0.043710053997824315
6544	0.031124475722517086
6554	0.010648255057479628
6580	0.07281135128740937
6587	0.018772754340161808
6601	0.012516458884922543
6603	0.044646252637379084
6630	0.019264606193156848
6636	0.03073434090873471
6660	0.016874101861641233
6668	0.01831350013599475
6696	0.014510729475625705
6701	0.0172448962960112
6708	0.023779627954831524
6742	0.0284784466946398
6771	0.02677920800030654
6796	0.07220892994291365
6798	0.010609386968812518
6813	0.03128921322508435
6827	0.013734287648623526
6828	0.0292283942324148
6847	0.0284784466946398
6909	0.018089965637141887
6910	0.022441687543452982
6947	0.03031210241342112
6958	0.011820826336989266
6959	0.02865999031925661
6985	0.06848953740702332
6995	0.02541557226395309
7001	0.007986389382097265
7006	0.05083114452790618
7097	0.022604805733508544
7119	0.01831350013599475
7133	0.01946282968988174
7165	0.0829555774976875
7187	0.025663226602315136
7222	0.023298604607783206
7247	0.03593363547431022
7296	0.012751471330813995
7327	0.01875941184620634
7343	0.39178969584189405
7366	0.0384948399034727
7418	0.061831605428416155
7431	0.03890501687667661
7454	0.024937299657662507
7455	0.026201189741832918
7456	0.0340999797555289
7472	0.015867670664644805
7481	0.011514192424143886
7482	0.030220609385100797
7483	0.06224895144503417
7495	0.043710053997824315
7506	0.043710053997824315
7531	0.014258621575383537
7584	0.02737706073097559
7591	0.050782553273411156
7610	0.03255310330925476
7651	0.015099919699814663
7671	0.036103753025206006
7700	0.01320417954466842
7726	0.016503734026105096
7728	0.05858988526876238
7731	0.08671655593115575
7769	0.05707461450585276
7778	0.019684868392085778
7790	0.0637847875466954
7808	0.028126670662393365
7811	0.04167879963533771
7832	0.01055113281738073
7862	0.011820826336989266
7894	0.022943029066959348
7906	0.021974170879158837
7926	0.07625463478612497
7946	0.017882790002569676
7950	0.03735814043040247
7975	0.0279354344380282
8005	0.04089928746737976
8037	0.005475883311357324
8060	0.010047767982124058
8089	0.0163594686395433
8103	0.00955333010641887
8111	0.044883375086905965
8112	0.060891177757358694
8117	0.022943029066959348
8131	0.0438425913486222
8153	0.0284784466946398
8167	0.023781698374345423
8210	0.0270873566522
8379	0.10124386448163415
8386	0.010493364122853215
8388	0.024066106428359508
8389	0.03128921322508435
8390	0.020017678056205634
8414	0.028418563684711004
8464	0.01574387803169639
8505	0.062255844039707825
8508	0.0318923937733477
8614	0.026201189741832918
8645	0.011188677074501153
8709	0.024283307838427314
8719	0.011349524272488584
8722	0.050840073121084094
8724	0.03245166057176785
8754	0.016946691040361367
8775	0.047231634095089174
8778	0.017020048372800047
8802	0.027409842854656252
8805	0.0414681369986985
8844	0.020610535142805385
8846	0.043710053997824315
8877	0.033150222053768816
8879	0.011062633543497095
8920	0.03609425034623205
8929	0.039369736784171556
8933	0.016591115499537498
8938	0.04956641335169319
8958	0.025667680164195256
8965	0.01631922954529159
8997	0.017169133758011126
9000	0.014719232507850444
9004	0.02929494263438119
9008	0.016660786470163197
9010	0.024709993942110077
9028	0.02541557226395309
9068	0.012289153169370116
9109	0.011284736854883431
9124	0.039369736784171556
9155	0.043710053997824315
9235	0.019684868392085778
9263	0.03255310330925476
9269	0.02024877289632683
9272	0.03717077218048132
9274	0.05620728345786183
9275	0.024276590121755454
9280	0.01652213778389773
9316	0.021679138982788938
9322	0.027748066188107056
9326	0.0681999595110578
9331	0.03255310330925476
9353	0.02541557226395309
9381	0.015682800956190956
9389	0.01957739022016516
9390	0.027106086507081052
9416	0.019904956820962372
9418	0.04089928746737976
9443	0.008314602312038196
9485	0.02517231210355396
9495	0.006946466605889618
9497	0.018965327924080837
9510	0.0366270002719895
9516	0.0270873566522
9529	0.0710202287204763
9549	0.02036727498240625
9553	0.013920398241932733
9554	0.024937299657662507
9561	0.0284784466946398
9580	0.010638698654031414
9587	0.023868695817678955
9589	0.030220609385100797
9652	0.011717100662750023
9692	0.019904956820962372
9820	0.04742299739606196
9826	0.020149588299580728
9844	0.029544706198034912
9845	0.02701692602969409
9891	0.01124306612177819
9941	0.0419844414156292
9971	0.03735814043040247
9997	0.0164538396627123
9998	0.03815951127680914
10023	0.016946691040361367
10090	0.0284784466946398
10102	0.01831350013599475
10110	0.03735814043040247
10121	0.02598946298242626
10131	0.024210528634810963
10133	0.017094190290517824
10135	0.014408783473249307
10137	0.014562270257481873
10169	0.018965327924080837
10171	0.014934201771035228
10173	0.02048783807733866
10185	0.01936730737862958
10189	0.21258876783860006
10190	0.1228955591637319
10191	0.037545508680323615
10211	0.011648802541564593
10212	0.026201189741832918
10216	0.022943029066959348
10217	0.021218773937625036
10228	0.020533972701954843
10295	0.043710053997824315
10351	0.02086264304304755
10375	0.024283307838427314
10437	0.0318923937733477
10452	0.0080669973045987
10541	0.05973680708414091
10660	0.01574387803169639
10661	0.021258876783860008
10671	0.016946691040361367
10672	0.03609425034623205
10687	0.021258876783860008
10696	0.015044239053263363
10729	0.020610535142805385
10824	0.022282319531052294
10831	0.018965327924080837
10853	0.014772353099017456
10867	0.013289763387583024
10873	0.04741356399601052
10880	0.015212640935057925
10884	0.028103641728930914
10890	0.013826718394330363
10896	0.02541557226395309
10930	0.08742010799564863
10948	0.014968232096444814
10984	0.016591115499537498
10985	0.04365017098789552
11016	0.01259391447537357
11032	0.0175565084519617
11046	0.0168022649159234
11050	0.05858988526876238
11065	0.04623707451428492
11115	0.024276590121755454
11116	0.018965327924080837
11117	0.022943029066959348
11132	0.016946691040361367
11175	0.009654531950861436
11184	0.016187183586666893
11205	0.047346819146984194
11279	0.0715311600102787
11305	0.008026576180009862
11357	0.022282319531052294
11372	0.030654450830734186
11401	0.012872034425746406
11404	0.015993714195648857
11418	0.03645038124080955
11482	0.04089928746737976
11514	0.06497365745606563
11516	0.09789987451538923
11535	0.01445956907200914
11536	0.032244183996645484
11537	0.026928335271706932
11541	0.032374367173333786
11553	0.018965327924080837
11592	0.011035708795091807
11623	0.05155928198443097
11627	0.0164538396627123
11636	0.009503277880124781
11660	0.01122054932938656
11663	0.012326523627667507
11686	0.04659720921556641
11699	0.033182230999074996
11736	0.021974170879158837
11775	0.04210219765797806
11777	0.017882790002569676
11785	0.043710053997824315
11789	0.043710053997824315
11802	0.057793818579470545
11807	0.01957739022016516
11825	0.0270873566522
11840	0.03609425034623205
11857	0.024803748809226756
11867	0.01957739022016516
11889	0.013154218688742957
11910	0.0340999797555289
11974	0.029742336778810212
11982	0.020610535142805385
11983	0.043710053997824315
12052	0.020017678056205634
12055	0.04434937135989991
12166	0.022126533127217962
12193	0.017540808447381376
12219	0.03609425034623205
12262	0.014358367227566579
12329	0.04262784552706651
12353	0.03735814043040247
12408	0.043710053997824315
12420	0.06664314588065279
12434	0.012364096636863418
12488	0.05554978926029385
12489	0.035567248047046474
12504	0.01593040596363045
12516	0.045398097089954334
12537	0.03544290947054433
12566	0.02927359247777189
12581	0.030800959052932265
12590	0.014989002081916288
12591	0.03042528187011585
12608	0.03890501687667661
12624	0.025907181396994813
12638	0.014772353099017456
12657	0.02541557226395309
12670	0.022282319531052294
12698	0.032772415750565886
12711	0.03609425034623205
12718	0.016122091998322742
12719	0.05100588532325598
12733	0.08742010799564863
12739	0.008484726266435316
12748	0.04151700481982174
12755	0.0209922207078146
12766	0.044142835180367226
12790	0.021258876783860008
12829	0.022086247812937495
12838	0.038529212386313696
12867	0.05548070245990651
12868	0.08863411859410474
12875	0.043710053997824315
