191
t_index	tf-idf
3	0.04319580678881362
17	0.03783845946299899
56	0.033424086765484896
59	0.08611732284342238
67	0.04219793184385423
191	0.0822785246014076
865	0.034055641835806824
872	0.01271914056046465
886	0.0826932693660793
901	0.032817500981984694
915	0.05927651202835198
998	0.05681611465041816
1003	0.06583547892082013
1023	0.026320721093121734
1075	0.027120100900184886
1100	0.032233984965793445
1170	0.04073543314889682
1216	0.061421106223306036
1240	0.11150416707551296
1265	0.044563315778046876
1273	0.028764194875938152
1467	0.08611732284342238
1511	0.060688150874642674
1645	0.04535039199861293
1706	0.0871459931157517
1745	0.12607564704858137
1746	0.09675340441480901
1840	0.10495771124943204
1888	0.044563315778046876
1978	0.07548124127203575
2031	0.19350680882961802
2057	0.01656629632022573
2098	0.04381464914483888
2120	0.04482121465783251
2199	0.03234892649303365
2245	0.04535039199861293
2261	0.045621985321197316
2294	0.026556193061264537
2351	0.047987369255389954
2396	0.04381464914483888
2609	0.10480348390580813
2645	0.04073543314889682
2660	0.0826932693660793
2736	0.1159941054919259
2801	0.023877642703637663
2822	0.033424086765484896
2891	0.01576272937035887
2918	0.026556193061264537
2991	0.07880055289464956
2992	0.1433231009026433
2993	0.09675340441480901
3112	0.05157210087248545
3193	0.0755840809628226
3202	0.047670974084518765
3318	0.08286154007505044
3378	0.03597622296998171
3671	0.04831042586423749
3692	0.03458029540823564
3853	0.06391489778664526
4028	0.0826932693660793
4083	0.23423525913514334
4084	0.1671588115493184
4128	0.04357299655787585
4222	0.04073543314889682
4276	0.03444744070699952
4349	0.061421106223306036
4564	0.07451098187225916
4627	0.06689414846397057
4682	0.033927234206660245
4734	0.08269046695128975
4895	0.041308350756993156
4970	0.051121862275667326
5091	0.05327098722112773
5109	0.07991664841031802
5310	0.05739522572266139
5369	0.07666889238907292
5411	0.09124397064239463
5414	0.0254133855574117
5515	0.04856294371088926
5561	0.13446364397349753
5864	0.05003635801871142
5998	0.1159941054919259
5999	0.06803130729404802
6231	0.19350680882961802
6246	0.10881396285586566
6539	0.12782979557329052
6549	0.05283401341524086
6559	0.026556193061264537
6588	0.07548124127203575
6805	0.048974886060771425
6894	0.0826932693660793
6909	0.020021317763957776
6959	0.02114655844031956
7000	0.05625806689258394
7133	0.043081507795332666
7185	0.07753023003535721
7187	0.056806256568941185
7296	0.02822573183312699
7481	0.025486981008501504
7483	0.03444744070699952
7632	0.046466856797047464
7803	0.03977004427074511
7821	0.01737075037066445
7862	0.026165723592033913
7929	0.040341959740447325
7975	0.030917925493988873
8012	0.04831042586423749
8018	0.042642734643872006
8035	0.06563500196396939
8036	0.03371558089051832
8037	0.012121018028905438
8089	0.009053033229905782
8094	0.09675340441480901
8105	0.02885580483244401
8252	0.06303782352429069
8492	0.061421106223306036
8505	0.03758318721150484
8719	0.10048993413793884
8722	0.037511965823755745
8777	0.04696833859037632
8865	0.032817500981984694
8874	0.04406016833687153
8917	0.18741906244552592
8933	0.03672488960318968
8936	0.10841815625852498
8948	0.05327881621525863
8986	0.07548124127203575
9018	0.09053169554093649
9215	0.05003635801871142
9222	0.06583547892082013
9303	0.07753023003535721
9446	0.050785024651919405
9495	0.015376194520534285
9510	0.04053743527740223
9553	0.030813183639259608
9604	0.07989561396954983
9606	0.15352055054636662
9648	0.06067243959009805
9671	0.06689414846397057
9700	0.061421106223306036
9701	0.045621985321197316
9783	0.034714310427226294
9826	0.022300833415102587
9891	0.037330253243235176
9938	0.04134523347564487
9986	0.053590669739661624
9998	0.009385236192571146
10026	0.03995832420515901
10128	0.03727774810763069
10133	0.03783845946299899
10204	0.07989561396954983
10217	0.02348416929518816
10224	0.09370953122276296
10367	0.04053743527740223
10368	0.06220818244387208
10375	0.053751768504738215
10417	0.05739522572266139
10452	0.017856519981967134
10773	0.02728509842691516
10781	0.044563315778046876
10835	0.04736097117457632
10873	0.009541020496486346
10982	0.042642734643872006
10984	0.03672488960318968
11038	0.31958245587819933
11279	0.039584046573583505
11305	0.017767046713083965
11368	0.06583547892082013
11465	0.14751643283686774
11567	0.024626309336845655
11605	0.044563315778046876
11624	0.11991721505669724
11636	0.021035766463427138
11640	0.03995832420515901
11660	0.024836993957419715
11670	0.09675340441480901
11751	0.041765660381517425
11775	0.018638874053815344
11807	0.04333509067393168
11867	0.04333509067393168
11876	0.019186604106988515
11877	0.06583547892082013
12055	0.03272285031525034
12057	0.04310081708308947
12188	0.01946327000612356
12488	0.04098699447748833
12551	0.040936019301098824
12739	0.018781174506126916
12763	0.05681611465041816
12795	0.1321805050106146
12843	0.07059468909973525
