56
t_index	tf-idf
54	0.16606232236417398
75	0.061498009109550486
819	0.12116491496483758
882	0.10819471867208441
973	0.16606232236417398
977	0.09968771912127543
1154	0.09223111311879281
1235	0.14264211080839975
1490	0.05200517808462477
1549	0.1553837169867396
1919	0.16606232236417398
2126	0.3087291554886816
2395	0.14780712589556355
2879	0.2838605305492586
3167	0.021885601886071342
3643	0.1419302652746293
3689	0.16606232236417398
3715	0.1636397750284406
3925	0.16606232236417398
4012	0.33212464472834796
4134	0.06700479317639108
4146	0.1419302652746293
4200	0.04640701510583516
4572	0.061005720357429204
4659	0.08921792414916413
4708	0.0426288761833251
5006	0.14780712589556355
5012	0.07357986886486385
5857	0.05065428293157722
5858	0.0747863400211219
6073	0.08525998964500148
6601	0.0475522686453189
7200	0.12955192942695312
7215	0.042507787779601854
7416	0.051490438284452066
7481	0.04374447888342774
7832	0.04008564298077298
7901	0.10819471867208441
8089	0.015538137719194186
8103	0.03629481180376636
8666	0.07877766140668249
9306	0.11184200018574929
10228	0.03900611967236307
10370	0.2194001632152298
10460	0.0797532055781609
10477	0.049057631580849394
10503	0.0769287142119785
10940	0.1553837169867396
11189	0.11481350670489192
11234	0.13712852051812918
11524	0.10677076749045603
11876	0.016465425974203952
12564	0.047846536303533777
12606	0.14780712589556355
12651	0.3124047039823727
12718	0.12250142901876095
