91
t_index	tf-idf
536	0.16505037602083641
647	0.04980439266587151
661	0.17833688771008968
983	0.03803582835746328
1006	0.06536356741577139
1049	0.07677362996565548
1203	0.06800232710602128
1220	0.16859014272634518
1273	0.050120817441753805
1462	0.10214974864992353
1710	0.17869995896333205
1864	0.10702458613448276
2117	0.19417975052153927
2259	0.12300930166778383
2565	0.07902180916511109
2577	0.07086455742107842
2621	0.17217500196885477
2625	0.1500570634924462
2696	0.16723333883204922
2834	0.0980281322842765
2986	0.056166831119693464
3242	0.052102285387246976
3503	0.11656121151817543
3596	0.12837475074299656
3692	0.06025521245122517
4130	0.03331334217686334
4276	0.06002371679297178
4436	0.07765035052585899
4640	0.0409205182725274
5635	0.16859014272634518
5656	0.06480651431916297
5874	0.09530670919955439
5970	0.1458503027696564
6168	0.11154142311207425
6298	0.056568907591362204
6362	0.1098416715090976
6388	0.03970747149785762
6554	0.020535216451761575
6708	0.03057275923356203
6739	0.21679208954746973
6806	0.1500570634924462
6909	0.03488659484191251
7133	0.03753417046154914
7170	0.07352873416021195
7184	0.13509429075207435
7296	0.04918256041824693
7437	0.1392159071177214
7743	0.12481840455297101
7754	0.047980669021599955
7821	0.03026805415237454
8023	0.07098037045961411
8036	0.05874847121724755
8112	0.046971583926203035
8131	0.11273422713113027
8167	0.04586313166537558
8440	0.16859014272634518
8504	0.05781274030092788
8761	0.09867333588574223
8892	0.07809973222167628
8929	0.07592474655685053
8997	0.06622153134139079
9510	0.0706353646211459
9539	0.04887698473218813
9553	0.10738224787056172
9595	0.08147652099587076
10121	0.050120817441753805
10131	0.04669013310102767
10135	0.16672449288594
10329	0.13882030525579214
10558	0.08856424896254923
10902	0.13509429075207435
10920	0.16672449288594
10948	0.02886631512313277
10976	0.048725496613052505
11212	0.11656121151817543
11305	0.030958589615540197
11306	0.1143671834172264
11454	0.0445392185919411
11650	0.08718697590955166
11658	0.06268757778548713
11710	0.08361666941602461
11807	0.07551020210570514
12196	0.0418386370247628
12252	0.10105826724431714
12342	0.20429949729984706
12387	0.052102285387246976
12504	0.061443745075921444
12595	0.24601860333556766
12719	0.04918256041824693
12766	0.02128242304326046
12834	0.08094603384564063
