301
t_index	tf-idf
16	0.01686731158291785
64	0.05835979698584485
91	0.016670456068976398
190	0.018082213852662506
320	0.0421577773720128
360	0.04385528470045044
394	0.030142527913512025
557	0.07285847474859483
569	0.02995410958607087
607	0.042776056635153985
632	0.0206325725409836
633	0.04815581003699763
641	0.05150341859237564
647	0.07370124682778874
657	0.09471803016139968
729	0.02203689453664276
765	0.0362658552129147
863	0.021953420090996035
872	0.02459756629458561
875	0.02539875256851125
902	0.0111697918922393
977	0.018720607161161047
982	0.05617725853886612
983	0.02814297920345651
991	0.025165996815396146
1020	0.017119021426827332
1032	0.027344544528816243
1040	0.09159145798448831
1043	0.04385528470045044
1052	0.03157267672046656
1057	0.0623705212367791
1075	0.01748253551768225
1105	0.020560105820486518
1167	0.030730324369457933
1173	0.03298818205604698
1193	0.04180138605637148
1203	0.10063080838127116
1206	0.044930343905503156
1511	0.039121637381561755
1645	0.02923439856564687
1707	0.05150341859237564
1710	0.11018447268321381
1737	0.04266753087761158
1867	0.02808862926943306
2057	0.010679195659364996
2117	0.14367497479748634
2130	0.030334605076987764
2157	0.03528502398562415
2264	0.025281690100416393
2277	0.019998726078396752
2349	0.01691714374426321
2422	0.06928124956427176
2449	0.25804104769584363
2455	0.03298818205604698
2506	0.014222510292537193
2529	0.03377993755450298
2565	0.05846879713129374
2577	0.23594934916607546
2621	0.021232250875963855
2631	0.0725444507672265
2664	0.023191491734474833
2689	0.02309773119260166
2696	0.030934283411968015
2702	0.020416745874846348
2707	0.030142527913512025
2834	0.0362658552129147
2891	0.04064475675620124
2945	0.15837650088934027
2986	0.08311647351386926
3012	0.04385528470045044
3115	0.01921221953899559
3139	0.10661376401854697
3177	0.048657764449840685
3212	0.046572299040085634
3214	0.03627715351580692
3242	0.11565255161465139
3272	0.04180138605637148
3347	0.04180138605637148
3365	0.015521641778708458
3372	0.04243977936487001
3375	0.08360277211274296
3378	0.11595745867237417
3381	0.07051811018141374
3487	0.04749269434144139
3505	0.04385528470045044
3522	0.05277748884622383
3560	0.04385528470045044
3651	0.022731331412095296
3871	0.017535574052834204
3946	0.02255309842597629
3986	0.08771056940090088
3987	0.04010150121005033
4020	0.06811718875775657
4130	0.01232438909007137
4200	0.017429779856062404
4215	0.04997861199985312
4219	0.03139344006501416
4221	0.04749269434144139
4258	0.05150341859237564
4276	0.022205986912433168
4334	0.07116680194280162
4359	0.056488813422092395
4419	0.03249349582389723
4426	0.01681772920789102
4442	0.06300927039113277
4505	0.02678712026537829
4552	0.03157267672046656
4553	0.03135526877975049
4572	0.022912834910099517
4587	0.021626099412074284
4640	0.030277381733752412
4730	0.03249349582389723
4783	0.026652537738895327
4853	0.045507727426539336
4856	0.026131803662577772
4859	0.01539233715174069
4895	0.013314380944672043
4921	0.022205986912433168
5091	0.017170141246580208
5123	0.08929408039781288
5135	0.0241814835890755
5239	0.01993074187190908
5248	0.14204464560816135
5271	0.04243977936487001
5314	0.016477441884412785
5362	0.018780739036958826
5393	0.04749269434144139
5414	0.01638232900634136
5415	0.06358994127920184
5474	0.020560105820486518
5529	0.13935151084741282
5556	0.021466846767323813
5557	0.0623705212367791
5561	0.057786545860223935
5653	0.04385528470045044
5740	0.05745404515586321
5749	0.048657764449840685
5769	0.013006843331585268
5842	0.018660838622177822
5855	0.02428615824953161
5896	0.02678712026537829
5913	0.045283626975922156
5934	0.01587495301862609
5946	0.021788555222830363
5970	0.040468377595412
6019	0.018902110659165267
6073	0.032022375208865354
6348	0.009200078123161103
6362	0.04063631594797218
6391	0.01921221953899559
6554	0.0075970761581561
6614	0.017017567582519516
6671	0.02300485104440151
6739	0.28071050847035234
6769	0.030334605076987764
6909	0.02581283898665792
6958	0.01686731158291785
7119	0.10452721465031109
7170	0.054404431970818165
7206	0.016525343494279615
7296	0.01819526266149892
7313	0.07918825044467014
7327	0.06692020415952454
7364	0.0555141428433099
7437	0.05150341859237564
7452	0.053306882009273485
7481	0.01642977112657361
7547	0.03135526877975049
7651	0.043092596607536914
7700	0.0188412386940995
7732	0.0623705212367791
7734	0.2678822411934386
7735	0.030530485994829437
7738	0.02282166686283081
7743	0.16931570866914758
7764	0.03525905509070687
7774	0.04385528470045044
7784	0.03298818205604698
7803	0.025637117430428034
7832	0.01505556715833108
8018	0.02748895093445281
8036	0.04346841057761384
8037	0.06250894979505378
8089	0.011671783638792182
8105	0.03720285811112675
8131	0.06255964073896543
8141	0.05835979698584485
8167	0.01696722822142495
8306	0.06649024563316225
8341	0.1648068308855649
8428	0.03959412522233507
8497	0.03179497063960092
8504	0.042776056635153985
8537	0.02748895093445281
8538	0.04464704019890644
8541	0.057127040583282086
8550	0.0623705212367791
8645	0.03193057693872321
8651	0.043594949772323366
8663	0.03959412522233507
8672	0.0362658552129147
8761	0.0182522752868036
8818	0.035918743699371584
8865	0.021155272564461897
8871	0.0555141428433099
8892	0.11557309172044787
8931	0.03464062478213588
8943	0.03377993755450298
8997	0.048997780772562574
9008	0.023773522137732418
9026	0.018660838622177822
9028	0.0725317104258294
9048	0.09219097310837379
9053	0.048657764449840685
9215	0.032255130961980454
9235	0.02808862926943306
9263	0.04645050361580427
9269	0.028893272930111968
9280	0.02357568228076033
9376	0.043252786358987556
9389	0.02793526707947561
9421	0.023191491734474833
9426	0.038806122805349876
9486	0.04645050361580427
9495	0.04956007867031928
9510	0.026131803662577772
9539	0.018082213852662506
9553	0.01986322172505447
9570	0.048362967178151
9595	0.030142527913512025
9630	0.030530485994829437
9665	0.030934283411968015
9704	0.024498890386281287
9818	0.03350891613236453
9891	0.05213941526214526
9894	0.014729886280252463
9960	0.03350891613236453
9991	0.02706190635477691
9997	0.023478226683518556
9998	0.006050041099859753
10092	0.053306882009273485
10121	0.03708474835008408
10128	0.012015249458500778
10137	0.020779118378467316
10171	0.06392949883528355
10181	0.02923439856564687
10203	0.03298818205604698
10209	0.017377304066642743
10211	0.033243696580098694
10228	0.014650114371243571
10329	0.06847608570730933
10360	0.053306882009273485
10407	0.09731552889968137
10452	0.011510917527774209
10475	0.05151697810526895
10558	0.06552931602536544
10682	0.02976921330356873
10687	0.030334605076987764
10699	0.02748895093445281
10722	0.020853213579655146
10724	0.04749269434144139
10727	0.02255309842597629
10743	0.04645050361580427
10873	0.006150464938116059
10976	0.05407851085712553
11018	0.0725317104258294
11175	0.013776194147514395
11305	0.011453240028457733
11306	0.021155272564461897
11421	0.0623705212367791
11453	0.09276596693789933
11454	0.09886465130647672
11541	0.13858638715560995
11605	0.028727022577931607
11660	0.01601076746031168
11720	0.029062365305902376
11747	0.04312223360638391
11819	0.04120170772139122
11833	0.03744121432232209
11889	0.01876994881132649
11900	0.0555141428433099
12047	0.0555141428433099
12082	0.0362658552129147
12193	0.0375438577300361
12196	0.015478352155538456
12252	0.03738686438829864
12298	0.03738686438829864
12304	0.04010150121005033
12339	0.028402676697237665
12504	0.022731331412095296
12520	0.02367410760136023
12566	0.02088546060138211
12612	0.01671930388729112
12638	0.0210788886860064
12643	0.026652537738895327
12659	0.04013436153512912
12766	0.031494031547133025
12788	0.06314535344093312
12795	0.05680535339447533
12834	0.0149731361554083
12839	0.037321677244355644
