78
t_index	tf-idf
632	0.07858685647076849
634	0.09372493629089965
735	0.14240183281746238
872	0.031229671887062705
991	0.09585409554464952
1075	0.06658876428250332
1203	0.0479112510030424
2057	0.08135140829760652
2565	0.22270024540315586
2577	0.0499278442710848
2621	0.08087095532204418
2631	0.09210420931709598
2697	0.13310110971956812
2801	0.05862746335149235
3242	0.1468353086875172
3365	0.05911996830405401
3651	0.17316152656421424
3988	0.11861797904443386
3993	0.14092414960599636
4473	0.1569320880670544
4553	0.1194282488188044
4587	0.08237107453001266
4644	0.05219576270881263
4737	0.09674063273851949
4828	0.09372493629089965
4920	0.07040195789613876
4949	0.04108301722251852
4970	0.06276048989061475
4985	0.07886491007499274
5041	0.09093283748689857
5740	0.21883518360884088
5891	0.13950224152295052
5913	0.08623980084315176
5952	0.23756141851461596
6155	0.1773879904169449
6554	0.05787260240598665
6708	0.043080265156545595
6958	0.06424545420991426
7170	0.10360979655279949
7221	0.1592161869183301
7327	0.050978116944290365
7591	0.05520000223301529
7651	0.08206712221227906
8023	0.10001888141496813
8089	0.022228173044288205
8143	0.1903622051995192
8504	0.08146429187380563
8722	0.09210420931709598
8773	0.14092414960599636
8892	0.11005081834653295
8927	0.1194282488188044
8997	0.18662634324008487
9260	0.12266368259090746
9390	0.07365994516184524
9428	0.20303916426542015
9495	0.15101445179103987
9670	0.11069486979674095
9891	0.015276340864713843
9894	0.05610427185643417
10121	0.14125111107951505
10169	0.10307537493464913
10211	0.06331051560605466
10329	0.06520418513579865
10448	0.11861797904443386
10728	0.1472180947300649
10852	0.19617000045114014
11305	0.08724788229425122
11437	0.1623329112010345
11453	0.08833345568808566
11454	0.1255209797812295
11592	0.0299891946576722
11833	0.07130442241739328
12183	0.09290585854632719
12188	0.04778872701744422
12339	0.10818219941104103
12659	0.07643335079137846
12829	0.024007475993362667
12834	0.05703077983247217
