228
t_index	tf-idf
91	0.02072186856720178
554	0.08613348333001616
578	0.03952208625641427
582	0.0725429488998684
638	0.03435173756062454
863	0.05457749732147786
880	0.12075364397153131
965	0.05549758777374116
1075	0.02173130727317245
1116	0.06422059656446011
1196	0.0565674473825415
1273	0.023048717982836236
1350	0.04599073177429599
1416	0.049847348745820495
1469	0.062124888770107974
1497	0.09583968845260589
1507	0.0879158052274008
1511	0.016209783035732468
1591	0.0406939848656306
1764	0.03700401014064298
1879	0.026488750856615825
1895	0.03795029454862997
1906	0.027497154141197803
1944	0.20547981494692824
1962	0.06626202655482144
2129	0.031282076279948945
2157	0.021930162750057314
2219	0.09471419563769955
2245	0.10901765894321878
2277	0.09943602540766097
2353	0.03381315676391651
2615	0.017398478954915562
2639	0.07752839743488568
2640	0.02781653908467598
2721	0.0406939848656306
2914	0.04039037366258824
2917	0.035108630573946184
3016	0.11438283338565276
3133	0.028945370648168756
3146	0.04423121689367693
3157	0.0430593182844606
3167	0.010217583476907209
3203	0.03157139854589985
3300	0.06172094110854144
3343	0.06403712321125139
3346	0.04198945867566027
3597	0.042692257325516625
3659	0.03655684708091714
3809	0.021600501475865282
3869	0.03264125815470018
3900	0.030795791007531246
3928	0.042335837326980125
4049	0.060483036308758446
4130	0.015319579130818325
4138	0.030319916299732692
4143	0.03612537723197948
4173	0.28869672995878914
4260	0.02173130727317245
4304	0.022064542546454676
4358	0.13644374330369466
4389	0.0590348198017875
4442	0.026107460490941512
4453	0.12804053667360954
4457	0.044507219683740995
4478	0.039804756843012566
4484	0.057739345991757826
4540	0.039245768358659644
4587	0.026881879402940623
4598	0.0428137310429734
4606	0.057739345991757826
4682	0.05437171153509939
4684	0.16156149465035297
4708	0.01990185616997228
4717	0.09471419563769955
4737	0.0631427970917997
4765	0.03086047055427072
4895	0.016550168204611738
4930	0.09723351934405416
4949	0.06703741093496851
4970	0.020481946243086364
5139	0.0754136175809987
5239	0.07432349993443542
5240	0.24991542632710262
5299	0.0590348198017875
5332	0.09384622883984685
5333	0.03157139854589985
5366	0.062124888770107974
5437	0.0565674473825415
5447	0.04382804539781359
5469	0.050232134383453336
5515	0.019456716915531788
5594	0.027083816767133704
5769	0.016167889881122152
5781	0.04382804539781359
5834	0.06626202655482144
5892	0.05121493788858024
5915	0.03795029454862997
5934	0.019733034813286414
6117	0.19622884179329825
6201	0.06626202655482144
6211	0.05360220820704436
6246	0.02906416992001026
6353	0.027602696668915863
6428	0.11578148259267503
6554	0.02833016919146578
6603	0.047513358166356816
6660	0.02992954608455032
6696	0.025737639260578746
6708	0.02811857194270319
6742	0.05051213923872388
6828	0.10368463807191672
6985	0.020246616016868318
7001	0.014165435945602068
7134	0.0406939848656306
7165	0.029427613985566353
7245	0.039245768358659644
7296	0.04523449626779716
7343	0.1801634748240512
7366	0.04551879143377067
7574	0.020130618656709384
7591	0.018014573823840366
7808	0.024944097549533032
7811	0.012320927899480019
7862	0.08386626310811553
7897	0.062124888770107974
8012	0.03871109155594645
8036	0.0135081290980809
8112	0.043201002951730565
8116	0.0545134123373596
8277	0.05121493788858024
8379	0.17957595210855928
8388	0.06402897594158719
8505	0.14053837897409063
8604	0.04198945867566027
8643	0.13801143374364414
8674	0.0590348198017875
8719	0.060391855970128146
8720	0.05275389745674054
8724	0.05755941729917008
8729	0.039804756843012566
8750	0.0725429488998684
8777	0.018817839243564782
8805	0.04413114940941612
8879	0.019621761393372596
8892	0.03591519042171185
8933	0.029427613985566353
9001	0.057739345991757826
9068	0.021797235736669078
9124	0.034914994619567596
9156	0.03329718054120876
9272	0.13185938405445075
9276	0.14355580555002695
9316	0.038452226647613934
9443	0.029495172556538263
9446	0.0813879697312612
9502	0.06870347512124908
9561	0.05051213923872388
9589	0.05360220820704436
9602	0.04382804539781359
9652	0.02078258784606998
9696	0.0545134123373596
9845	0.07187976633945442
9997	0.05836825645487145
9998	0.037601897626175926
10131	0.042942145214502216
10135	0.05111363585699933
10137	0.051658113995121845
10173	0.0363392196477396
10191	0.06659436108241752
10273	0.0406939848656306
10337	0.048044766819477884
10367	0.03248260267621509
10375	0.021535616739629025
10419	0.025829056997560922
10448	0.03871109155594645
10541	0.07946625256984748
10570	0.041652571054517105
10577	0.045526690703706595
10660	0.05584974263671599
10682	0.03700401014064298
10690	0.0363392196477396
10722	0.02592115951797918
10757	0.049847348745820495
10771	0.03264125815470018
10772	0.0939498144213551
10809	0.0939498144213551
10942	0.0725429488998684
10984	0.029427613985566353
10985	0.03871109155594645
11016	0.044675579982414206
11046	0.02980212909992712
11231	0.06900571687182207
11265	0.08687535036526244
11375	0.06626202655482144
11401	0.022831090549658692
11404	0.05673601001188228
11481	0.027392509858648238
11514	0.04609743596567247
11516	0.07717543408644945
11536	0.02859570834641319
11537	0.02388135552645007
11547	0.06402026833680477
11592	0.009787002522167187
11623	0.06096703373774942
11636	0.0168559367247898
11663	0.02186351961138926
11743	0.06900571687182207
11775	0.014935309451103898
11857	0.02199716906838553
11925	0.12424977754021595
12055	0.013110392134453403
12157	0.049847348745820495
12188	0.04678769108571886
12193	0.015556040821929362
12364	0.0725429488998684
12371	0.02859570834641319
12387	0.023959922113151472
12420	0.0295511891863797
12488	0.032842833972938835
12537	0.015716246723338573
12553	0.04039037366258824
12581	0.0546315727486915
12670	0.03952208625641427
12748	0.036819296198277625
12828	0.05360220820704436
12829	0.00783486288244816
12838	0.06833915352490604
12868	0.05240336066233627
