81
t_index	tf-idf
607	0.19069654588252719
1099	0.14114894293652733
1511	0.03875668204639481
1645	0.1737700718876903
1786	0.10675100191884543
2277	0.05943648986828976
2351	0.09193711716389684
2396	0.08394276649103112
2721	0.09729703532498765
2736	0.11111427686499815
2822	0.06403589587711118
3133	0.06920675770016152
3187	0.07065523584521105
3207	0.07691978412813226
3438	0.06809726152802542
3476	0.06949080009579105
3692	0.06625103063244155
3938	0.13524959387479327
3991	0.10575435870390734
4083	0.22438106940613964
4128	0.08347979378497715
4334	0.21150871740781468
4636	0.1727475014439801
4734	0.1584234198790585
4812	0.14114894293652733
4895	0.03957052389328948
4970	0.04897118465341502
5041	0.07095369687826172
5109	0.07655458490694513
5448	0.07155986596704145
5489	0.15842878891555384
5500	0.12815987332375792
5515	0.04651991883541597
5769	0.03865651786347063
5864	0.19172538861793365
6172	0.12613160990076275
6306	0.11767428652184304
6343	0.14853712452061332
6348	0.02734275913431464
6544	0.06599649952513464
6665	0.06574415326114551
7103	0.08257516366314675
7468	0.1853660497692541
7501	0.040943039104717506
7551	0.08302399924017204
7574	0.09626236020006723
7632	0.08902402702786906
7754	0.05275508364837611
7757	0.06599649952513464
8036	0.06459435802958219
8037	0.04644436533865704
8111	0.09517094099890194
8719	0.048131180100033616
8775	0.06676680104146664
8917	0.1196896083988229
9222	0.12613160990076275
9235	0.08347979378497715
9426	0.057666166232441654
9495	0.029458647537975807
9539	0.161221767262115
9701	0.08740537093004713
9998	0.03596161126712913
10099	0.05963993814910573
10224	0.05984480419941145
10502	0.13524959387479327
10759	0.15306887075446302
10781	0.08537710750705196
10873	0.018279266666615234
10948	0.03173871686232009
10982	0.08169754149842828
11084	0.14461154737554333
11447	0.1853660497692541
11465	0.2826209433808442
11623	0.03644218952032088
11661	0.11487234267793785
11663	0.05227444908582896
12055	0.03134621224346362
12193	0.11158086324299986
12551	0.07842771256492546
12737	0.21747965776809264
12766	0.023400174086399047
