178
t_index	tf-idf
91	0.025751672738686136
278	0.03047720325683997
536	0.09432388419834795
607	0.03303913843035091
665	0.05019429985182435
738	0.025379874879992843
797	0.06116299103523793
813	0.06555881283536377
848	0.05837709246617752
1006	0.03735432606913782
1009	0.06194675965782688
1032	0.04224046174747179
1216	0.06116299103523793
1301	0.016131398690538024
1317	0.05057160638261282
1645	0.045159812152702525
1781	0.0702980229767361
2057	0.01649667835087915
2063	0.0509584659853689
2186	0.06364630272418294
2245	0.045159812152702525
2252	0.09634680927655209
2295	0.09015124642405282
2396	0.04363052308297601
2475	0.1544088361864495
2477	0.08234576034048814
2506	0.021970210596553994
2508	0.05496742818273867
2615	0.021621599169249314
2709	0.04224046174747179
2730	0.05057160638261282
2740	0.19269361855310418
2813	0.027336526008238604
2832	0.09634680927655209
2918	0.02644459369114801
2992	0.107040601447902
3050	0.07955986177142772
3112	0.051355375005201764
3167	0.025395380250020784
3318	0.02750444130367062
3432	0.03267958918002051
3433	0.07957068296682172
3439	0.039053869135493885
3696	0.07336429891892848
3968	0.09371871043811716
4083	0.15550060813007902
4084	0.11097089714927719
4103	0.08575542462392698
4128	0.04338988601342657
4143	0.044894063922013484
4158	0.051355375005201764
4248	0.08492706683786547
4365	0.0426899099759077
4433	0.06661303344059963
4442	0.032444505495273036
4693	0.15911972354285545
4752	0.06774541349049326
4802	0.18831874279891012
4878	0.17020736983334667
4949	0.06664748256838292
4953	0.051355375005201764
4955	0.053054918071557836
4970	0.050907028484694854
4992	0.04017242725942062
5041	0.03687925760464718
5109	0.23874242345207855
5139	0.04685935521905858
5148	0.07336429891892848
5310	0.05715402883786815
5314	0.025453514242347427
5333	0.07846940256570033
5353	0.09634680927655209
5362	0.08703459163972245
5415	0.0491152536714859
5448	0.03719432316092731
5534	0.21786558064501488
5654	0.05398127066605167
5864	0.04982608593547527
5882	0.033160893163110015
5970	0.020837830546660368
6155	0.0719425190652359
6246	0.03611889486579918
6298	0.03232830616636152
6348	0.014211812803303693
6379	0.045705589388047044
6388	0.022692241203378406
6603	0.039364160821951245
6625	0.022569508510484917
6665	0.034171518480244543
6696	0.031984917825115054
6708	0.017471886287653327
6760	0.024592433588689063
6805	0.1463072240768344
6810	0.057753326751799075
6824	0.03998022172998771
6953	0.06116299103523793
6959	0.021057692442221575
6986	0.03835121025394838
7006	0.056021648787974526
7071	0.09634680927655209
7133	0.021450231338153793
7206	0.05105502042634815
7215	0.024662365692971942
7254	0.06457265531867677
7306	0.11805481850519228
7416	0.029873961572564663
7501	0.021280764113682522
7551	0.0431529799018042
7591	0.022387238300155057
7700	0.029104987340140144
7769	0.025161062480507767
7821	0.03459550354998861
7926	0.042020599851910576
7947	0.06116299103523793
8036	0.03357389501024872
8037	0.024140161668354806
8089	0.045074944455521286
8110	0.05446639516125372
8212	0.027932484366235678
8214	0.08575542462392698
8386	0.023129739255510325
8407	0.0394176991361295
8539	0.034703055138496364
8592	0.057753326751799075
8709	0.026762941416512715
8719	0.025016909165005496
8825	0.05837709246617752
8836	0.06116299103523793
8917	0.15552621269026085
8938	0.03641851501682759
9020	0.09634680927655209
9036	0.03291834619566239
9426	0.029972862488158537
9449	0.045705589388047044
9495	0.030623155636316457
9507	0.05496742818273867
9630	0.04716194209917397
9678	0.4086396472632426
9701	0.04543026413534943
9818	0.05176286950388853
9826	0.022207116708176353
9891	0.018586688557497767
9998	0.03738318323495165
10120	0.038875152032519754
10128	0.018560546313115146
10179	0.03719432316092731
10209	0.026843575577851653
10224	0.062210485076104334
10228	0.045261503262010276
10349	0.11941327664822199
10351	0.045985966761179005
10353	0.09015124642405282
10502	0.0702980229767361
10658	0.04716194209917397
10715	0.060417470588100375
10781	0.08875208706022714
10867	0.02929363341664369
10873	0.009500925446897714
10948	0.01649667835087915
10982	0.08492706683786547
10985	0.04810740681387616
11305	0.01769238272726955
11306	0.06535917836004101
11450	0.09634680927655209
11465	0.07344825593297474
11516	0.02397704284745231
11623	0.03788275887310505
11663	0.027170435915199482
11897	0.05398127066605167
12188	0.019381477835533432
12432	0.15911972354285545
12470	0.05351107547161174
12476	0.042020599851910576
12480	0.041171484851263436
12488	0.020407375655802952
12612	0.025827130364202484
12767	0.04747064225727228
12790	0.04685935521905858
