246
t_index	tf-idf
15	0.02074718711373317
44	0.023172640080024336
91	0.022096250172953226
189	0.023967497908640258
258	0.18865944077722097
542	0.05461177772208723
556	0.0826704821369644
557	0.0965719881089971
597	0.04275332601269691
604	0.05283534616114415
636	0.07065686721127187
644	0.0351512452686127
647	0.17095585550554368
729	0.02920932293045198
735	0.04955530342349222
743	0.04046735456140514
790	0.15124758983149697
858	0.11016869512489978
865	0.02909867975269926
866	0.04339302062501061
872	0.0326034258596225
902	0.059221059102289794
918	0.02345613520592996
959	0.0826704821369644
1023	0.022489613839654136
1049	0.03764699941542799
1122	0.030129780707121873
1123	0.023600215103705188
1157	0.04497922767930827
1171	0.028988962470131087
1203	0.06669174220245606
1206	0.05955398671668025
1240	0.03810968020470966
1349	0.07065686721127187
1495	0.06156891834918478
1511	0.017284899768824503
1654	0.1205191228284875
1706	0.03723073782652899
1710	0.02920932293045198
1737	0.07540625024558203
1740	0.038521399280254116
1790	0.060319293356988594
1944	0.02434536667726439
2057	0.028309984796922743
2083	0.102462688989803
2109	0.02521712290083645
2167	0.024422265072220523
2286	0.0826704821369644
2301	0.07735437284417196
2407	0.04214339563281443
2506	0.01885156256139551
2508	0.04716486019430524
2518	0.0826704821369644
2577	0.19112172684157888
2620	0.0826704821369644
2626	0.03382239865318193
2664	0.030739711087004358
2674	0.046734948277515065
2696	0.04100257739582363
2710	0.060319293356988594
2716	0.02920932293045198
2737	0.07248894622608643
2801	0.02040213723272109
2819	0.053153482987023444
2833	0.03550562194265917
2891	0.02693677694802859
3059	0.06156891834918478
3157	0.045915235202109064
3335	0.04127861156508611
3365	0.04114705421593951
3369	0.13104320815770287
3370	0.04631868668861608
3381	0.046734948277515065
3569	0.06156891834918478
3715	0.04073223506027554
3809	0.02303315856502493
3881	0.02966147597005684
3936	0.04631868668861608
3953	0.06449458441279024
3973	0.045915235202109064
3999	0.053153482987023444
4200	0.046205427681823896
4209	0.02909867975269926
4219	0.08322235487691242
4457	0.011864792229585721
4472	0.04114705421593951
4587	0.014332412409629161
4640	0.020065935766929402
4836	0.030615433959791456
5135	0.032051919199243814
5195	0.0285590505533409
5207	0.0581290240733493
5239	0.026417673080572076
5247	0.07735437284417196
5248	0.09413821709795418
5362	0.07468012389280815
5369	0.016377341802717924
5414	0.021714345344960546
5450	0.02909867975269926
5538	0.0360558203797968
5656	0.031778760595023055
5690	0.028453739635712592
5855	0.03219066270299903
5858	0.03723073782652899
5874	0.09346989655503013
5930	0.05064853126792274
5934	0.021041831845034796
5970	0.07151969062249054
5978	0.027156524250956132
5985	0.048546256534412906
6000	0.0591784751199978
6019	0.0250542495174463
6073	0.042444814396173314
6085	0.05064853126792274
6195	0.05248096948709769
6273	0.0581290240733493
6348	0.012194461086064578
6379	0.039217729569208964
6474	0.06295031468929244
6539	0.05461177772208723
6554	0.03020917268472241
6556	0.025135433298534765
6612	0.021651762224917277
6663	0.05625280905639232
6671	0.03049232377118955
6708	0.0149917706054646
6769	0.04020771956720771
6805	0.020923178195821544
6909	0.03421423778470001
6958	0.022357176968595637
6985	0.021589476412978533
6995	0.04806943530548935
7001	0.015104960995572733
7096	0.2320631185325159
7112	0.08488962879234663
7119	0.034637017056382696
7187	0.02426891667199915
7327	0.035480386778038615
7366	0.0485378333439983
7374	0.04339302062501061
7460	0.04955530342349222
7501	0.03651996454747781
7548	0.0826704821369644
7591	0.019209393625859845
7651	0.0285590505533409
7671	0.03414219837953338
7743	0.02040213723272109
7754	0.023527977241874252
7821	0.014842354301735382
7826	0.11489181537761721
7828	0.0826704821369644
7975	0.026417673080572076
8021	0.029776993358340127
8037	0.031070237078512895
8079	0.06156891834918478
8089	0.007735320802869018
8131	0.027640385017635473
8212	0.023967497908640258
8351	0.1486659102704767
8386	0.039692994720078804
8392	0.04275332601269691
8414	0.026874553410206586
8476	0.1653409642739288
8505	0.03211277397225458
8651	0.019261318995730296
8681	0.04904107521126222
8683	0.07735437284417196
8830	0.04514376924188388
8836	0.05248096948709769
8865	0.05608151248258758
8880	0.0287722444987224
8905	0.02920932293045198
8931	0.045915235202109064
8967	0.04127861156508611
9008	0.031511177047229534
9026	0.024734449791094838
9065	0.04441518521278815
9068	0.046485882521096915
9091	0.06449458441279024
9109	0.08537300243357475
9130	0.08312116481167132
9178	0.03247263354374858
9229	0.0826704821369644
9261	0.02449961714764712
9306	0.027839042435652103
9376	0.02866521420023068
9495	0.06569057813172707
9496	0.0476093481423412
9509	0.03874942483214392
9539	0.023967497908640258
9553	0.05265635381079203
9595	0.039953126349175146
9692	0.03764699941542799
9785	0.07405492057113934
9891	0.04252887434233957
9894	0.07809630424528506
9933	0.06156891834918478
9938	0.03532723635070107
9986	0.022895145303758153
9998	0.04009585015131462
10128	0.07962948248895023
10133	0.032330890122635535
10178	0.02678189480013852
10181	0.03874942483214392
10185	0.14652049057324812
10217	0.020065935766929402
10329	0.06807243519880794
10419	0.027542173781224946
10475	0.03414219837953338
10558	0.04342869068992109
10687	0.04020771956720771
10695	0.0965719881089971
10704	0.06295031468929244
10736	0.041848750901512806
10873	0.0163045583624437
10948	0.014154992398461371
10976	0.02389321363765953
11126	0.10630696597404689
11175	0.018259982273738904
11209	0.10675954572514565
11213	0.04441518521278815
11305	0.015180967809912072
11400	0.07101124388531833
11454	0.02184041495816369
11455	0.042444814396173314
11544	0.030978958852871323
11567	0.021041831845034796
11636	0.03594781943168363
11698	0.053153482987023444
11775	0.015925896497790044
11777	0.13528959461272771
11876	0.024590852720212265
11889	0.12439536235617295
12055	0.04193982364991705
12156	0.060319293356988594
12196	0.02051614785334712
12488	0.017510570378857022
12537	0.016758629573029853
12566	0.013841563797535438
12568	0.060319293356988594
12581	0.03883668099660479
12584	0.02521712290083645
12612	0.04432199333751018
12766	0.010436127199234183
12834	0.09923248680019701
12835	0.36321364850527377
