265
t_index	tf-idf
16	0.024442783586717788
34	0.035977079468529356
56	0.031223203765752234
190	0.02620332456637543
231	0.04026274834965395
240	0.03550186838506278
282	0.05476325990471523
381	0.056010500257006386
645	0.04048159567718526
714	0.05205062316152737
738	0.023808734311450534
758	0.02765939181830485
762	0.048951233227573124
841	0.03663624026823392
865	0.031813172694097606
871	0.027128434024757727
977	0.027128434024757727
1023	0.024587574934155438
1105	0.029794091051185412
1175	0.048951233227573124
1240	0.02083238566101607
1346	0.06469898513492556
1368	0.10835621678497107
1374	0.07051101181206766
1488	0.027840840083120395
1507	0.06832805537089112
1510	0.05888695845778343
1528	0.05888695845778343
1555	0.03402280268577772
1561	0.03169322034960869
1627	0.045129318905640155
1654	0.03294046070189984
1665	0.04640431187360398
1691	0.053615910002081484
1715	0.18076492454497659
1716	0.025181824651398465
1737	0.020610145216764627
1797	0.06469898513492556
1830	0.07242508037345576
1840	0.032682179452614486
1906	0.032056131417586946
2057	0.015475451858399804
2069	0.021937802169968868
2076	0.027932432864518738
2121	0.03430665793206489
2157	0.02556614315485246
2219	0.03680587800568269
2282	0.07051101181206766
2294	0.049615083458361124
2349	0.02451499644230152
2535	0.048951233227573124
2631	0.03504190737616606
2642	0.0805254966993079
2727	0.05156467081002932
2762	0.06065404623888727
2778	0.06694283699089393
2801	0.022305366450621415
2909	0.027953510815179897
2918	0.024807541729180562
2991	0.07361175601136538
3061	0.043407143725657286
3127	0.06469898513492556
3167	0.011911639910952421
3187	0.06890144334502367
3214	0.02628500126324267
3231	0.042876185932110164
3305	0.0348918094442946
3359	0.032056131417586946
3701	0.09038246227248829
3900	0.05385251425893345
3936	0.050639561351647024
3981	0.03930123968769768
3988	0.045129318905640155
4011	0.029794091051185412
4087	0.0384303564851331
4119	0.08791705583197607
4130	0.01785953700364435
4200	0.02525786844521952
4216	0.04607477502679607
4236	0.049770554593130144
4237	0.1271032704645836
4243	0.09038246227248829
4260	0.07600295342357566
4298	0.0702032959412175
4330	0.03805311835797384
4353	0.029586345074059155
4426	0.048741865403709145
4429	0.04070383612143671
4436	0.041628945579819006
4454	0.050198473579864275
4516	0.04424238316227521
4598	0.024956084214084278
4644	0.019858365820975093
4708	0.09280618838772003
4753	0.07242508037345576
4765	0.07195415893705871
4836	0.033471418495446964
4856	0.03786815809472906
4949	0.01563041792464214
4955	0.049770554593130144
4968	0.0384303564851331
5021	0.06248935514324544
5167	0.08457043559534619
5178	0.049770554593130144
5240	0.048558490262215
5369	0.017905114852910072
5416	0.04674160323589301
5518	0.0635516352322918
5664	0.05307493178064133
5665	0.050198473579864275
5670	0.09038246227248829
5690	0.03110806883737898
5725	0.029586345074059155
5753	0.05307493178064133
5769	0.01884849610665015
5798	0.04482753467450491
5815	0.09038246227248829
5842	0.02704182215086902
5882	0.03110806883737898
5915	0.04424238316227521
5934	0.04600947094337905
6015	0.04935504081834922
6036	0.11335465693220666
6155	0.03374445954166085
6173	0.031934137306622486
6226	0.18076492454497659
6298	0.030327023119443634
6380	0.09038246227248829
6388	0.021287478535541915
6428	0.16872229770830427
6432	0.09038246227248829
6517	0.043139206550431006
6547	0.03680587800568269
6587	0.03881779146245898
6603	0.036927323355004336
6625	0.021172343607168666
6701	0.03565852810304895
6708	0.016390289570361004
6755	0.027303243770747995
6798	0.021937802169968868
6832	0.06248935514324544
6909	0.037405939530318816
7006	0.05255362991303512
7059	0.06469898513492556
7060	0.06594622548721671
7247	0.07430259529608108
7301	0.09038246227248829
7343	0.3900635989319521
7366	0.02653286141318334
7384	0.06731242271738176
7591	0.021001356830001504
7731	0.04482753467450491
7761	0.06057528658185735
7804	0.06057528658185735
7821	0.01622693485068818
7862	0.048885567173435576
7897	0.07242508037345576
7926	0.039419315588138895
8037	0.02264576551755972
8049	0.044531973244212895
8060	0.0415530033713638
8112	0.025181824651398465
8140	0.03157426347173479
8210	0.056010500257006386
8292	0.03786815809472906
8324	0.08457043559534619
8334	0.06882268368799377
8386	0.04339578656171282
8388	0.1492897233493576
8452	0.06731242271738176
8505	0.011702813011314152
8589	0.08185915311750179
8645	0.023135642514088204
8724	0.022367554060166554
8754	0.03504190737616606
8775	0.032554763311280405
8789	0.08457043559534619
8805	0.051448012322041076
8877	0.009792446948078438
8880	0.031456285673914355
8955	0.043680184771871175
8965	0.03374445954166085
9111	0.048558490262215
9113	0.11415935507392153
9115	0.061500396040239644
9160	0.08457043559534619
9260	0.023334272318497436
9264	0.05888695845778343
9306	0.03043602913158138
9372	0.044531973244212895
9389	0.04048159567718526
9443	0.017192708794547408
9446	0.04744097225696112
9518	0.0635516352322918
9525	0.10990872080470175
9534	0.04211489793131706
9601	0.06057528658185735
9602	0.051094654226172875
9820	0.04902999288460304
9844	0.03054587044697495
9891	0.04068418673999479
9941	0.13022143117697185
9986	0.025030936715860822
9991	0.03921598988802271
9997	0.03402280268577772
9998	0.00876724453494909
10131	0.025030936715860822
10135	0.029794091051185412
10159	0.061500396040239644
10171	0.030880536734351916
10184	0.04482753467450491
10190	0.07260574250834988
10217	0.021937802169968868
10357	0.03459624801400258
10366	0.04482753467450491
10452	0.016680717886357423
10541	0.030880536734351916
10619	0.14452866510318685
10722	0.030218839802029746
10738	0.040929576558750895
10746	0.04211489793131706
10747	0.0384303564851331
10771	0.03805311835797384
10792	0.043139206550431006
10831	0.03921598988802271
10867	0.027480211716240554
10873	0.00891277087643983
10976	0.026122110629480375
10993	0.053615910002081484
11016	0.05208270847663806
11018	0.05255362991303512
11064	0.042876185932110164
11210	0.053615910002081484
11305	0.016597136182973024
11316	0.027749828847110976
11335	0.09038246227248829
11401	0.10646577246627097
11511	0.07242508037345576
11567	0.023004735471689526
11592	0.022819338861310955
11662	0.09038246227248829
11817	0.09711698052443
12055	0.030568141782241123
12068	0.050639561351647024
12193	0.01813520360559729
12257	0.05476325990471523
12262	0.029689841707920668
12329	0.05876313399657545
12383	0.06882268368799377
12420	0.06890144334502367
12489	0.09805998576920608
12581	0.021229795473726904
12591	0.031456285673914355
12621	0.14926942073027172
12649	0.030327023119443634
12685	0.04780388332493938
12698	0.033882955512949724
12719	0.05273429204792924
12737	0.03534690231882044
12748	0.04292386737821271
12766	0.022819338861310955
12790	0.04395852791598803
12829	0.03653547460349534
12867	0.038240496470851974
12868	0.09163761134092484
