33
t_index	tf-idf
17	0.1454282608986518
44	0.10423334261709537
222	0.16134690269018673
434	0.20834706457769067
1706	0.16746836952364097
2640	0.13342091262103736
2914	0.19373080521494387
3022	0.3718618447938895
3193	0.09683323618389701
3439	0.15073300228737593
4949	0.06430844987198517
5934	0.18929741802579417
6026	0.2901044546857901
6554	0.04529483960037356
7340	0.10237080391048366
7417	0.17534344891851184
7968	0.17859062629199643
8105	0.11090434370661462
8259	0.22059269799010614
8454	0.18567619602958493
9178	0.14606583998008457
9266	0.30707064605480533
9443	0.07073620532786261
9845	0.11492280419697226
9894	0.17564331922077583
9926	0.25710083902661124
11089	0.16746836952364097
11146	0.22531325594670593
11372	0.13039586541837483
11623	0.0731064822292113
11660	0.09545845387045766
11876	0.03687087829987884
12581	0.08734604823728165
