249
t_index	tf-idf
17	0.05911813255418508
176	0.034419409630642925
191	0.03213762394651194
279	0.037739672816013224
434	0.04234764723468361
554	0.05598136259699458
598	0.08395756970002022
607	0.02591880038989669
738	0.019910201723989114
748	0.03607542901677184
863	0.026603962963077626
871	0.045372642394441415
872	0.009936078903584207
977	0.045372642394441415
1202	0.10131291815484599
1206	0.027224122715863223
1225	0.04197878485001011
1357	0.06727408276290175
1397	0.08121467725968834
1398	0.1345481655258035
1454	0.12936382726968587
1513	0.06459924279559111
1706	0.06807767078388846
1716	0.08423382814538521
1782	0.048596476017582
1786	0.0435276564242617
1879	0.025824040357756588
1916	0.1211318452504312
2245	0.03542732082129224
2460	0.06459924279559111
2531	0.044836637252207254
2615	0.016961880351677713
2668	0.04234764723468361
2757	0.097192952035164
2769	0.05896527092016237
2870	0.06727408276290175
2878	0.03908795558618646
2891	0.036941109821497654
2917	0.03422761223263607
2952	0.048596476017582
3133	0.028219013566728495
3181	0.022613891480535286
3187	0.02880962965372034
3343	0.031215085663221454
3388	0.03501393221323435
3439	0.030637283133453135
3592	0.09367825640712099
3635	0.03748730388113323
3819	0.0412734589724262
3869	0.03182215622313496
3981	0.016432952712832273
4044	0.05755339605580099
4045	0.10820985513322397
4096	0.09985949357248508
4120	0.03629949314123667
4130	0.01493514857984667
4218	0.05225711078247622
4227	0.04394829893973684
4240	0.046839128203560496
4260	0.0211859803841619
4264	0.02743818343355441
4304	0.021510853429042343
4344	0.02743818343355441
4358	0.026603962963077626
4359	0.06845522446527214
4406	0.03699796730006232
4417	0.029430860973273847
4457	0.010847588128503642
4462	0.07558289460564113
4505	0.0973848565472375
4564	0.019402437650217392
4574	0.05514794004629987
4641	0.23021358422320395
4744	0.0973848565472375
4769	0.03629949314123667
4848	0.05514794004629987
4859	0.018653001026845202
4895	0.016134857168502836
4902	0.054104927566611984
4920	0.022399191741512753
4949	0.09149723747899818
4955	0.041620934943503156
4990	0.013569874904431543
5041	0.08679398087793394
5065	0.05514794004629987
5195	0.026110597787903544
5304	0.03699796730006232
5333	0.030779143743447077
5362	0.022759191218838914
5414	0.019852709615501365
5450	0.026603962963077626
5515	0.018968468750222178
5578	0.09500244616775244
5934	0.05771355812409514
5978	0.04965662851499909
6071	0.10628196246387671
6155	0.028219013566728495
6460	0.2494764096789822
6544	0.02691003273878294
6554	0.01841283334455566
6569	0.036527825409467876
6601	0.021643308717532818
6606	0.05065645907742299
6612	0.019795491933397056
6614	0.020622515116571934
6620	0.0260143154900123
6645	0.05755339605580099
6692	0.03799746945378931
6701	0.08945899581534517
6742	0.0492445842130616
6799	0.03366997300727073
6805	0.019129371590815028
6828	0.02527069219441709
6841	0.036760591589952776
6947	0.02620765970802791
6952	0.03724013880205069
6959	0.016519502414760166
6983	0.07558289460564113
7001	0.013809967541488628
7165	0.028689155457322944
7215	0.019347324534091572
7222	0.08057532834968524
7296	0.04409937877046512
7340	0.02080740950163754
7483	0.02691003273878294
7501	0.01669449941528502
7591	0.052687544683344155
7610	0.05629043095285173
7667	0.0492445842130616
7738	0.0553122727536619
7743	0.037306002053690404
7755	0.03348971274359164
7804	0.05065645907742299
7832	0.018244890746323586
7894	0.03967280726737297
7968	0.1814974657061833
7975	0.024152807006339788
8012	0.11321901844803968
8019	0.05225711078247622
8039	0.054104927566611984
8049	0.03724013880205069
8089	0.05657718903977743
8105	0.022541896779786515
8386	0.07257999128490743
8521	0.03542732082129224
8651	0.07043995418862925
8663	0.0959632382202247
8674	0.05755339605580099
8749	0.0605659226252156
8761	0.022118779384228012
8775	0.027224122715863223
8792	0.036760591589952776
8874	0.034419409630642925
8884	0.07558289460564113
8888	0.06241373940935136
8896	0.05065645907742299
8901	0.10451422156495244
8933	0.08606746637196883
8944	0.04798161911011235
8985	0.04394829893973684
9014	0.04992974678624254
9157	0.07558289460564113
9178	0.11875463044419973
9266	0.1872412182280541
9267	0.037739672816013224
9276	0.05598136259699458
9280	0.028569880029029073
9329	0.05090463623642117
9351	0.07558289460564113
9415	0.05755339605580099
9420	0.03197885233210324
9443	0.014377509354481328
9510	0.03166748205591748
9514	0.05402763528747857
9515	0.03699796730006232
9527	0.04197878485001011
9580	0.018396308527755586
9652	0.020261068186289696
9670	0.03521884458152232
9728	0.07448027760410138
9774	0.06459924279559111
9844	0.025544173599417852
9845	0.18686936170542487
9883	0.07127897419399493
9894	0.03570043732829625
9943	0.05514794004629987
9960	0.04060733862984417
9998	0.021994987844073596
10087	0.08570964008708722
10088	0.11510679211160198
10106	0.06241373940935136
10116	0.0439619906392736
10118	0.06459924279559111
10128	0.01456052178936783
10131	0.020932276064482305
10173	0.03542732082129224
10209	0.021058457036346304
10211	0.02014296790447401
10329	0.020745460621429006
10342	0.03853031636082112
10452	0.013949353782263092
10483	0.044836637252207254
10558	0.019852709615501365
10649	0.051430087599301344
10660	0.054448245431726446
10695	0.029430860973273847
10722	0.02527069219441709
10941	0.048596476017582
10948	0.03882432777484133
11062	0.05629043095285173
11089	0.34038835391944233
11146	0.045796115723872606
11194	0.03629949314123667
11305	0.027758916128908576
11437	0.051648080715513175
11481	0.053410240740989934
11493	0.043121275756561966
11514	0.022470331900707696
11516	0.01880969713581348
11519	0.024485802909248244
11541	0.05598136259699458
11544	0.01416152005796832
11592	0.019082813642817487
11623	0.04457784216379317
11699	0.028689155457322944
11746	0.0322985267871048
11775	0.01456052178936783
11857	0.021445170625571622
11876	0.029976807220991403
11879	0.045796115723872606
11975	0.05896527092016237
12052	0.03461432582186138
12157	0.048596476017582
12188	0.015204532537656206
12193	0.030331352970695433
12202	0.03967280726737297
12309	0.17713660410646118
12391	0.06459924279559111
12517	0.03563948709699746
12525	0.027013817643739287
12537	0.015321862169071982
12581	0.03550709625396979
12584	0.02305518358189421
12596	0.0605659226252156
12748	0.03589535029852258
12753	0.04630628129652869
12763	0.044384240859511224
12766	0.019082813642817487
12829	0.022914762916043326
