189
t_index	tf-idf
15	0.03731826591019884
190	0.021555342785835423
277	0.1148886973696561
278	0.02351908819642521
319	0.02521865716058938
355	0.022977739473931218
393	0.09568628348602054
433	0.021622531557784132
452	0.05059137113513886
598	0.04129419923791568
639	0.026071433298180447
726	0.4793875432931361
738	0.019585508246489913
872	0.01954808474586697
880	0.028950905585192862
950	0.03663283053175717
1235	0.06386447636007889
1247	0.0635457651323365
1301	0.012448510624061757
1309	0.05059137113513886
1351	0.04203141412758666
1446	0.06200167724161141
1465	0.15426257341529304
1497	0.022977739473931218
1561	0.052142866596360894
1654	0.027097436439952036
1840	0.08065490842256955
1877	0.06617698409053935
1894	0.058408996204980065
1895	0.03639460833717522
2069	0.01804644462360807
2105	0.04719913990769756
2106	0.044105446083448324
2139	0.04241805852281939
2157	0.021031185490170554
2454	0.05800367147821989
2601	0.13987147777881032
2615	0.01668526778930091
2712	0.033858101515267185
2754	0.04323159469882879
2793	0.044105446083448324
2813	0.021095445036523917
2853	0.04060037574062594
2878	0.038450513313950635
2892	0.03527074905227152
2914	0.03873466194467584
2918	0.02040714582960152
3010	0.0613959027056612
3091	0.05059137113513886
3214	0.021622531557784132
3231	0.03527074905227152
3241	0.025876526421402084
3426	0.04241805852281939
3557	0.04241805852281939
3671	0.03712421819751233
3710	0.04094218511008024
3715	0.03663283053175717
3809	0.020715037931874826
4078	0.036875964868702774
4086	0.1323539681810787
4219	0.01871165686187037
4288	0.032596729329931344
4295	0.0635457651323365
4334	0.04241805852281939
4349	0.04719913990769756
4358	0.0523402166613783
4383	0.15683627608730338
4413	0.039630657181011476
4426	0.10023991556268139
4436	0.03424474591049992
4587	0.01288995887744066
4596	0.04983035886590042
4617	0.028702652256383306
4620	0.016553024187432323
4645	0.034644499364974345
4695	0.03225980362075534
4737	0.030277200701631153
4798	0.13857799745989738
4889	0.03348373364126147
4895	0.015871731613291508
4949	0.012857872877851086
4970	0.05892700599820111
5089	0.0522787586957678
5152	0.04844150870846356
5223	0.03932436469857016
5252	0.029728655398154898
5450	0.02617010833068915
5544	0.015748258259185667
5797	0.030852514683058607
5858	0.03348373364126147
6114	0.0635457651323365
6149	0.05322259009334172
6208	0.04844150870846356
6251	0.42418058522819385
6345	0.127091530264673
6353	0.02647118675265487
6382	0.07435029670285884
6450	0.04911549772239972
6554	0.027168838189861357
6708	0.013482957445086693
6726	0.02275313082433658
6755	0.022460156807694236
6798	0.01804644462360807
6810	0.044567920949494695
6824	0.030852514683058607
6828	0.024858580401620384
6934	0.05059137113513886
6959	0.01625010410529239
7025	0.04323159469882879
7109	0.193558821724532
7215	0.019031810398656625
7377	0.02657327914428717
7416	0.023053569944744855
7481	0.019585508246489913
7574	0.019305409623557698
7591	0.01727610724706399
7769	0.03883330387029644
7854	0.11322964264156607
7928	0.04719913990769756
8060	0.01709113721775759
8103	0.11375072873704675
8109	0.03145734456869201
8431	0.035058282086509324
8509	0.0284595179194377
8558	0.11797309409571048
8645	0.019031810398656625
8665	0.09979029605310692
8666	0.03527074905227152
8709	0.06195843899450902
8890	0.03817305115778701
8929	0.03348373364126147
9096	0.12497113876074283
9099	0.043660427323585396
9105	0.06617698409053935
9165	0.08646318939765758
9260	0.019195206974945214
9261	0.022033908076357297
9269	0.03444292868605569
9447	0.0613959027056612
9580	0.018096303461416736
9652	0.01993065281539325
9830	0.05059137113513886
9845	0.022977739473931218
9886	0.04241805852281939
9891	0.02868648830926899
9934	0.2101570706379333
9983	0.04983035886590042
9986	0.041181829412081115
10090	0.04844150870846356
10116	0.043245063115568264
10132	0.033858101515267185
10159	0.05059137113513886
10161	0.04203141412758666
10209	0.06214511379562448
10211	0.03962895700112627
10217	0.05413933387082421
10367	0.06230210417250138
10369	0.07435029670285884
10419	0.0247702534150355
10479	0.08120075148125187
10484	0.06956921531798067
10732	0.0635457651323365
10867	0.02260573393541841
10948	0.02546078981150015
10976	0.021488534688858047
11012	0.04911549772239972
11032	0.029863417980096178
11146	0.045049277481022255
11429	0.07805165459075616
11519	0.024086491008435865
11544	0.027861150953984424
11612	0.07232220745040416
11660	0.019086024735876093
11663	0.02096727423575128
11689	0.04094218511008024
11718	0.03737781071480951
11876	0.022115961449154068
11889	0.011187586984575802
12188	0.014956578618763802
12240	0.05537245252001703
12329	0.07250947260094409
12537	0.045215984552639255
12665	0.045049277481022255
12666	0.04625978246216655
12674	0.029863417980096178
12719	0.021690105367776703
12739	0.014432421323098937
12829	0.04508214274070236
12841	0.04323159469882879
