35
t_index	tf-idf
393	0.10305026970295567
433	0.09314637908434843
722	0.1632755660877061
764	0.09285694068970805
901	0.10863790826716703
1273	0.09521998539823313
1813	0.27374490874962887
1944	0.18864182471087038
2237	0.12923403587224663
2430	0.08175349235748021
3077	0.11403360376586988
3115	0.09865981813877735
3817	0.11581611300331275
3889	0.27237195217613996
3902	0.16444334857124565
4304	0.09115411194048431
4369	0.1316533645763629
5113	0.19406502270603335
6385	0.18445222916386791
6933	0.14752084304755217
7261	0.3497997428836573
7726	0.060466247957669195
7845	0.28507977570911097
8777	0.07774117325453278
9085	0.12692471544247252
9156	0.13755893266155886
9522	0.12157279099415057
9891	0.020596127605079624
9923	0.3177114200140686
9998	0.031068557874469164
10145	0.28507977570911097
10211	0.08535757808191016
10256	0.22927433540503234
10880	0.11147190295422946
11046	0.12312000606040309
