41
t_index	tf-idf
604	0.09835814482480598
735	0.1845040513636147
977	0.09238613405359433
1745	0.20054008399910972
2167	0.09092885196954859
2429	0.16279656868913844
2493	0.13597094456435058
2506	0.0701880409728909
2810	0.25416919939248894
2891	0.05014543483990901
3167	0.040565200357937835
4429	0.13861729198886813
4620	0.06852686775230415
4673	0.13494523626962424
4709	0.12711805777175128
4737	0.12534275941950937
5369	0.06097603494312738
6237	0.22458048343780032
6356	0.20054008399910972
6774	0.24012590566706815
7268	0.15473814710360345
7334	0.40108016799821944
7584	0.09639216136868756
7757	0.109586471529654
7811	0.04891576466859454
8370	0.36270582763261033
8581	0.26306928535444146
8877	0.033348269038760515
8880	0.10712467304401896
8917	0.09937164817504981
9306	0.1036501799124578
9327	0.12476505652894858
9465	0.20054008399910972
9495	0.09783152933718908
10128	0.059295216100864176
10209	0.08575693775155094
11592	0.07771147044947413
11876	0.030518845545091617
12698	0.1153887197209608
12829	0.03110547453043003
12850	0.12090194254420343
