346
t_index	tf-idf
15	0.08456902161283204
185	0.025155025208902275
192	0.0646879015446129
193	0.04276601043400781
222	0.024368585223067948
240	0.02206065198889116
272	0.02993642051622185
320	0.01898102404976504
553	0.03119303592722659
554	0.02079894238223442
642	0.03611042167535909
661	0.029705051641528698
726	0.11142226445640128
764	0.016282591607319107
836	0.04637756959151204
863	0.01976851820458748
902	0.010058124585961406
918	0.015935191553997516
950	0.027671905981504194
974	0.056163129908153524
983	0.01267103244981487
1006	0.02177483492609119
1077	0.03440865430716564
1123	0.01603307386708839
1207	0.024623093990524165
1208	0.025155025208902275
1234	0.03402956727323757
1235	0.14472688239545628
1273	0.033393909460688556
1301	0.018806846787346496
1475	0.019995948454031964
1488	0.017300134108167293
1490	0.01758841819794737
1491	0.03146712527160456
1511	0.011742692749239957
1561	0.019693980523969666
1716	0.015647837574473043
1784	0.04182754315888563
1835	0.052551570750649285
1840	0.020308513887848517
1848	0.048001544318022865
2060	0.04637756959151204
2069	0.01363202110445683
2086	0.028234653148028404
2120	0.05203537212348025
2186	0.03710113074748077
2223	0.03402956727323757
2244	0.030173959949426225
2264	0.02276554399821287
2269	0.026482515046985757
2270	0.043815127589879044
2271	0.02131795525048048
2406	0.048001544318022865
2451	0.02664300949460017
2464	0.015695090740227756
2477	0.048001544318022865
2483	0.040203568432374805
2532	0.03764112643074181
2634	0.022256422525602667
2657	0.03440865430716564
2658	0.052551570750649285
2664	0.020883371458488103
2681	0.03440865430716564
2712	0.025575916145231515
2765	0.03821598400138139
2836	0.04182754315888563
2891	0.018299805008184938
2892	0.02664300949460017
2918	0.030830520740570872
2983	0.052551570750649285
3007	0.04998912874901628
3052	0.04182754315888563
3162	0.19901296579317937
3187	0.021407475610585112
3219	0.052551570750649285
3238	0.018070005797458842
3260	0.04998912874901628
3263	0.03146712527160456
3289	0.04637756959151204
3303	0.056163129908153524
3349	0.029705051641528698
3390	0.021497904822366954
3393	0.056163129908153524
3432	0.01904980586533298
3640	0.028835366181974454
3671	0.028043093058502236
3710	0.030927129588343528
3808	0.01598399825613965
3812	0.03402956727323757
3910	0.04500451852439748
3944	0.035218958207756
3946	0.020308513887848517
3978	0.056163129908153524
3981	0.03663233841998663
4025	0.04637756959151204
4059	0.022256422525602667
4098	0.027142609639895697
4134	0.04532273004567443
4138	0.021964356987727276
4193	0.033316610799032934
4200	0.03139018148045551
4271	0.03366595756875496
4276	0.019995948454031964
4278	0.04500451852439748
4319	0.04637756959151204
4321	0.04276601043400781
4323	0.03366595756875496
4406	0.027491956409617723
4426	0.0757197704567162
4430	0.014458446639954606
4457	0.016120962406375575
4461	0.04097859624386807
4467	0.032656516206123
4487	0.04998912874901628
4553	0.028234653148028404
4628	0.04637756959151204
4636	0.026169949613169204
4644	0.024679743200723817
4783	0.02399995879028899
4798	0.05233989922633841
4921	0.03999189690806393
4927	0.04637756959151204
5012	0.04977017874794919
5041	0.021497904822366954
5122	0.03298045011736633
5152	0.036592009274870566
5240	0.030173959949426225
5241	0.048001544318022865
5400	0.043815127589879044
5436	0.4096343829289693
5469	0.018194584063930708
5479	0.056163129908153524
5515	0.014094836935472007
5599	0.040203568432374805
5683	0.03234395077230645
5735	0.04998912874901628
5769	0.011712344505725473
5780	0.028835366181974454
5858	0.02529312411246732
5882	0.01933037081948706
5893	0.048001544318022865
5896	0.02412114706590938
5946	0.019620061420445378
5955	0.04637756959151204
5974	0.052551570750649285
5978	0.018449092831386925
6019	0.017020888641587614
6230	0.03611042167535909
6323	0.02399995879028899
6351	0.035218958207756
6353	0.019995948454031964
6450	0.18550565373740383
6496	0.036592009274870566
6554	0.05472785113632198
6577	0.040203568432374805
6607	0.038830517365260234
6625	0.013156369660349823
6629	0.03949061195817017
6631	0.04637756959151204
6696	0.037289726736196856
6708	0.01018482943734363
6724	0.02904495704861876
6760	0.0143355867492679
6765	0.043815127589879044
6780	0.03565354199974838
6805	0.01421439847364751
6842	0.026169949613169204
6868	0.056163129908153524
6934	0.03821598400138139
6958	0.060754407232633145
7025	0.032656516206123
7083	0.029259598780640668
7105	0.04097859624386807
7109	0.048737170446135895
7133	0.012503913084933555
7198	0.03234395077230645
7215	0.028752704083452554
7340	0.015461292518497935
7356	0.02785556611410032
7472	0.020388399632784753
7481	0.014794607321621215
7486	0.03119303592722659
7545	0.056163129908153524
7551	0.05031005041780455
7555	0.03565354199974838
7575	0.02993642051622185
7591	0.013050119483742949
7700	0.016966074924883615
7784	0.029705051641528698
7803	0.023085597621503428
7811	0.008925527898195871
7819	0.052551570750649285
7832	0.013557170236628672
7928	0.03565354199974838
7958	0.030173959949426225
7975	0.017947145906772138
8023	0.023645983700974784
8060	0.02582079164190042
8062	0.08365508631777126
8089	0.00525507794200373
8098	0.027315570430839292
8103	0.09820073337799747
8167	0.015278574298962982
8168	0.03440865430716564
8267	0.056163129908153524
8397	0.02904495704861876
8407	0.022977630228609235
8414	0.054772598225582274
8442	0.033316610799032934
8482	0.04998912874901628
8522	0.04637756959151204
8539	0.020229338247815972
8558	0.029705051641528698
8589	0.05086679578222904
8596	0.031749917304368755
8598	0.05115183229046303
8614	0.03366595756875496
8665	0.03769006721790422
8666	0.13321504747300084
8709	0.015600833766953948
8773	0.033316610799032934
8775	0.020229338247815972
8776	0.03565354199974838
8805	0.021312994629774994
8811	0.02947954084061114
8944	0.03565354199974838
9008	0.021407475610585112
9026	0.016803629069471995
9064	0.056163129908153524
9068	0.015790355828590036
9109	0.014499779432706557
9111	0.030173959949426225
9123	0.056163129908153524
9139	0.021054669061889804
9215	0.08713487114585629
9261	0.033288185698099174
9269	0.026017686061740125
9273	0.048001544318022865
9307	0.018070005797458842
9327	0.02276554399821287
9355	0.056163129908153524
9364	0.025867981683106906
9366	0.056163129908153524
9580	0.013669683743465642
9587	0.03066893177512958
9656	0.04276601043400781
9686	0.056163129908153524
9718	0.033316610799032934
9783	0.02015086019958037
9814	0.04637756959151204
9826	0.012945121794192837
9844	0.01898102404976504
9847	0.052551570750649285
9886	0.12816793136897656
9891	0.010834677472512712
9934	0.2222494211305813
9976	0.03204198284224414
9986	0.031108153399436213
9996	0.048001544318022865
9998	0.005447914134806395
10023	0.02177483492609119
10026	0.023194889800724854
10038	0.02664300949460017
10101	0.17609479103877998
10116	0.04900003507758503
10132	0.10230366458092606
10135	0.037027745518998297
10152	0.031749917304368755
10194	0.09440137581481368
10228	0.013192069911967757
10268	0.032656516206123
10281	0.056163129908153524
10367	0.023531050482391458
10419	0.01871108821483735
10452	0.010365299882938895
10460	0.026972943541371662
10473	0.22284452891280257
10476	0.022977630228609235
10479	0.03066893177512958
10503	0.05203537212348025
10535	0.031749917304368755
10570	0.030173959949426225
10690	0.026324861358717616
10696	0.01933037081948706
10757	0.03611042167535909
10783	0.061854259176687056
10814	0.043815127589879044
10849	0.056163129908153524
10861	0.02947954084061114
10867	0.03415208352854471
10901	0.056163129908153524
10916	0.03764112643074181
10920	0.018513872759499148
11008	0.035218958207756
11012	0.03710113074748077
11017	0.03611042167535909
11116	0.048737170446135895
11180	0.02785556611410032
11186	0.0646879015446129
11261	0.08195719248773614
11308	0.03764112643074181
11429	0.05895908168122228
11430	0.03611042167535909
11519	0.036389168127861415
11540	0.056163129908153524
11541	0.02079894238223442
11544	0.021045907142414076
11592	0.021269704221303788
11612	0.10926228172335717
11660	0.028834609522950933
11663	0.06335349280063332
11686	0.02993642051622185
11696	0.054285219279791394
11723	0.056163129908153524
11775	0.010819438459634376
11843	0.052551570750649285
11876	0.011137383180205431
11889	0.01690188012791988
12030	0.03949061195817017
12193	0.011269108745248326
12290	0.15086979974713113
12329	0.018257532741860757
12343	0.04097859624386807
12385	0.0598728410324437
12461	0.056163129908153524
12488	0.02379200927664321
12517	0.052965030093971514
12520	0.02131795525048048
12534	0.025720751870638988
12537	0.011385165121371093
12551	0.02376241935708461
12566	0.018806846787346496
12581	0.03957620973590327
12651	0.035218958207756
12659	0.21684006956950613
12665	0.03402956727323757
12666	0.05241594762551263
12674	0.022558390455664965
12718	0.08286122431585856
12719	0.03276877859305546
12739	0.010902040605135117
12754	0.04182754315888563
12829	0.08513598302784685
12839	0.016803629069471995
12855	0.04511678091132993
12860	0.03764112643074181
