297
t_index	tf-idf
67	0.019833034211879323
82	0.018960727048595354
173	0.03255199047750471
178	0.022861009513527368
180	0.02405156049257964
181	0.022405364874998526
183	0.023868969102554382
185	0.040734998060629066
222	0.019730734983534226
258	0.025943724923710443
267	0.025707245551892514
433	0.01322476865808506
469	0.046441064754879
561	0.21285716741420319
575	0.038865848840610034
612	0.015258430495261124
738	0.011978884846053146
758	0.013916265567464023
854	0.036530116103291536
858	0.030299955409065552
872	0.005977997945843328
931	0.033866888927924825
1022	0.01755511073944906
1032	0.07974722168799284
1072	0.038865848840610034
1116	0.012556150826763842
1148	0.596811346632986
1165	0.028867929015239602
1171	0.04783741529502004
1203	0.009171193380280822
1211	0.02106597752269335
1225	0.02525635032063156
1336	0.045474114394404304
1368	0.027258623374130556
1387	0.021572288858366453
1475	0.01619030223048971
1490	0.014240975217336789
1511	0.009507813297630292
1521	0.11659754652183013
1596	0.05981041626599463
1638	0.0421319550453867
1772	0.045474114394404304
1996	0.01726070354876012
2069	0.01103756304438098
2076	0.04216092200162762
2146	0.14104256332052598
2167	0.04030147811977186
2260	0.02962778638597555
2264	0.01843278595260917
2294	0.012481414669094493
2349	0.02466845280746394
2385	0.031440259678358805
2421	0.03462674629866077
2436	0.0207082856392073
2451	0.021572288858366453
2493	0.010044171768347784
2571	0.03643921959104402
2587	0.055106061129638985
2635	0.037560836580464045
2640	0.016315731038492848
2653	0.033179514324845935
2696	0.022554070652134273
2716	0.06426807044003252
2759	0.028867929015239602
2762	0.015258430495261124
2795	0.038865848840610034
2809	0.022554070652134273
2814	0.024831994124564542
2817	0.03462674629866077
2870	0.04047515448171908
2899	0.027859969426212577
2907	0.024628826473290337
2918	0.04992565867637797
2955	0.018348434410031828
2983	0.04254991030287514
2991	0.037036271522918426
2992	0.05052140897697954
3000	0.015826596191261977
3181	0.013605547835313462
3193	0.023683019492615927
3202	0.022405364874998526
3218	0.022405364874998526
3238	0.0292618132958398
3241	0.015826596191261977
3263	0.02547827474366343
3294	0.0380091827352027
3369	0.01802056091949607
3378	0.016908830120350167
3433	0.012518685939001612
3522	0.019239935130022007
3563	0.02504105150640343
3572	0.03755095039018992
3587	0.02405156049257964
3672	0.0218394295716784
3679	0.045474114394404304
3825	0.023690886605877388
3871	0.012785121634992928
3881	0.016315731038492848
3900	0.0270948072476053
3946	0.032886759880606305
3992	0.04541181461220959
4011	0.014990296465416292
4130	0.02695699834840738
4132	0.045474114394404304
4135	0.022861009513527368
4260	0.01274645143684507
4276	0.01619030223048971
4277	0.030040011419088648
4280	0.022705907306104795
4353	0.05954309305510563
4366	0.023868969102554382
4416	0.03047723465634865
4421	0.020592891582615274
4457	0.019579210323951008
4472	0.011316771125807633
4478	0.023347394322717045
4527	0.02405156049257964
4555	0.030040011419088648
4620	0.01012415751992144
4635	0.03047723465634865
4859	0.011222495604586068
4895	0.009707465484698585
4920	0.01347637468649851
4921	0.01619030223048971
4987	0.03810520115978884
4992	0.03792145409719071
5091	0.025037371878003225
5223	0.02405156049257964
5278	0.030040011419088648
5332	0.09174217205015914
5342	0.025943724923710443
5369	0.01801719538490648
5414	0.011944294973148858
5548	0.018966481916197875
5817	0.03755095039018992
5857	0.013871049277183951
5885	0.017862049600842148
5905	0.04047515448171908
5946	0.01588595434260235
5978	0.014937845509312993
6019	0.013781458377546803
6071	0.021314690951178068
6102	0.021314690951178068
6168	0.015043131681033
6172	0.03094268483639566
6180	0.06188536967279132
6213	0.12287588898586929
6215	0.09094822878880861
6218	0.05451724674826111
6219	0.03197472449679401
6244	0.09094822878880861
6246	0.01704752621555204
6298	0.015258430495261124
6309	0.045474114394404304
6348	0.013415485287411055
6545	0.02504105150640343
6580	0.060599910818131104
6603	0.009289619270727544
6620	0.015651397907651073
6634	0.024431225765307308
6635	0.057735858030479204
6646	0.033866888927924825
6682	0.025943724923710443
6745	0.026188222055860147
6797	0.03462674629866077
6836	0.04051478081589269
6958	0.012297893960766861
6959	0.009938885596627773
7006	0.02644129976567359
7133	0.01012415751992144
7146	0.09094822878880861
7170	0.039666068423758645
7195	0.020042091593718215
7206	0.024097132605733644
7222	0.024238895042707223
7374	0.09547587641021753
7421	0.18037882434346397
7632	0.0218394295716784
7655	0.033866888927924825
7672	0.045474114394404304
7700	0.013737076854867135
7811	0.007226813700318401
7832	0.010976957858528546
7878	0.022554070652134273
7901	0.20739450470182888
7902	0.1547134241819783
7946	0.01860450774799868
7994	0.024431225765307308
8002	0.03755095039018992
8014	0.028867929015239602
8021	0.016379273076636936
8035	0.015424230318502673
8036	0.007923164004214374
8041	0.020367499030314533
8089	0.008509853915798083
8103	0.009938885596627773
8111	0.023347394322717045
8112	0.0380091827352027
8131	0.015204000239346946
8199	0.04047515448171908
8214	0.04047515448171908
8407	0.01860450774799868
8492	0.028867929015239602
8539	0.016379273076636936
8543	0.02644129976567359
8565	0.030040011419088648
8574	0.033866888927924825
8653	0.015593931669930056
8719	0.03542271293795956
8769	0.03255199047750471
8877	0.009853744665099721
8927	0.045722019027054736
8936	0.02547827474366343
8965	0.01697784475873836
9096	0.02547827474366343
9121	0.04047515448171908
9139	0.01704752621555204
9142	0.045474114394404304
9178	0.017862049600842148
9260	0.02348033771247513
9299	0.02962778638597555
9327	0.01843278595260917
9339	0.018518135761459213
9364	0.02094476501102523
9422	0.023517095674144433
9443	0.008650164941466865
9449	0.021572288858366453
9468	0.045474114394404304
9476	0.023690886605877388
9538	0.022116847414874276
9556	0.03755095039018992
9589	0.031440259678358805
9593	0.05451724674826111
9629	0.024831994124564542
9652	0.012189982101947678
9704	0.017862049600842148
9751	0.09094822878880861
9891	0.020469428640704102
10085	0.04254991030287514
10102	0.01905260057989442
10116	0.01322476865808506
10167	0.12339384254802138
10179	0.03511022147889812
10185	0.020148937617217994
10216	0.023868969102554382
10263	0.03643921959104402
10318	0.12377073934558264
10375	0.012631669576227742
10403	0.013961767135910137
10452	0.016785134068556952
10477	0.013433826039923954
10505	0.04047515448171908
10532	0.02644129976567359
10626	0.03197472449679401
10687	0.04423369482974855
10821	0.042884679705976744
10831	0.019730734983534226
10861	0.023868969102554382
10867	0.013826114710167085
10873	0.013452843136241162
10874	0.038865848840610034
10948	0.007786161722307712
10984	0.01726070354876012
11115	0.02525635032063156
11127	0.017480374581779708
11175	0.020088343536695568
11180	0.022554070652134273
11457	0.026975764584108795
11516	0.011316771125807633
11544	0.00852021593608878
11563	0.03643921959104402
11592	0.005740545232411721
11636	0.009886813351091192
11811	0.1364223431832129
11833	0.01364912485415208
11857	0.03870717629919847
11876	0.009017706769890154
11889	0.013685099667245496
12017	0.038865848840610034
12160	0.045474114394404304
12167	0.03755095039018992
12170	0.023690886605877388
12325	0.04047515448171908
12339	0.0207082856392073
12434	0.10290471750525544
12435	0.020257390407946343
12537	0.009218330637467714
12571	0.031440259678358805
12612	0.012189982101947678
12624	0.33690936716246284
12647	0.022861009513527368
12649	0.015258430495261124
12690	0.019145659608800436
12737	0.017784081547678146
12739	0.00882715479748187
12829	0.004595521934787239
12855	0.018265058051645768
