94
t_index	tf-idf
191	0.07822604270175551
289	0.1251857397856766
393	0.059192693915838535
395	0.09964157533238313
433	0.05350383965419511
578	0.09378646591827068
738	0.04846333048309819
872	0.0241853639800322
890	0.1824953480730171
902	0.0988434918047302
972	0.11401090662654297
1075	0.05156869745468157
1157	0.050048681892293286
1170	0.07745816416658484
1273	0.054694931576550435
1944	0.05417849862024936
1981	0.07423280648313514
2057	0.09450211774947723
2109	0.056118516364985147
2199	0.06151127569335897
2407	0.09378646591827068
2430	0.04695969708392111
2431	0.0786176955663232
2584	0.147790976543453
2615	0.04128683498508667
2640	0.06600903803264707
2716	0.06500281072224674
2909	0.028450068262288637
3115	0.11334158432995235
3181	0.05504436928982163
3388	0.08522725143051904
3442	0.09005658211415321
3785	0.10697435240549272
3809	0.0512582934600273
3817	0.06652547098894815
3889	0.07822604270175551
3939	0.12951316788380726
4011	0.06064668798301806
4121	0.11028102282242551
4283	0.12153376711013401
4298	0.04763357692875034
4304	0.05235946943968467
4970	0.04860394617845642
5369	0.07289270291340777
5484	0.07160607503270523
5531	0.0732323301731111
5858	0.08285377274063396
6173	0.06500281072224674
6348	0.027137713795168533
6517	0.17562207183997083
6612	0.04818411590917392
6711	0.3442908737391954
6959	0.040210044882581834
7001	0.03361477850410896
7103	0.08195592650587295
7170	0.08023909602984391
7261	0.10046353673811621
7300	0.13169655545305312
7321	0.06022381535928679
7377	0.06575420933587532
7574	0.047770240880306944
7591	0.04274883676434396
7821	0.03303037012002732
8175	0.18397597628199544
8865	0.062402267070737434
9260	0.04749755010748634
9276	0.06813198866698192
9495	0.1169509399912829
9509	0.08623347874091937
9635	0.14352709486545084
9652	0.098634745851888
9764	0.10130932640186172
9891	0.011830539412397712
9923	0.27374302210952556
9938	0.23585308669896954
9962	0.11401090662654297
10001	0.11028102282242551
10205	0.09656739778152974
10211	0.04902990557291943
10348	0.09186196410068306
10529	0.32750307114744626
10682	0.08781103591998542
10771	0.07745816416658484
10831	0.07982522100097696
10853	0.06217695552399397
10867	0.05593672325156602
11305	0.033783925066590566
11481	0.06500281072224674
11686	0.09806401815331707
11702	0.13100317395170383
11775	0.035441699148345156
11857	0.05219959122972045
11889	0.027683107250437336
12188	0.07401856550008054
