77
t_index	tf-idf
191	0.06978027511351541
406	0.12803102163993302
819	0.11974246866474171
901	0.05566493220812513
956	0.11346562437558232
1511	0.03431301087518244
1981	0.06621817338492662
2109	0.05005961410883309
2199	0.05487013777279516
2237	0.06621817338492662
2407	0.08366069876054713
2430	0.12566891288071605
2584	0.06591727413475446
2809	0.08139601055893693
2909	0.025378422859887843
3115	0.05055226279628928
3161	0.10551730494134044
3181	0.098202877196228
3193	0.04273515265649082
3257	0.23948493732948342
3442	0.0803335162903169
3495	0.06909530149619642
3817	0.11868593903858089
3889	0.06978027511351541
4483	0.29214381318406063
4670	0.10291238319878081
5054	0.20582476639756161
5424	0.09114834253584292
5548	0.03422433107813823
5594	0.05733126083325852
5705	0.14607190659203032
5764	0.08139601055893693
5782	0.10418226896512497
5858	0.07390836678364116
6523	0.16851811667404784
6614	0.04477757225493973
6768	0.10841222963125481
7133	0.03653735261815745
7261	0.26885061510232283
7584	0.05139465008504858
7821	0.05892841397753641
7935	0.10692453928633001
8060	0.0377251250345324
8386	0.07879630068524533
8505	0.021249490929063936
9250	0.1355186654152288
9276	0.06077603760858811
9495	0.026081048221019143
9514	0.0586549780464108
9750	0.3071191007346522
9923	0.16279202111787386
9924	0.0983744012424142
9938	0.1402592854229994
9963	0.1641127915441276
9997	0.06177721855025872
9998	0.03183841065189605
10223	0.12496542423842733
10256	0.11747778046313152
10475	0.06777717198062971
10512	0.1641127915441276
10699	0.07233045972706023
10948	0.028099694797337017
11046	0.06308540821645749
11404	0.06004964175833608
11446	0.09451140026365326
11553	0.07120679622874922
11592	0.020717212762088395
11765	0.11346562437558232
11775	0.03161519401525944
12008	0.14026403886931957
12327	0.06102274557187547
12411	0.30410236011373254
12590	0.05627737211778472
12646	0.10551730494134044
12737	0.0641814647015316
12739	0.031856563552673564
12742	0.05316591127665193
