271
t_index	tf-idf
3	0.03443435345058175
15	0.058069302068500445
17	0.030163642817104156
34	0.03070141097239734
38	0.05873054531779578
44	0.021619300794128198
56	0.02664464222355202
102	0.03185353304547391
172	0.05169254413069149
189	0.022360876653679425
190	0.022360876653679425
191	0.06558988031798883
250	0.06140282194479468
279	0.03851156867356127
304	0.07104897815352498
324	0.05332593423351863
357	0.09937668535092624
393	0.024815531858369638
395	0.041773038588082706
400	0.060171297495548025
406	0.060171297495548025
410	0.04779713674824902
433	0.02243057630341288
469	0.026256284036121895
554	0.0285631793975028
604	0.04929361683757109
629	0.06369029808910016
631	0.08083266790828048
721	0.03454538623099893
758	0.023603426626198406
764	0.022360876653679425
775	0.03775469293029881
797	0.048962995212923424
872	0.010139303191811022
901	0.026161090906423875
927	0.060171297495548025
1022	0.029775284629674034
1075	0.0648579023823846
1123	0.02201821403910547
1138	0.061804687598375166
1170	0.0324730201213631
1240	0.01777753067126536
1269	0.044847180868662094
1273	0.022929921367644636
1395	0.03851156867356127
1511	0.016126235336503852
1552	0.044847180868662094
1716	0.021489169189892375
1806	0.041773038588082706
1905	0.03295913397237145
1944	0.06814024685855796
1981	0.1867250620663696
1999	0.03042957188673762
2057	0.013206136087391088
2065	0.061804687598375166
2085	0.040793935742319154
2109	0.04705347023670763
2121	0.058551879130884533
2139	0.04400324244161902
2144	0.06592050194263649
2157	0.021817131339492625
2178	0.05744174857777995
2226	0.05627589011310556
2233	0.07394042525635662
2237	0.031120843677728268
2407	0.078636766766785
2419	0.06865005086040456
2430	0.09843527823740572
2453	0.03825403799453057
2506	0.017587879501285868
2537	0.056896643390199335
2581	0.2336639567969355
2584	0.12391771498043881
2596	0.05744174857777995
2615	0.01730880453524218
2698	0.040793935742319154
2941	0.08567476795388927
3009	0.07650807598906113
3115	0.023758267370100464
3128	0.06865005086040456
3164	0.03552448907676249
3178	0.04836618146221424
3181	0.023076417195635274
3193	0.04016885206529254
3216	0.029275939565442267
3317	0.04779713674824902
3365	0.019194415025967186
3433	0.021232986937852222
3442	0.03775469293029881
3480	0.041773038588082706
3584	0.05332593423351863
3815	0.04400324244161902
3817	0.05577934827789806
3889	0.16397470079497206
3902	0.07919919408516961
3946	0.02788967413894903
3968	0.03751246213497934
4070	0.06592050194263649
4100	0.10420511220293527
4144	0.032315182377462615
4264	0.02799938120106705
4330	0.0324730201213631
4430	0.019855779087065237
4516	0.03775469293029881
4529	0.05169254413069149
4572	0.028334532451921773
4640	0.018720849224032252
4663	0.041111674526984644
4670	0.04836618146221424
4713	0.04779713674824902
4875	0.05521154472424364
4917	0.04400324244161902
5113	0.1869311654375484
5216	0.023076417195635274
5252	0.03083963001853596
5369	0.04583854201573177
5450	0.0542961965587956
5484	0.030019631117877477
5498	0.05744174857777995
5499	0.061804687598375166
5531	0.06140282194479468
5544	0.03267355698702621
5548	0.0804227905280762
5594	0.05388844527218699
5857	0.04705347023670763
5858	0.03473503740097843
5882	0.026546390647674195
5934	0.0392626554718227
6063	0.12738059617820033
6067	0.06369029808910016
6348	0.056885128611043535
6385	0.08883586976254128
6388	0.03633177771739097
6391	0.023758267370100464
6473	0.21236107453141864
6523	0.07919919408516961
6542	0.06369029808910016
6612	0.06060111734962969
6777	0.02915422457680944
6805	0.019520627836210513
6814	0.12360937519675033
6834	0.05744174857777995
6920	0.061804687598375166
6933	0.03552448907676249
6958	0.020858500892536918
6985	0.020142261863475532
7001	0.014092425123728847
7033	0.03552448907676249
7051	0.08096848369613377
7097	0.0398874280973577
7182	0.12738059617820033
7261	0.042117631950894026
7278	0.041773038588082706
7281	0.025695930090147413
7300	0.11042308944848728
7321	0.07574343604664342
7416	0.02391509330578394
7591	0.01792172395705016
7726	0.029121750129812236
7754	0.06585245556564326
7755	0.0683493669100079
7779	0.03140867473250117
7780	0.036588834465624415
7821	0.013847421831699324
7862	0.020858500892536918
7935	0.10050358390587848
8037	0.01932499703171614
8060	0.08864920752930981
8089	0.007216796471993833
8167	0.020982060078791016
8316	0.04836618146221424
8414	0.025073062537400343
8505	0.07989372725104339
8519	0.04441793488127064
8589	0.06985535065210662
8719	0.0400537247428792
8777	0.018720849224032252
8877	0.008356485368450716
8966	0.04400324244161902
9036	0.0263522237862268
9085	0.15282368152729045
9113	0.0324730201213631
9156	0.09937668535092624
9261	0.02285732616684253
9329	0.02597289864937263
9339	0.06281734946500234
9390	0.02391509330578394
9443	0.014671574964606955
9495	0.07354454372391889
9514	0.027566335786581086
9515	0.03775469293029881
9549	0.0359391815164141
9580	0.01877257131137795
9586	0.052481995806475557
9665	0.03825403799453057
9704	0.030295884704349164
9713	0.03263292116212812
9818	0.041437887337227974
9840	0.03615192175568025
9891	0.034718269399130766
9923	0.30603230395624453
9924	0.09246689259031068
9938	0.19775480383422867
9962	0.04779713674824902
9986	0.021360407417448622
10211	0.08221982162106507
10217	0.018720849224032252
10228	0.036233328848661754
10284	0.04247221490628373
10348	0.03851156867356127
10351	0.036813285816778306
10366	0.03825403799453057
10374	0.05423244187848008
10487	0.052481995806475557
10549	0.040182195503568184
10558	0.02025876041482911
10665	0.02735542960615822
10684	0.060171297495548025
10690	0.03615192175568025
10698	0.05627589011310556
10699	0.0679869230828544
10700	0.048962995212923424
10773	0.021750831689746834
10785	0.061804687598375166
10873	0.007605804740758709
10880	0.053687090136638985
10890	0.024398008205782713
10941	0.049590427891841184
10948	0.013206136087391088
11016	0.022222657607540806
11056	0.048962995212923424
11057	0.03312556178364208
11119	0.06369029808910016
11184	0.0285631793975028
11196	0.06592050194263649
11201	0.045292039181634845
11203	0.06032728563420831
11228	0.05025179195293924
11400	0.06625112356728416
11401	0.022713415619519322
11417	0.05627589011310556
11446	0.04441793488127064
11516	0.019194415025967186
11535	0.025514708176570665
11544	0.014451168002788103
11640	0.03185353304547391
11660	0.019799278961522622
11686	0.041111674526984644
11693	0.03851156867356127
11702	0.027460428151557567
11765	0.05332593423351863
11876	0.0076474819716473175
11889	0.011605672667789738
12055	0.013042819169633086
12065	0.06369029808910016
12193	0.015475862609987
12327	0.0860373774441993
12354	0.042117631950894026
12463	0.05744174857777995
12480	0.03295913397237145
12485	0.05169254413069149
12570	0.052481995806475557
12584	0.023526735118353816
12588	0.04623344629515534
12590	0.02644892196119677
12670	0.0393183833833925
12717	0.03512339558840855
12742	0.024986615142743997
12760	0.05169254413069149
12829	0.03897240400845647
12839	0.023076417195635274
