132
t_index	tf-idf
102	0.050202089312491156
402	0.06935038270133884
607	0.166737063749828
612	0.04078743501096291
687	0.04927283047535815
807	0.05386028948766794
847	0.156620530176178
858	0.08099505794296213
872	0.015979835068061617
908	0.058746375819105835
977	0.03648558697555081
1044	0.1071493570215405
1100	0.04049752897148107
1142	0.12155722609339818
1157	0.03306833350422307
1240	0.028017902480090062
1378	0.2120633820728724
1462	0.07365223073675095
1490	0.038067667008756606
1511	0.025415413275559698
2349	0.03297072120287631
2433	0.08869243036761013
2464	0.033969824986361585
2615	0.05455835306747224
2645	0.051178418860215895
2730	0.06380433599323858
2829	0.07622650077791736
2833	0.05220684339205933
2872	0.10136814825029022
3187	0.04633348171906318
3305	0.04692670970437721
3320	0.06637860603440497
3517	0.08869243036761013
3826	0.08146894454483757
3900	0.04828490016669766
4148	0.04078743501096291
4155	0.06028947022056408
4191	0.061966909335236395
4276	0.04327842894713437
4569	0.055355487247521755
4620	0.08118890412997494
4640	0.02950459980087164
4717	0.0495009797455436
4735	0.38532918517550707
4739	0.06479318804113035
4990	0.043647874573303345
5469	0.03937962810034706
5484	0.023655903418253018
5485	0.09740597510219082
5533	0.07447271151066133
5673	0.06153366889325225
5675	0.17738486073522025
5693	0.06935038270133884
5727	0.06380433599323858
5791	0.08271314321752572
5838	0.05989196359479659
5929	0.0721091363352927
5970	0.07887097345753305
5976	0.07138156363676462
5978	0.03993047667020099
6086	0.27222263891846865
6087	0.39184385318665016
6218	0.07286524847401334
6227	0.05566896388332446
6388	0.028629966215148007
6570	0.07000394997950812
6603	0.024832157042565077
6634	0.06530730886444171
6713	0.06693743902695713
6732	0.0985456609507163
6755	0.036720692186035166
7340	0.03346380149113398
7483	0.08655685789426874
7498	0.2514549610469219
7754	0.03459512482789848
7805	0.055355487247521755
7811	0.019318054647207587
7832	0.029342595584248492
7958	0.06530730886444171
8060	0.027942742976200762
8140	0.04246487412563521
8183	0.06069534601873534
8258	0.06935038270133884
8342	0.06583551692866435
8475	0.08547189685147959
8546	0.11009405290728774
8549	0.05912072521887053
8656	0.07716709650942545
8754	0.04712857948953137
8777	0.02950459980087164
8805	0.023064495436558873
8877	0.02634012523550177
8879	0.030765074023981355
8955	0.058746375819105835
9026	0.03636910089106108
9109	0.03138274112728956
9307	0.03910999589629061
9495	0.019318054647207587
9507	0.06935038270133884
9525	0.04927283047535815
9539	0.035241388302862636
9580	0.029586115306377742
9891	0.0469002828485196
9998	0.011791246878602835
10006	0.05357467851077025
10120	0.04904734967888853
10155	0.06286374026173047
10375	0.067531637946689
10660	0.04378356845729502
10665	0.04311294820293264
10750	0.051178418860215895
10771	0.051178418860215895
10890	0.038451966544654076
10938	0.12155722609339818
11001	0.09052985702561234
11139	0.12155722609339818
11153	0.06517028116652088
11316	0.03732131360895824
11401	0.03579699990877027
11437	0.04153186681710613
11544	0.04555091742633972
11592	0.015345098283024885
11636	0.026428521409747472
11734	0.07068045406981707
11857	0.034489489559050984
11867	0.05444452778369373
12193	0.024390407049204955
12228	0.06479318804113035
12406	0.06241011019507541
12467	0.04613972744163959
12566	0.020352392492832654
12829	0.012284327166860504
