284
t_index	tf-idf
3	0.0501488674318081
15	0.05637993146331119
17	0.02928611252647775
38	0.057021937613684244
56	0.02586948781743991
73	0.06665286174606828
76	0.03844755297044895
82	0.03122376516551067
91	0.02001532486497345
128	0.07488494852129815
172	0.05018868819560855
189	0.021710346918012425
191	0.03184085932919228
236	0.07006948645510612
279	0.037391177868793306
304	0.06898199868337895
305	0.048147727390974
319	0.025400004129027074
357	0.0643237248087576
393	0.048187181025529595
394	0.036190520879823676
430	0.06665286174606828
433	0.021778018843367296
469	0.02549242786991897
514	0.05842077497083841
610	0.050955172892149195
631	0.026160352741335748
722	0.03817452046847215
775	0.03665632139538429
841	0.030354372933870683
864	0.03930646140788149
872	0.00984432735846725
927	0.05842077497083841
1075	0.02099034521923148
1170	0.06305660938337002
1320	0.03930646140788149
1395	0.037391177868793306
1446	0.03122376516551067
1497	0.046285944076803594
1552	0.043542472418821414
1675	0.060989847154799076
1716	0.0625919983350465
1862	0.1053093888605668
1921	0.048147727390974
1981	0.06043093239043818
2065	0.06000664596928114
2069	0.018176216324088793
2109	0.045684575714843544
2121	0.028424234620154427
2233	0.04785955125829788
2237	0.03021546619521909
2281	0.04023236313915723
2349	0.02031150956085825
2407	0.19087260234236075
2430	0.019114313562956925
2506	0.017076207316866755
2537	0.02762069407212641
2581	0.2722393567764992
2584	0.030078165350798432
2610	0.061837399679876254
2635	0.061853679861680964
2698	0.039607145588861525
2801	0.018480755850263136
2891	0.02439999263268939
2898	0.061853679861680964
2928	0.03283113189971626
2986	0.024948375919165898
2990	0.039607145588861525
3009	0.11142341806256002
3067	0.06665286174606828
3115	0.09226833719703957
3125	0.2560108869342843
3133	0.027958434104593817
3181	0.11202535363469111
3193	0.01950012352248995
3365	0.03727200999818478
3433	0.061845810385597624
3442	0.03665632139538429
3495	0.03152830469168501
3557	0.042723086116919336
3577	0.049468686496827605
3629	0.041591145177509996
3651	0.02729229368074509
3724	0.06665286174606828
3816	0.06665286174606828
3817	0.054156597736723384
3824	0.025400004129027074
3884	0.061837399679876254
3889	0.09552257798757682
3902	0.03844755297044895
3929	0.03531038564359156
3946	0.054156597736723384
3968	0.03642113765540573
4100	0.033724514645148834
4130	0.029594469446960918
4248	0.03300451294636789
4369	0.03078111551647538
4382	0.07488494852129815
4407	0.049468686496827605
4457	0.010747419542762687
4472	0.03727200999818478
4494	0.045373226129416536
4644	0.016453332481001524
4859	0.018480755850263136
4930	0.04695909712785926
4949	0.025900667280437394
5033	0.045878680741138135
5048	0.048147727390974
5072	0.06400272173357108
5091	0.02061527012853254
5106	0.07006948645510612
5113	0.045373226129416536
5216	0.022405070726938224
5252	0.02994243369324229
5333	0.030494923577399538
5369	0.029669995048060057
5421	0.04753854818311136
5450	0.05271659433916148
5544	0.01586150373753494
5548	0.062466484101530155
5584	0.0342946908926146
5594	0.07848105822400724
5600	0.17769043062021414
5628	0.06400272173357108
5648	0.061837399679876254
5665	0.041591145177509996
5711	0.07488494852129815
5769	0.015616621025382539
5857	0.06852686357226531
5933	0.061837399679876254
5934	0.01906020690551523
6046	0.04123659972159774
6168	0.024772426171138024
6186	0.049468686496827605
6208	0.04878985083845438
6298	0.02512697162705027
6348	0.033138125014028755
6385	0.04312571419222032
6473	0.24741959832958646
6489	0.041591145177509996
6523	0.19223776485224472
6556	0.02276829141389128
6612	0.01961269678967248
6660	0.028909052578956818
6722	0.07006948645510612
6760	0.03822862712591385
6777	0.028306060602683345
6858	0.04695909712785926
6933	0.03449099934168948
6947	0.02596565345028336
7001	0.02736488761963847
7119	0.03137505881363166
7125	0.07488494852129815
7136	0.04233366136789963
7261	0.12267699721897266
7280	0.1072106258092928
7321	0.0735398839143604
7340	0.02061527012853254
7416	0.02321934780494271
7501	0.016540339395908165
7527	0.057021937613684244
7531	0.024428158855864492
7671	0.030926839930840482
7726	0.0989608581941943
7729	0.04695909712785926
7754	0.02131221832780668
7755	0.03318046269439576
7769	0.03911255354986714
7780	0.035524380455974953
7797	0.061837399679876254
7932	0.0342946908926146
7935	0.04878985083845438
7975	0.04785955125829788
8035	0.025400004129027074
8060	0.017214039317653557
8089	0.007006843133669945
8167	0.020371643313464464
8249	0.057021937613684244
8250	0.044422607655053535
8335	0.0897768163412283
8375	0.06665286174606828
8442	0.044422607655053535
8505	0.06787325433613216
8509	0.028664169866804416
8516	0.050955172892149195
8559	0.04397438877226237
8654	0.05577063495834122
8719	0.03888846904324739
8751	0.033540380867326476
8762	0.07006948645510612
8778	0.029159091093563436
8825	0.045373226129416536
8832	0.05463869401893187
8921	0.06400272173357108
9068	0.02105402575124789
9085	0.1483776863774873
9109	0.038666478814984064
9111	0.04023236313915723
9250	0.061837399679876254
9294	0.045878680741138135
9327	0.030354372933870683
9329	0.050434573641948074
9339	0.060989847154799076
9433	0.033540380867326476
9495	0.035702481233232046
9514	0.10705746871272488
9515	0.07331264279076859
9522	0.028424234620154427
9586	0.050955172892149195
9692	0.06820314918533954
9696	0.0526546944302834
9697	0.05018868819560855
9800	0.03391154828643738
9818	0.08046472627831446
9891	0.033708234463344124
9923	0.18570569677093335
9938	0.0960008290917821
9940	0.0536053129046464
9962	0.046406607243702006
9986	0.06221695095302822
10023	0.029033413828017073
10146	0.05842077497083841
10169	0.03249178336304557
10178	0.024259696587815714
10211	0.019956964104946004
10224	0.024176353152687274
10228	0.017589608660746207
10284	0.04123659972159774
10374	0.0526546944302834
10476	0.030637157502168087
10520	0.04023236313915723
10526	0.057021937613684244
10549	0.03901320229170524
10653	0.06000664596928114
10684	0.05842077497083841
10690	0.035100178549552115
10699	0.03300451294636789
10710	0.04695909712785926
10723	0.04753854818311136
10757	0.048147727390974
10837	0.05842077497083841
10873	0.014769068500305358
10971	0.048147727390974
11016	0.021576148984325763
11103	0.04878985083845438
11127	0.02878598007068962
11153	0.06022192148236045
11174	0.03531038564359156
11202	0.028189050880175863
11203	0.0585722250529555
11285	0.07006948645510612
11302	0.05577063495834122
11305	0.01375129264475937
11400	0.0321618624043788
11408	0.05177455919405128
11418	0.03122376516551067
11535	0.04954485234227605
11544	0.028061500053879633
11592	0.00945329974949953
11623	0.014722067442391292
11636	0.016281207862890272
11640	0.030926839930840482
11660	0.01922327204065277
11876	0.007424998993784495
11982	0.03531038564359156
12055	0.025326746651951424
12183	0.02928611252647775
12193	0.030051267785427306
12327	0.02784478356490234
12375	0.07006948645510612
12480	0.032000276363927375
12554	0.05018868819560855
12581	0.017589608660746207
12590	0.025679461511207518
12670	0.0763490409369443
12699	0.024259696587815714
12739	0.01453620463866142
12742	0.024259696587815714
12755	0.03596429707294967
12760	0.05018868819560855
12778	0.050955172892149195
12820	0.045878680741138135
12829	0.015135442574221324
12873	0.07488494852129815
