261
t_index	tf-idf
3	0.039452117632031214
15	0.044354096155830455
184	0.032593803033347676
191	0.03757380950233039
240	0.06942118479661741
263	0.11082817531032843
279	0.04412346349653092
393	0.028431644095854997
394	0.042706628086569935
410	0.054762121907485514
433	0.025699153496420477
638	0.039154608598625164
719	0.08836799161859965
763	0.08836799161859965
764	0.025619297233571175
769	0.075526418718325
841	0.14327872428170213
863	0.0311041114316799
865	0.0311041114316799
871	0.1326189379139784
872	0.011616799566288933
890	0.043828405520270154
902	0.031651237050520364
1005	0.04093665484098012
1075	0.04953931830178166
1116	0.024399855737660604
1273	0.05254252596249974
1301	0.014795500909532218
1428	0.04504784701618074
1510	0.057574468769769335
1589	0.037204979368465216
1706	0.03979661716207576
1762	0.06728874366107412
1894	0.034710592398308704
1944	0.02602320807714635
1981	0.035655764158424974
2057	0.015130530478293719
2075	0.04325629603544077
2091	0.075526418718325
2109	0.026955044261801096
2157	0.024996317507003922
2198	0.04412346349653092
2233	0.028238334324689827
2237	0.035655764158424974
2271	0.06708404228827197
2304	0.0689394418359901
2430	0.022555847791579445
2499	0.062135177869179485
2537	0.032593803033347676
2584	0.0354937422820857
2707	0.042706628086569935
2716	0.031222379949675343
2891	0.028793213950679925
2909	0.013665237410655052
2986	0.029440333707320385
3009	0.043828405520270154
3115	0.02722031532735564
3123	0.056816730925976666
3167	0.011646149809919775
3181	0.026439106139588327
3193	0.046022245752281074
3263	0.049510892053380544
3325	0.05413914218091826
3388	0.12280996452294037
3442	0.08651259207088154
3459	0.08836799161859965
3480	0.04786019387846456
3629	0.04907963537437513
3730	0.057574468769769335
3817	0.0639074990287205
3871	0.099379221478394
3889	0.15029523800932157
3946	0.03195374951436025
4001	0.0689394418359901
4059	0.07003724195637978
4130	0.017461478439169602
4144	0.037024141553459546
4145	0.056816730925976666
4207	0.04412346349653092
4298	0.0686385844261287
4304	0.07544845664264893
4329	0.04866125397070019
4344	0.03207944305833679
4430	0.06824747268823386
4516	0.04325629603544077
4572	0.032463432454049396
4634	0.05837552886200497
4644	0.01941575677742045
4828	0.03486376043885442
4895	0.018864121709982064
4920	0.05237617845690909
4961	0.075526418718325
4968	0.03757380950233039
4970	0.023345619332087945
4985	0.029336134445079515
5042	0.049955841685318435
5093	0.04024156679401366
5237	0.08836799161859965
5257	0.05413914218091826
5333	0.03598553787255465
5345	0.03936536048307035
5369	0.05251812130815259
5390	0.07297123019418449
5425	0.08140221502260055
5450	0.0622082228633598
5484	0.03439408321786503
5515	0.08870819231166091
5531	0.03517521183868461
5544	0.07486947681820089
5553	0.062135177869179485
5594	0.09261158126302843
5608	0.07081084907957937
5656	0.03396889890224606
5725	0.02892691599446816
5855	0.03440918860522613
5857	0.026955044261801096
5882	0.060829446270332196
5917	0.059225166944685326
5989	0.04907963537437513
6228	0.15105283743665
6315	0.03979661716207576
6319	0.16537101017097855
6388	0.06243905103421229
6523	0.04537003904972976
6525	0.15105283743665
6554	0.02152742510267565
6625	0.06210134473158398
6671	0.032593803033347676
6696	0.029336134445079515
6708	0.016024978020774246
6755	0.026694701118232966
6760	0.04511169558315889
6777	0.03340256988201151
6798	0.02144884604318199
6841	0.04297876743758981
6858	0.055414087655164215
6909	0.01828611252554481
6917	0.06012965729390983
6933	0.04070110751130027
6947	0.03064077216816824
6961	0.05837552886200497
6986	0.03517521183868461
7001	0.032291938601364936
7134	0.09276718808882131
7264	0.06012965729390983
7321	0.05785383198893632
7377	0.031583294389338816
7379	0.06447639679879029
7418	0.04166802440566503
7419	0.07865371672729488
7434	0.07297123019418449
7441	0.05189198223665895
7483	0.031461953923891305
7527	0.06728874366107412
7531	0.02882645150539036
7547	0.04442486728961349
7595	0.14594246038836897
7751	0.15661843439450066
7754	0.025149485547549644
7764	0.049955841685318435
7811	0.014043572282905224
7821	0.031730528397380386
7862	0.07169398711271215
7946	0.03615338103089311
8060	0.020313428962457206
8089	0.016536851998579828
8103	0.019313830973893546
8167	0.04807911979987091
8278	0.0513822992969698
8371	0.040469453704693535
8407	0.03615338103089311
8505	0.011441977305066586
8521	0.04141996950156151
8524	0.04504784701618074
8539	0.0318291732611095
8645	0.02261998857269657
8660	0.05041538240260505
8670	0.05837552886200497
8678	0.0689394418359901
8700	0.055414087655164215
8825	0.10708536082314987
8834	0.075526418718325
8914	0.0460375335925834
9085	0.03501862097818989
9111	0.04747620448275196
9139	0.03312776232799233
9339	0.03598553787255465
9390	0.02739999389373899
9433	0.11873799023280013
9443	0.03361902538298182
9495	0.02808714456581045
9514	0.1579164719466941
9515	0.04325629603544077
9539	0.025619297233571175
9652	0.047376589981413475
9713	0.037388181143367116
9923	0.17531362208108062
9924	0.05297057092674554
9938	0.037761929591447176
9945	0.1767359832371993
9962	0.10952424381497103
9986	0.024473039905067766
9991	0.03834193247902621
10023	0.03426088313439723
10099	0.142158220479275
10173	0.04141996950156151
10178	0.02862765758772143
10217	0.02144884604318199
10302	0.05413914218091826
10311	0.05413914218091826
10420	0.04825500128799993
10636	0.033825156757949525
10655	0.1624174265427548
10660	0.0318291732611095
10677	0.05413914218091826
10739	0.04166802440566503
10853	0.029865055186295265
10873	0.017428240884459163
10948	0.015130530478293719
11046	0.03396889890224606
11174	0.1666720976226601
11175	0.019518429296785857
11202	0.06652898509257006
11203	0.1382363210436131
11337	0.05189198223665895
11353	0.062135177869179485
11383	0.12651391060575942
11455	0.04537003904972976
11535	0.029232704188090635
11553	0.03834193247902621
11592	0.02231073478789389
11640	0.0364952208122438
11658	0.06571647972716954
11660	0.022684424254993365
11716	0.04353943164925429
11746	0.037761929591447176
11857	0.025072692280278377
11889	0.013296847984835759
11992	0.06581214382702022
12055	0.029886830131551828
12185	0.062135177869179485
12262	0.05805621173039665
12327	0.03285823986358477
12342	0.053542680411574936
12430	0.10178100741300172
12436	0.04442486728961349
12493	0.07865371672729488
12516	0.022945171054611052
12520	0.033542021144135986
12525	0.06316658877867763
12542	0.08836799161859965
12590	0.03030305133944427
12643	0.037761929591447176
12698	0.03312776232799233
12739	0.03430689971857683
12742	0.05725531517544286
12762	0.08093890740938707
12766	0.011155367393946946
12820	0.05413914218091826
12829	0.017860580650091377
12850	0.034710592398308704
