223
t_index	tf-idf
15	0.014041630429681528
75	0.020720428593578154
176	0.02547936979022876
180	0.029592918240524686
181	0.027567447488470252
344	0.036453878343503145
632	0.01850899304665074
634	0.022074355331305452
660	0.05976139764537318
735	0.033538872170426164
742	0.04688444655423822
918	0.01587503790585162
1022	0.021599719360253174
1171	0.01961963784845072
1211	0.05183894414486136
1387	0.026542434976041345
1399	0.04166964864563419
1427	0.03749903519403107
1532	0.05595112008424778
1558	0.05595112008424778
1600	0.025770332811856294
1896	0.04364973015743663
1987	0.04620249921387546
1999	0.022074355331305452
2057	0.009580053956450868
2076	0.017291528313713538
2087	0.01794038436998861
2098	0.050674779054634335
2167	0.01652891153484829
2261	0.02638254637784509
2294	0.046071208220674974
2296	0.04620249921387546
2436	0.02547936979022876
2493	0.06179149041622584
2625	0.04980042512084221
2631	0.04338527449438068
2634	0.022172406904889554
2640	0.04014958570405209
2645	0.02355672263506339
2662	0.03467321145124937
2696	0.027750414323658743
2707	0.054080298368171714
2784	0.10525803119306847
2822	0.03865734965364637
2833	0.024030092308985913
2860	0.11088323381060237
2896	0.033538872170426164
2898	0.02310733156616409
3164	0.025770332811856294
3167	0.007373881816239096
3187	0.021326664673910305
3202	0.027567447488470252
3212	0.02088945422068028
3214	0.01627168839083461
3218	0.027567447488470252
3294	0.015588768656944854
3318	0.015972550723652685
3475	0.029149146916665473
3476	0.020975189932298827
3635	0.027750414323658743
3651	0.020391740012635773
3785	0.03253324134125066
3992	0.027937233373850966
4023	0.049319376020112625
4063	0.04005180425046989
4077	0.04980042512084221
4087	0.023790251300053845
4158	0.02982341372239836
4172	0.033901109287064315
4276	0.01992046588179106
4353	0.01831538004687181
4356	0.04620249921387546
4369	0.022998451953259905
4429	0.050395290534439835
4431	0.028522516487843798
4457	0.016060107493080036
4617	0.021599719360253174
4620	0.024913424293917363
4673	0.04906028887501621
4709	0.02310733156616409
4739	0.02982341372239836
4744	0.024030092308985913
4920	0.01658126317414065
5024	0.027567447488470252
5091	0.015402927788655376
5128	0.05787063086856782
5162	0.031075285544282627
5196	0.04782034360903976
5548	0.046672526618769465
5556	0.019257400731812563
5673	0.028323101868295127
5752	0.04166964864563419
5754	0.052353194177281036
5769	0.011668131654692366
5816	0.09666556742580662
5970	0.012101074939231491
6152	0.04166964864563419
6246	0.020975189932298827
6353	0.01992046588179106
6391	0.01723482794749184
6554	0.013630314834165996
6580	0.03728091170586034
6612	0.01465384399567032
6668	0.07032666983135734
6689	0.03551895368222861
6696	0.018574480997922808
6760	0.014281471438613596
6851	0.052353194177281036
6909	0.023156087607075982
6958	0.01513126645665654
7042	0.03253324134125066
7158	0.05595112008424778
7235	0.03868393630465623
7268	0.028128070344474853
7296	0.016322539974824316
7334	0.6561698101830566
7340	0.015402927788655376
7501	0.01235829808324517
7565	0.029368258718823037
7615	0.052353194177281036
7633	0.11190224016849556
7757	0.01992046588179106
7811	0.03556733993023142
7821	0.020090516624628
7826	0.02591947207243068
7899	0.22380448033699113
7936	0.04980042512084221
7944	0.024276596413497976
7994	0.06012011293916632
8018	0.024659688010056312
8036	0.01949724174074463
8037	0.028037650535625718
8089	0.015705721750157307
8109	0.02367271875899279
8111	0.05745303150160396
8131	0.056120774718637155
8144	0.027937233373850966
8167	0.04566269793272022
8306	0.02982341372239836
8309	0.03163006475363433
8370	0.26372850457283137
8386	0.013432046461318065
8492	0.03551895368222861
8515	0.11190224016849556
8519	0.03222185580860221
8581	0.09564068721807951
8670	0.07392215587373492
8671	0.06269668046125099
8777	0.027161123358110235
8877	0.030309993849179425
8880	0.01947296381281836
8917	0.05419089143369577
8948	0.030810382973461885
8965	0.02088945422068028
8967	0.027937233373850966
8990	0.06162076594692377
8991	0.05095873958045752
9000	0.01884137561659605
9006	0.027937233373850966
9008	0.04265332934782061
9179	0.03749903519403107
9260	0.01444504431218839
9307	0.01800179345328643
9327	0.022679606498253863
9396	0.039341539110896995
9416	0.02547936979022876
9426	0.03481205534331564
9495	0.01778366996511571
9509	0.026225487815431617
9545	0.04620249921387546
9580	0.013618082145619532
9630	0.027388177207020588
9743	0.05595112008424778
9746	0.035086010397689486
9747	0.03868393630465623
9806	0.05595112008424778
9835	0.05595112008424778
9891	0.03238133316270069
9986	0.030990723438979365
10038	0.026542434976041345
10111	0.14940127536252662
10128	0.07545017363568868
10133	0.021881443883262013
10171	0.019116547343894143
10203	0.029592918240524686
10209	0.031177537313889708
10211	0.029822134279367994
10222	0.030810382973461885
10223	0.04260457330690872
10224	0.01806363047789859
10450	0.04260457330690872
10452	0.01032617198165373
10477	0.01652891153484829
10890	0.01769891158887068
11016	0.01612085908604567
11046	0.02150776437029723
11079	0.04782034360903976
11153	0.014998492251997167
11400	0.024030092308985913
11432	0.029368258718823037
11592	0.014126275571284022
11731	0.0896692625361236
11759	0.052353194177281036
11876	0.016643011120258705
11889	0.01683807733353402
12057	0.02492459058087705
12183	0.043762887766524025
12339	0.02547936979022876
12370	0.09404502069187647
12477	0.30554811110205643
12480	0.02390936150617759
12567	0.02492459058087705
12571	0.03868393630465623
12581	0.013142271255383581
12624	0.0663250526965626
12638	0.018909372708877836
12699	0.018125901450092404
12748	0.013285976049856658
12766	0.007063137785642011
12788	0.05664620373659025
12792	0.02893531543428391
12829	0.005654306918283059
12850	0.06593212614320784
