117
t_index	tf-idf
3	0.023370712839016792
15	0.026274555251007522
191	0.08903214984170402
250	0.041674304157809906
251	0.07972124183896231
393	0.03368477179870682
433	0.030447416900279314
729	0.07398226708744299
758	0.09611835572682136
764	0.030352806121468654
902	0.01874961387387701
983	0.023620403961688043
1123	0.02988767355684143
1167	0.051583925797816926
1170	0.04407909847130698
1240	0.024131341098140288
1420	0.05833908895740131
1651	0.05670300681883457
1879	0.03577068787780648
1981	0.04224364496600303
2237	0.04224364496600303
2389	0.05717076019425671
2531	0.062106368113593935
2834	0.12175173693621269
2879	0.0894809378846739
2907	0.11340601363766914
2909	0.03238014672673639
3000	0.03643761072925279
3097	0.3918510460352272
3115	0.06449926757661481
3157	0.05814775649187967
3167	0.013797932239095973
3181	0.031324085721924876
3390	0.04007480828775306
3495	0.1322372954139209
3586	0.06147972216911783
3726	0.07238498597817022
3817	0.11357290034393583
3889	0.08903214984170402
3908	0.06488015865166027
3946	0.18928816723989303
4353	0.034271551825456256
4442	0.07051157871194119
4450	0.10469516366858742
4457	0.015025754444159012
4472	0.026054629562223385
4475	0.10469516366858742
4524	0.05537396595381332
4587	0.018150786401678488
4949	0.01810560502208123
4987	0.043864848443749445
5091	0.02882180094662153
5369	0.04148103255648706
5484	0.04074885154419963
5493	0.0979627615088068
5561	0.09700050210757075
5608	0.0838941034882341
5769	0.021833288617908574
5841	0.10469516366858742
5934	0.02664769784761901
6233	0.05414346630832575
6366	0.07361548562365781
6554	0.012752452857678738
6625	0.024525133786655225
6913	0.09318604615852352
6933	0.04822118319470165
6961	0.06916119102068156
7179	0.04094433400463937
7206	0.055478886740263404
7261	0.11434152038851342
7264	0.42743650928897636
7416	0.03246251038050646
7582	0.0979627615088068
7726	0.019765030890740984
7735	0.05124847708063261
7769	0.05468248661792288
7803	0.04303446808115961
8505	0.04066810837400782
8660	0.11946060140953106
8799	0.062106368113593935
8864	0.10469516366858742
8997	0.041123840042208974
9085	0.04148878103492104
9111	0.05624807023042995
9269	0.04850025105378537
9514	0.11225619530507797
9538	0.05091967135083708
9539	0.09105841836440595
9625	0.0979627615088068
9891	0.013464804319561218
9923	0.15577887440565388
9938	0.044738952720366085
9986	0.05798952474528453
10099	0.03368477179870682
10169	0.04542611892309507
10302	0.06414207506233673
10311	0.12828415012467345
10696	0.03603425129671909
10727	0.03785763344797861
10773	0.02952472693645256
10805	0.06343540897861517
11153	0.028065025306740373
11174	0.2468337547902124
11306	0.03551124280622243
11345	0.07797182037461002
11355	0.09318604615852352
11372	0.22027239410782665
11537	0.032249633788307405
11660	0.02687567598406668
11854	0.06821212432889844
11889	0.04726085714577995
12180	0.07972124183896231
12188	0.02106086345117923
12190	0.1959255230176136
12193	0.02100704121035109
12525	0.07483746353671865
12795	0.09535347232883996
