308
t_index	tf-idf
3	0.015473674834645745
15	0.03479259936823806
34	0.027592424584564144
44	0.038860033323504906
82	0.028902729853755617
91	0.018527474967896744
263	0.043468367484456434
299	0.041551604300222714
304	0.031927092427022796
320	0.02342698849180588
355	0.042845253626093704
469	0.023597434586603874
534	0.03638459454063374
631	0.048431417809724354
728	0.035589533522059166
841	0.02809796435943272
863	0.024398939027984574
864	0.03638459454063374
871	0.020806004294490605
872	0.009112544010163134
902	0.01241405986877639
956	0.19170347839226953
976	0.046457885169926556
998	0.0407055290235346
1075	0.038860033323504906
1105	0.02285041539057077
1116	0.019139932472992928
1123	0.05936560155886892
1198	0.09585173919613477
1273	0.020607916901133755
1274	0.059245045123956425
1281	0.06486083363963828
1395	0.06922336925907913
1488	0.04270476045930205
1491	0.03883773497548566
1511	0.014493207910068593
1561	0.0243069422325819
1586	0.057240683445197386
1651	0.03754288094270466
1675	0.028228067095574644
1681	0.03785257896877457
1720	0.05057709742627615
1761	0.057240683445197386
1806	0.03754288094270466
1862	0.04874057950998048
1981	0.055938766655236546
2014	0.055546019792508276
2040	0.057240683445197386
2057	0.03560643981859079
2069	0.0673003101828151
2226	0.05057709742627615
2355	0.046457885169926556
2396	0.03139071517640459
2407	0.03533679703739437
2431	0.02962151867622103
2453	0.03438023286187471
2464	0.05811415272197333
2475	0.055546019792508276
2515	0.04246826442867685
2581	0.21000191528157802
2584	0.02784228881502675
2607	0.05407803536436744
2615	0.015556023930529423
2862	0.14377760879420215
2892	0.09865096980762735
2935	0.06169818555880834
2941	0.03849944511822431
2955	0.055938766655236546
2986	0.04618765005817328
2990	0.1099887816057859
3028	0.042956947231835255
3095	0.0496205332507565
3125	0.059245045123956425
3159	0.0653711384183712
3181	0.020739577790902602
3214	0.020159138145040865
3356	0.07276918908126748
3442	0.06786290821156363
3444	0.06169818555880834
3480	0.1877144047135233
3488	0.041551604300222714
3621	0.03329087178210839
3766	0.0849365288573537
3782	0.19170347839226953
3815	0.15818897048585473
3816	0.06169818555880834
3817	0.0250654190147447
3874	0.057240683445197386
3903	0.06169818555880834
3980	0.03817125498872553
3981	0.015070935553721939
4011	0.02285041539057077
4029	0.03508974050785273
4130	0.013697274352670884
4187	0.0407055290235346
4219	0.01744526882030381
4235	0.055546019792508276
4248	0.06110220958856928
4289	0.04030571940362648
4298	0.017947344786007676
4330	0.0583692625421886
4407	0.04579140518316643
4417	0.026991534435098666
4447	0.055546019792508276
4457	0.01989700870621208
4491	0.04792586959806738
4501	0.029771093131785553
4617	0.02676008266743382
4640	0.016825077545703775
4662	0.06486083363963828
4670	0.043468367484456434
4836	0.025670721587667502
4842	0.059245045123956425
4859	0.01710697896304246
4902	0.0496205332507565
4949	0.01198766365091328
4953	0.07389698017142254
4968	0.05894790398434174
4985	0.023012088199800895
5085	0.06169818555880834
5091	0.03816564595773527
5093	0.031566615775356334
5195	0.047892931161830875
5216	0.041479155581805205
5333	0.028228067095574644
5369	0.05492892014084052
5424	0.11549833535467294
5429	0.044568640280152165
5484	0.026979685344793444
5515	0.01739629968411903
5525	0.055546019792508276
5544	0.04404729107814593
5548	0.10119025794383585
5549	0.06169818555880834
5551	0.06486083363963828
5594	0.07264712671458654
5612	0.02947395199217087
5614	0.06486083363963828
5725	0.02269108574816283
5857	0.042288588303503905
6050	0.06486083363963828
6177	0.052783181331586444
6228	0.059245045123956425
6264	0.047167392815904575
6285	0.06169818555880834
6388	0.016326315386474544
6473	0.19085627494362764
6612	0.018154776466281837
6625	0.04871403984614434
6665	0.04917054978775359
6706	0.059245045123956425
6708	0.01257044305903024
6755	0.04188014734866583
6760	0.017693440823733707
6763	0.027592424584564144
6768	0.04579140518316643
6776	0.06486083363963828
6805	0.017543866368169184
6841	0.033713752875114585
6899	0.06169818555880834
6909	0.02868828100424125
6997	0.04874057950998048
7012	0.042956947231835255
7097	0.03584821729001554
7122	0.057240683445197386
7247	0.02849298480353155
7281	0.02309382502908664
7300	0.0496205332507565
7321	0.02269108574816283
7377	0.024774823604943146
7380	0.05407803536436744
7416	0.021493325146063516
7472	0.02516401656261008
7540	0.059245045123956425
7566	0.03694849008571127
7576	0.057240683445197386
7592	0.041551604300222714
7593	0.059245045123956425
7700	0.020940073674332916
7754	0.019727963160357735
7769	0.01810255046356565
7779	0.028228067095574644
7780	0.09865096980762735
7811	0.011016172721034797
7832	0.016732694204604028
7946	0.028359727985343496
7964	0.052783181331586444
8037	0.008684023084052354
8060	0.04780327344758883
8089	0.006485985695402366
8098	0.06742750575022917
8151	0.19458250091891485
8292	0.02904277700748774
8322	0.06486083363963828
8371	0.03174537667168243
8386	0.016641080733628116
8505	0.026926225547941177
8559	0.0407055290235346
8589	0.06278143035280918
8598	0.031566615775356334
8614	0.041551604300222714
8621	0.039919941123078596
8647	0.17773513537186927
8671	0.03883773497548566
8680	0.06169818555880834
8745	0.051624894929515525
8800	0.03638459454063374
8902	0.047167392815904575
9045	0.055546019792508276
9068	0.01948896346730449
9085	0.02746959031341184
9111	0.037241668870661916
9139	0.02598634765534579
9195	0.17172205033559218
9206	0.06169818555880834
9221	0.04792586959806738
9260	0.017896092698325466
9261	0.041085346144541665
9269	0.032111862371269125
9272	0.02947395199217087
9294	0.04246826442867685
9306	0.023342746294939473
9339	0.028228067095574644
9420	0.029328339891270382
9514	0.024774823604943146
9515	0.10179436231734545
9586	0.047167392815904575
9641	0.04516303113714555
9692	0.031566615775356334
9752	0.0407055290235346
9818	0.037241668870661916
9826	0.03195456878432596
9891	0.04903252324972044
9910	0.047167392815904575
9976	0.07909448524292736
9986	0.01919734019037149
10073	0.13937365550977965
10131	0.01919734019037149
10226	0.03883773497548566
10228	0.016282075677291653
10255	0.03954724262146368
10372	0.03954724262146368
10374	0.14622173852994144
10429	0.08800948947014928
10450	0.052783181331586444
10452	0.012793185469607591
10636	0.05306680688577107
10658	0.06786290821156363
10660	0.024967697901120342
10665	0.024585274893876796
10671	0.026875199456418464
10690	0.03249098797210033
10805	0.04200038305631561
10853	0.02342698849180588
10974	0.06142795044705507
10982	0.03055110479428464
10984	0.026311303911340924
11016	0.019972274390123244
11022	0.04792586959806738
11062	0.051624894929515525
11064	0.032883656602542444
11123	0.043468367484456434
11153	0.07432705691331823
11185	0.06486083363963828
11202	0.026093602680673688
11203	0.02710911366174538
11226	0.04579140518316643
11242	0.03638459454063374
11245	0.057240683445197386
11404	0.025363904849229426
11423	0.0496205332507565
11446	0.039919941123078596
11481	0.02449171217682823
11514	0.020607916901133755
11536	0.05113498996089713
11544	0.051951066826771454
11636	0.015070935553721939
11660	0.01779429981461537
11663	0.05864468414078464
11702	0.04935928146839361
11716	0.034153553637326424
12262	0.022770461926184118
12342	0.04200038305631561
12463	0.10324978985903105
12467	0.1052452156453637
12476	0.06046485754866735
12480	0.05924303735244206
12485	0.046457885169926556
12488	0.014682430359381979
12520	0.026311303911340924
12534	0.03174537667168243
12537	0.04215580754384619
12548	0.046457885169926556
12570	0.047167392815904575
12588	0.041551604300222714
12624	0.041085346144541665
12649	0.023259144729342523
12698	0.02598634765534579
12713	0.059245045123956425
12717	0.06313323155071267
12748	0.01646011281359272
12760	0.046457885169926556
12766	0.035002334592006516
12772	0.04516303113714555
12820	0.04246826442867685
12829	0.021015512012447383
12850	0.027227964039795067
12904	0.039919941123078596
