225
t_index	tf-idf
1	0.1449349997079876
3	0.03217788260458574
15	0.07235205534194483
16	0.01949165080131221
44	0.020202595757898033
58	0.05622829392618194
67	0.03143453492294743
75	0.053382888967879794
117	0.030051964324074403
189	0.08358230566812776
277	0.08909774543389569
294	0.03674186380553411
319	0.09778705596466844
355	0.08909774543389569
393	0.3942194420735739
433	0.10480354336843636
469	0.024535719149177612
497	0.028949357877385312
614	0.04190836117220757
616	0.04003026555082302
678	0.031935228690795035
726	0.0714945291774352
738	0.018986034613185012
865	0.0253690931245715
872	0.009474878285913759
879	0.05775464856070974
880	0.056129551360714146
902	0.012907669489389617
918	0.0204497552273511
937	0.06160075506542396
950	0.0355115721124843
970	0.05367761137117288
972	0.04466500749978519
993	0.05951669567147085
996	0.05775464856070974
1055	0.05622829392618194
1077	0.04415689362124797
1235	0.12381942234689798
1301	0.036202459075841825
1320	0.03783132398267071
1405	0.06160075506542396
1422	0.04761216957279695
1446	0.030051964324074403
1465	0.14954090144209808
1471	0.026799792973985256
1587	0.03505428392958369
1647	0.05622829392618194
1784	0.05367761137117288
1866	0.05775464856070974
2139	0.04111972572795962
2269	0.135940869911826
2271	0.027357497733410552
2483	0.05159355197721977
2615	0.01617456477468243
2754	0.04190836117220757
2801	0.01778718910259757
2892	0.03419118125052504
2914	0.03754907062692317
2918	0.09891261748251211
3136	0.05775464856070974
3162	0.03648498377899745
3167	0.009498816891764471
3212	0.026909178307436093
3241	0.050168994352626534
3252	0.03841764122290788
3715	0.0355115721124843
3808	0.020512389247712814
3881	0.025859755579694624
3883	0.04415689362124797
3896	0.11245658785236388
3917	0.04003026555082302
4011	0.04751799373846923
4144	0.030197580052725
4336	0.03528064142766164
4348	0.05488195372250868
4366	0.03783132398267071
4369	0.029625926932672093
4383	0.10135721878037869
4391	0.05775464856070974
4431	0.03674186380553411
4436	0.03319658203370854
4442	0.024270903905303214
4457	0.04137631281338544
4472	0.017936611885443543
4572	0.026477780690793255
4636	0.03358409982634749
4644	0.03167170634996706
4645	0.06716819965269498
4709	0.029766182436082173
4791	0.05488195372250868
4798	0.03358409982634749
4920	0.021359493771443493
4923	0.05159355197721977
4944	0.06160075506542396
4970	0.019041122334821463
4985	0.02392709813578419
4999	0.05775464856070974
5012	0.06387045738159007
5024	0.0355115721124843
5152	0.0469588100282576
5195	0.024898628363709274
5236	0.05775464856070974
5286	0.04415689362124797
5380	0.10135721878037869
5406	0.05775464856070974
5436	0.1126472118807695
5515	0.018088013835486208
5740	0.09958974610112559
6149	0.05159355197721977
6180	0.0490428694222107
6208	0.0469588100282576
6351	0.04519676291749649
6431	0.04415689362124797
6450	0.04761216957279695
6554	0.017558169226650072
6620	0.024806815178401487
6625	0.016883671484150403
6708	0.05228108324151237
6724	0.0372736192232454
6805	0.018241448087092757
6820	0.05775464856070974
6824	0.029908180288419624
6827	0.02264680414211454
6828	0.024097708468933516
6842	0.03358409982634749
6909	0.014914494264396503
7025	0.04190836117220757
7043	0.04983150486645866
7056	0.02908150594012928
7083	0.03754907062692317
7109	0.15636197448896452
7198	0.08301448704119714
7215	0.01844928436029878
7318	0.05622829392618194
7377	0.051519847355473485
7472	0.026164591781343845
7481	0.018986034613185012
7486	0.04003026555082302
7583	0.04761216957279695
7591	0.016747319806349057
7811	0.022908398706661393
8054	0.04761216957279695
8103	0.12602176471626042
8116	0.050678609390189346
8212	0.02089557641703194
8376	0.0355115721124843
8414	0.023430033731394895
8558	0.03812072374697609
8665	0.0967359126492834
8666	0.03419118125052504
8709	0.020020671279396645
8805	0.013675565865143634
8811	0.03783132398267071
8956	0.07807133266801303
9261	0.021359493771443493
9276	0.026691444483939897
9306	0.024270903905303214
9541	0.02831060623274581
9570	0.027943814973647733
9573	0.04830515023193087
9652	0.019320614990129072
9667	0.23101859424283896
9752	0.042324068079295424
9783	0.05171951115938925
9845	0.022274436358473922
9886	0.16447890291183848
9891	0.037077935591697385
9893	0.04761216957279695
9934	0.04074491575221144
9940	0.05159355197721977
9951	0.05258815119403628
10102	0.030197580052725
10116	0.0838428346947491
10132	0.22975240440572253
10152	0.28521441026548006
10161	0.04074491575221144
10194	0.04038200653767978
10209	0.04016198326213995
10217	0.01749407868086115
10375	0.04004134255879329
10419	0.024012084996543955
10479	0.039357678617198515
10503	0.06677739765370792
10547	0.05488195372250868
10679	0.05488195372250868
10789	0.05622829392618194
10829	0.04983150486645866
10834	0.06160075506542396
10944	0.06160075506542396
11001	0.05367761137117288
11069	0.04983150486645866
11158	0.06160075506542396
11242	0.03783132398267071
11305	0.013235218551627117
11337	0.042324068079295424
11461	0.05367761137117288
11519	0.04669850240708365
11591	0.04830515023193087
11592	0.018197051208324065
11612	0.10516285178875107
11696	0.1393292880067487
11721	0.0490428694222107
11762	0.039357678617198515
11775	0.013884669503166872
11787	0.05775464856070974
11838	0.05622829392618194
11872	0.03700464963438037
11876	0.01429269043529527
11889	0.021690314190875467
12170	0.03754907062692317
12240	0.05367761137117288
12262	0.07102759285135091
12290	0.07744495484911419
12381	0.05622829392618194
12414	0.05622829392618194
12544	0.04150724352059857
12555	0.0355115721124843
12566	0.024134972717227886
12584	0.021985036594168544
12632	0.03159900797803472
12659	0.06956813683651304
12666	0.04484386210311948
12718	0.026584113365629092
12719	0.042052428366268456
12829	0.029134845068076336
