365
t_index	tf-idf
3	0.04066327602722805
15	0.015238580868625904
16	0.03284220143795892
17	0.023746683393158528
56	0.020976308691995623
73	0.05404556182391384
76	0.031175249593318077
82	0.02531783161924802
91	0.016229452855855094
107	0.05681593652507674
189	0.01760386374775981
222	0.026346005865536298
236	0.05681593652507674
277	0.037531019473873814
278	0.019207619576965543
279	0.060637372867070695
319	0.061786881651663336
320	0.020521264011486875
355	0.018765509736936907
393	0.05860895998338009
416	0.06072056036254378
430	0.05404556182391384
433	0.01765873561866977
434	0.03402056620802403
514	0.047370563285283905
604	0.01940349047764397
610	0.04131706988489981
715	0.06072056036254378
721	0.05439252510023362
722	0.15476930412509843
775	0.029722827082189898
841	0.024612883768946592
864	0.031871696645106966
1006	0.023541782316554943
1157	0.0330367482898815
1170	0.051129535800258974
1301	0.010166476453927119
1320	0.031871696645106966
1395	0.060637372867070695
1488	0.018703976062462487
1497	0.018765509736936907
1511	0.012695568873477552
1524	0.03402056620802403
1666	0.04623631414897978
1716	0.05075280531219822
1774	0.030115942370556995
1862	0.08539025838058749
1884	0.03236565041810194
1921	0.03904064895673188
1981	0.09800100421875256
2069	0.029476418486302107
2109	0.09260849783923546
2121	0.023047828543559964
2142	0.06072056036254378
2174	0.05681593652507674
2199	0.020301558954581814
2223	0.036790940909186935
2233	0.01940349047764397
2237	0.02450025105468814
2244	0.03262246529853967
2281	0.03262246529853967
2407	0.12381544330007874
2506	0.013846265472856936
2537	0.022396276618724092
2560	0.03565669177288281
2563	0.08263413976979962
2581	0.2943275272734955
2584	0.048777840963816384
2598	0.08860771580455912
2610	0.05014093798644681
2615	0.013626560415951871
2637	0.06374339329021393
2698	0.09634652044259033
2702	0.019876637644151665
2709	0.0266211670789942
2859	0.05681593652507674
2898	0.05015413879357169
2914	0.031633907099714115
2928	0.0266211670789942
2955	0.02450025105468814
2986	0.02022942388103929
2990	0.06423101362839356
2994	0.031633907099714115
3009	0.12046376948222798
3067	0.05404556182391384
3077	0.04323709156149058
3115	0.09351988031231244
3125	0.15569007678299032
3133	0.022670133574403936
3159	0.028631473283133837
3167	0.008002453485381901
3178	0.03807684652292668
3181	0.05450154442378449
3193	0.047435103480947885
3265	0.05404556182391384
3268	0.03315760225884671
3356	0.031871696645106966
3365	0.015111029503375038
3433	0.06686367709119478
3442	0.0891684812465697
3480	0.032886317071719906
3495	0.025564767900129487
3557	0.03464207134626987
3577	0.04011175040912352
3629	0.06744847105236518
3651	0.022129992723472686
3691	0.06072056036254378
3696	0.04623631414897978
3716	0.03956131561034984
3724	0.05404556182391384
3766	0.03720078945509117
3791	0.04346593944781687
3817	0.021956474744503896
3818	0.03530647182176377
3824	0.02059562721722111
3884	0.05014093798644681
3889	0.051636406489445744
3898	0.05014093798644681
3902	0.031175249593318077
3946	0.021956474744503896
4001	0.047370563285283905
4123	0.04346593944781687
4130	0.023996715013305542
4248	0.026761753331863654
4344	0.0220428429224427
4369	0.02495890856108418
4457	0.00871455946721123
4472	0.06044411801350015
4504	0.06524493059707934
4529	0.08139112949330794
4564	0.015587215767105426
4569	0.02765130723062556
4640	0.014738209243151053
4644	0.013341206581633853
4663	0.03236565041810194
4709	0.05015413879357169
4726	0.06326781419942823
4889	0.02734556766939409
4924	0.06072056036254378
4930	0.03807684652292668
4949	0.021001590601142855
4970	0.01604154470289724
5033	0.07440157891018234
5048	0.03904064895673188
5063	0.05681593652507674
5086	0.022577979882749743
5102	0.05681593652507674
5106	0.05681593652507674
5113	0.07358188181837387
5150	0.06072056036254378
5195	0.020976308691995623
5216	0.05450154442378449
5369	0.01202897752383255
5390	0.05014093798644681
5421	0.038546695183736907
5429	0.07808129791346376
5515	0.015238580868625904
5531	0.048340095425831967
5544	0.02572264291166019
5546	0.06072056036254378
5548	0.02532551596429335
5584	0.027807895839943444
5594	0.0848486276135416
5600	0.14408052260665521
5628	0.05189669226099678
5648	0.05014093798644681
5656	0.023341150324489683
5665	0.03372423552618259
5769	0.012662757982146675
5829	0.04623631414897978
5857	0.03704339913569418
5899	0.025690651879472007
5934	0.015454994184842747
6168	0.020086754793233717
6186	0.08022350081824704
6208	0.07912263122069968
6298	0.04074847689784543
6348	0.017913395236726127
6388	0.014301310153365684
6473	0.2674940149639487
6489	0.03372423552618259
6523	0.09352574877995423
6547	0.024726849445666804
6556	0.036923398905882206
6620	0.0208989589806429
6628	0.031871696645106966
6630	0.026761753331863654
6660	0.023440943831927064
6722	0.05681593652507674
6760	0.03099773328035388
6777	0.022952006983916418
6805	0.015367844383812763
6814	0.04865646889902364
6826	0.027497224146829705
6856	0.05681593652507674
6858	0.03807684652292668
6933	0.08390121842291981
6947	0.02105428472361715
6985	0.015857233099936464
7001	0.02218885561562352
7052	0.04522169372236684
7119	0.025440508275566844
7122	0.05014093798644681
7136	0.034326305769255494
7170	0.02648260372021677
7181	0.07808129791346376
7261	0.09947280677654013
7296	0.017713921943278258
7300	0.04346593944781687
7321	0.07950655057660666
7340	0.016715919272798696
7416	0.037654878258157116
7501	0.01341175625460378
7523	0.09247262829795956
7527	0.04623631414897978
7531	0.01980760518158683
7551	0.02719626255011681
7567	0.04865646889902364
7671	0.025077069396785844
7726	0.04585288218538293
7754	0.034562081299027485
7769	0.03171446619987293
7780	0.057609982524205246
7821	0.010901546077929734
7906	0.03052579091646124
7932	0.027807895839943444
8035	0.02059562721722111
8036	0.010579622376096968
8037	0.00760691586338623
8060	0.013958026734484631
8089	0.005681508098090977
8249	0.04623631414897978
8250	0.036020130651663804
8278	0.03530647182176377
8329	0.05014093798644681
8335	0.07279565124163968
8343	0.04011175040912352
8375	0.05404556182391384
8428	0.038546695183736907
8442	0.036020130651663804
8505	0.03931079913062764
8509	0.06972714107473094
8516	0.04131706988489981
8559	0.03565669177288281
8589	0.027497224146829705
8600	0.06072056036254378
8645	0.015542939885479747
8654	0.04522169372236684
8719	0.03153276697887866
8751	0.02719626255011681
8778	0.02364368789490541
8805	0.02304246538681504
8832	0.04430385790227956
8857	0.10028187597289362
8877	0.006578741617097953
8921	0.05189669226099678
9036	0.02074609883002409
9085	0.16843714279121033
9109	0.03135276590628228
9113	0.025564767900129487
9250	0.05014093798644681
9260	0.01567638295314114
9261	0.035989398958827565
9294	0.03720078945509117
9329	0.02044747064434505
9339	0.07418054833700041
9433	0.02719626255011681
9474	0.04623631414897978
9514	0.08680769125965694
9515	0.11889130832875959
9522	0.023047828543559964
9535	0.05681593652507674
9554	0.03464207134626987
9580	0.014778928066141991
9586	0.04131706988489981
9598	0.03904064895673188
9668	0.02719626255011681
9764	0.03343675187049359
9800	0.027497224146829705
9818	0.03262246529853967
9891	0.05076010988707141
9923	0.12046376948222798
9938	0.07784240027972919
9940	0.04346593944781687
9986	0.05044869764238821
10001	0.03639782562081984
10023	0.023541782316554943
10056	0.03236565041810194
10099	0.039072639988920056
10135	0.02001620512026379
10146	0.047370563285283905
10169	0.052692011731072595
10178	0.03934201465381272
10201	0.04623631414897978
10224	0.039206856382799186
10255	0.03464207134626987
10374	0.08539025838058749
10477	0.03587577046063331
10500	0.08139112949330794
10520	0.03262246529853967
10526	0.04623631414897978
10598	0.05404556182391384
10600	0.04198147036039371
10653	0.04865646889902364
10671	0.023541782316554943
10684	0.047370563285283905
10690	0.028461026580634912
10697	0.032886317071719906
10710	0.03807684652292668
10728	0.03762885936364962
10757	0.03904064895673188
10771	0.025564767900129487
10837	0.047370563285283905
10873	0.011975518887033474
10948	0.020793372631797306
10971	0.03904064895673188
11016	0.017495049174286046
11046	0.023341150324489683
11048	0.04430385790227956
11103	0.03956131561034984
11127	0.046682300648979366
11150	0.03639782562081984
11153	0.11393905911700537
11174	0.057262946566267674
11202	0.02285712949439662
11203	0.09498673357263411
11285	0.05681593652507674
11302	0.04522169372236684
11305	0.011150253977428267
11345	0.04522169372236684
11355	0.05404556182391384
11416	0.04198147036039371
11592	0.007665220707221976
11623	0.0119374080165511
11636	0.026403278211043463
11640	0.05015413879357169
11660	0.015587215767105426
11746	0.025947466759909728
11765	0.04198147036039371
11775	0.011697395909939875
11791	0.034968542858005165
11982	0.028631473283133837
12055	0.020536226294250396
12183	0.023746683393158528
12188	0.012214770822869616
12193	0.03655066583274138
12327	0.022577979882749743
12375	0.05681593652507674
12430	0.034968542858005165
12467	0.023047828543559964
12480	0.025947466759909728
12537	0.012309029199766508
12581	0.014262557637127797
12590	0.04164445121639955
12670	0.06190772165003937
12698	0.02276317765367743
12699	0.01967100732690636
12739	0.023573401828622338
12742	0.07868402930762544
12755	0.029161698237575834
12760	0.04069556474665397
12807	0.03464207134626987
12820	0.03720078945509117
12829	0.012272593793403458
12839	0.01816718147459483
