114
t_index	tf-idf
15	0.1365905197879008
191	0.07714020598088142
255	0.1697559278234022
321	0.09990307622001926
456	0.1697559278234022
471	0.23329305092252223
638	0.08038563596303448
722	0.09248463873773277
775	0.08880652854581944
865	0.06385771351034457
890	0.08998108721016297
902	0.03249048975823726
983	0.04093089586617512
1005	0.0840442326297949
1167	0.089387814815681
1170	0.07638298618136787
2057	0.031063452259829864
2167	0.05359521529875888
2169	0.10875023869912925
2716	0.0641005224764851
2891	0.029556684355751584
2909	0.02805515976681039
3009	0.08998108721016297
3115	0.05588415864743569
3181	0.05428031175363616
3356	0.09522696916046021
3378	0.06745899403915731
3495	0.07638298618136787
3650	0.11517067931377002
3817	0.06560204706542629
3818	0.1054894673720459
3871	0.05100716241313968
3881	0.06509278258970347
3889	0.2314206179426443
3999	0.11664652546126111
4209	0.06385771351034457
4472	0.045149072436393656
4569	0.08261719513138752
4682	0.06361693644221239
4739	0.09670281530795129
5113	0.10992479736347277
5210	0.1215911199284108
5369	0.10782134548237764
5531	0.14443161992871545
5536	0.1215911199284108
5725	0.059387863188759986
5806	0.09825847479853476
5842	0.05428031175363616
5882	0.06244237777786885
5934	0.04617677781647237
6014	0.11984678637332907
6177	0.13814589510515438
6348	0.026761021773667314
6388	0.042729774824767884
6726	0.11103988499275837
6769	0.08823675365508124
6805	0.04591638968880435
6947	0.1258129270240304
6986	0.07221580996435772
7001	0.06629635983747593
7133	0.04039105466947151
7179	0.07095087256644948
7181	0.11664652546126111
7261	0.09906902675740514
7327	0.03893125724884539
7416	0.05625304436343692
7449	0.11820218495184458
7769	0.18951438502847365
7779	0.07387943465379808
7976	0.11242834889104257
8212	0.05259721843111314
8505	0.07047221172130533
8653	0.06221311208886005
8777	0.04403515171174361
8865	0.06153607634050281
9235	0.08170369962179118
9339	0.07387943465379808
9433	0.08125760244198826
9474	0.13814589510515438
9495	0.028831893091476834
9514	0.06484149110824941
9554	0.103504356748832
9923	0.26994326163048893
9986	0.050243916287971015
9998	0.01759825073629908
10099	0.05837105449191514
10131	0.10048783257594203
10169	0.07871718647409674
10178	0.05877347632078694
10205	0.09522696916046021
10217	0.04403515171174361
10452	0.03348274987145564
10715	0.11376685496041769
10722	0.060657452598276596
10873	0.01789036179081357
10948	0.06212690451965973
11174	0.0855457572187361
11203	0.07095087256644948
11279	0.07422402190694598
11499	0.11984678637332907
11592	0.022902318129549907
11640	0.07492582966865872
11760	0.09522696916046021
11775	0.03494974152072786
11776	0.18142225038834023
11879	0.10992479736347277
12055	0.06135859693227358
12193	0.036402299369306855
12467	0.06886281839250963
12488	0.07685468867721067
12537	0.03677719316462312
12685	0.09595543064500081
12766	0.022902318129549907
12768	0.0685765205902091
