118
t_index	tf-idf
321	0.08867912161151523
554	0.05963799309717488
644	0.06847362429811873
865	0.05668339911521548
871	0.048336324955147704
901	0.05462259425602582
1170	0.0678014769606351
1194	0.12904402136294382
1240	0.037118285632811235
1301	0.026962971921144937
1981	0.12995644739695053
2089	0.3013682288335882
2237	0.06497822369847527
2317	0.08389771547213122
2530	0.07882925374056818
2689	0.05963799309717488
2767	0.12262541951342577
2801	0.0794855641145335
3159	0.07593482498018711
3167	0.02122366875135709
3181	0.04818200349016973
3193	0.04193492763625598
3199	0.07987185257311849
3356	0.08452836787806806
3388	0.0746019943340902
3433	0.04433304538019125
3495	0.0678014769606351
3817	0.0582317595192682
3871	0.04527658736685346
3881	0.05777971011214495
3889	0.20542087289435615
4059	0.06381710899316917
4298	0.041695112496360376
4540	0.08152017445408807
4569	0.0733352822702218
4670	0.10098532645957546
4726	0.08389771547213122
4949	0.027849634051887194
4990	0.02891248331006013
5033	0.0986618958955628
5113	0.0975749180340374
5329	0.06881644991190997
5345	0.07173850455356649
5366	0.12904402136294382
5369	0.06380519045807563
5488	0.0975749180340374
5548	0.033583473041437904
5654	0.09022748201556795
5656	0.06190412023856441
5781	0.0910383477311407
6173	0.0568989288731713
6391	0.049605660689956727
6612	0.04217701593931887
6625	0.07544801736246096
6665	0.11423258589797942
6701	0.06353489479850777
6779	0.07882925374056818
6805	0.04075775500854161
6909	0.03332418020774869
6959	0.03519707007035665
7097	0.08328226099865656
7165	0.06112618827964926
7416	0.04993310267180301
7527	0.12262541951342577
7565	0.08452836787806806
7566	0.08583840501551329
7592	0.09653231920148707
7779	0.06557919553773764
8105	0.048028608886426426
8167	0.08761825402762041
8371	0.07375057800177079
8505	0.020851589593707233
8645	0.04122213370615242
8922	0.0746019943340902
8938	0.06087205558836553
9306	0.05422966150961226
9395	0.1329810489558752
9420	0.0681353395545944
9443	0.030633259494228803
9514	0.11511330167245022
9668	0.07212843769638871
9764	0.08867912161151523
9923	0.3993592628655925
9924	0.09653231920148707
9938	0.13763289982381993
10099	0.15543947300925043
10133	0.06297965282777235
10311	0.0986618958955628
10325	0.09979719945693484
10733	0.12563361293740574
10776	0.0986618958955628
10853	0.05442537223546982
10984	0.06112618827964926
11016	0.046399411023384456
11071	0.08389771547213122
11150	0.09653231920148707
11203	0.1259593056555447
11205	0.17443857718317593
11481	0.0568989288731713
11519	0.05217036803455471
11537	0.049605660689956727
11640	0.06650802970668906
11663	0.04541427031349118
11775	0.031023192637051028
11876	0.031934853658185255
11909	0.09653231920148707
11940	0.11993449879990588
12157	0.1035414704764322
12188	0.0323953460387973
12193	0.03231255787960084
12327	0.05988008140023777
12467	0.06112618827964926
12485	0.10793054747648685
12537	0.0326453329424331
12581	0.03782637404772028
12600	0.09363789044110599
12649	0.05403543909264759
12719	0.04697989339123185
