73
t_index	tf-idf
3	0.045578912576964496
15	0.10248430717825525
250	0.08127563241218434
255	0.19105262956094635
456	0.19105262956094635
471	0.26256079188828846
569	0.0980608517874669
603	0.1489787737317173
841	0.0827647391337061
863	0.07186897235537365
871	0.061285703683732984
1301	0.034186395203305985
1651	0.1105854754388147
1879	0.06976205932745592
1999	0.08055599468539687
2057	0.0699210250101589
2157	0.057756340535331685
2640	0.07325898682100344
2907	0.1105854754388147
2909	0.03157481517686755
2917	0.09246379273462955
3009	0.1012696495649829
3093	0.08127563241218434
3097	0.3821052591218927
3650	0.1296193977632802
3692	0.07297616960846988
3869	0.08596560102955046
3871	0.0574062575040703
3889	0.08681781771327757
3946	0.073832140986966
4207	0.20390281749220515
4783	0.17450497371412665
4895	0.04358732589615991
5041	0.07815620328177174
5369	0.16179740596854486
5806	0.1105854754388147
6222	0.20418254868610544
6366	0.14356916738756373
6388	0.09618086326047705
6625	0.04783033091460226
6708	0.0370272176043414
6959	0.04462642141017261
7179	0.07985200250306117
7206	0.1081981258346659
7264	0.27787044727422394
7975	0.06524732504899347
8140	0.07132925377833835
8386	0.04901759743884451
8653	0.0700180477356387
8799	0.12112342238857285
8865	0.06925607457989137
9036	0.06976205932745592
9085	0.08091381451397114
9269	0.0945879878790344
9339	0.08314796686079777
9514	0.07297616960846988
9539	0.11839158747150773
9923	0.1012696495649829
9998	0.01980603636027663
10016	0.14356916738756373
10173	0.09570473181999431
10217	0.04955957435781527
10655	0.12509357553230427
10715	0.1280394568587795
10722	0.0682672232419774
11016	0.05882988741319348
11305	0.03749450370706872
11372	0.21479396592041808
11889	0.030723616790494325
12262	0.06707216640916347
12327	0.07592205093494511
12525	0.07297616960846988
12537	0.041391069826331374
