91
t_index	tf-idf
1	0.07954326729402739
15	0.039708275357449134
189	0.04587166449930026
231	0.07048415858211676
277	0.19559459880974467
319	0.16100255865384935
355	0.04889864970243617
393	0.45816485304585214
433	0.1380439443388463
726	0.07847529521343015
880	0.06161007232172461
950	0.07795788396910712
989	0.09200063425099192
1465	0.06565686366310079
1645	0.07416296111577725
2114	0.08712856937130162
2264	0.06413557630228005
2268	0.23567489413072773
2273	0.14083044013438542
2506	0.036080218152106804
2530	0.07745092619558792
3162	0.08009479622722507
3241	0.11013504635053571
3629	0.08787768638287112
3633	0.11783744706536387
3929	0.07460710645023758
4260	0.04435037713847952
4337	0.10766288554667164
4415	0.06629217750319051
4457	0.045416319265704955
4638	0.07795788396910712
4985	0.05252670690777849
5012	0.07010680475981142
5155	0.08712856937130162
5286	0.09693679509478174
5320	0.09386026682263708
5544	0.03351367809322922
6071	0.07416296111577725
6113	0.12048131709700101
6149	0.11326235081493886
6278	0.14083044013438542
6299	0.11326235081493886
6431	0.09693679509478174
6448	0.14083044013438542
6724	0.0818260727322997
6909	0.03274150774397795
7084	0.12048131709700101
7109	0.06865169824518044
7215	0.04050136572150249
7574	0.041083608925733865
7832	0.03819354926122368
7975	0.050561082388468154
8089	0.014804717706296279
8167	0.04304312551538936
8558	0.08368570530394487
8665	0.1061812615627248
8666	0.07505925483254176
9124	0.07125632893136802
9248	0.14804940641644757
9736	0.09200063425099192
9783	0.17030829994506866
9804	0.12343691233363109
9934	0.08944654448078539
9997	0.05956048005185505
10116	0.09202929622589755
10132	0.14410603336006206
10152	0.08944654448078539
10217	0.03840442072316905
10503	0.07329758031490459
10781	0.07287582994516294
10945	0.14083044013438542
10993	0.09386026682263708
11388	0.13523097486611824
11418	0.06597251004261562
11429	0.08305039146385515
11536	0.05835960229005811
11541	0.05859522426818527
11623	0.03110616983707189
11660	0.04061673859739187
11663	0.13386060877295322
11689	0.08712856937130162
11696	0.07646673902188274
11807	0.07086727375361551
12112	0.11125379462339145
12170	0.08243076599958228
12240	0.11783744706536387
12537	0.03207453010624629
12581	0.0743299616728192
12607	0.11125379462339145
12666	0.04922244201816981
12829	0.015989793862692173
