163
t_index	tf-idf
82	0.04781773577746975
272	0.06112893644423092
687	0.04648630224281501
729	0.04051998643502643
807	0.05081432651329829
908	0.1108481796418294
939	0.06803114563972906
977	0.03442221620493664
1020	0.03147732611972863
1040	0.05613744152145496
1044	0.05054486770470456
1100	0.07641454138896786
1122	0.083593742206883
1183	0.065428407903654
1471	0.042642983516864914
1587	0.055777268625014066
1734	0.10730814082198666
1764	0.05473766356853385
1860	0.05974689436488489
2003	0.09470108500317227
2069	0.027836025060150538
2087	0.03677233686747494
2139	0.065428407903654
2294	0.06295465223945726
2349	0.06221225353664267
2464	0.03204872819801318
2615	0.02573645623862745
2621	0.11712138242281595
2716	0.08103997287005286
2729	0.04130747466583416
2731	0.05888062888911148
2872	0.0956354715549395
2909	0.017734562048237326
2913	0.11610750601029832
3167	0.015114217208260635
3187	0.04371318258713569
3216	0.04353038570264059
3305	0.044272861727914836
3575	0.08063820145854343
3692	0.04098837635991174
3843	0.08367660402177413
3900	0.04555424239400651
4155	0.05687991754672919
4428	0.11861720959513765
4501	0.0492543878168375
4587	0.019882321743717034
4620	0.10212989998038098
4734	0.04900692635449698
4735	0.20773579959625585
4856	0.048049434922409845
4920	0.033986551377780984
4949	0.019832830184172562
4990	0.08235890936632097
5314	0.03029763202479158
5369	0.022719104762133322
5411	0.10815240775451862
5469	0.03715259051330313
5487	0.06803114563972906
5548	0.02391612459196536
5673	0.05805375300514916
5675	0.08367660402177413
5690	0.03947182024075105
5838	0.056504891128098936
5891	0.0673447193873482
5913	0.08326454291198426
5929	0.06803114563972906
5946	0.040063356504242406
5970	0.024803526777741038
5978	0.03767228692329644
6061	0.05407620387725931
6086	0.05136552435902515
6186	0.07575897934233328
6227	0.05252071487792408
6554	0.02793800391089453
6556	0.03486857325382655
6559	0.06295465223945726
6570	0.06604501396699322
6614	0.03129077949047021
6779	0.05613744152145496
6992	0.08541011862097324
7327	0.07382907134027344
7366	0.06733303450296552
7483	0.04083090232936448
7498	0.4744688383805506
7501	0.05066151213415165
7519	0.06065649074122421
7565	0.12039201396668901
7667	0.07471937428585307
7726	0.021650560738672907
7754	0.032638665434125594
7811	0.01822555997716471
7862	0.06202899736156005
7958	0.06161398217331134
8021	0.04130747466583416
8035	0.07779783634358453
8036	0.039963421434638435
8037	0.014367166126514029
8112	0.031952239181744745
8269	0.08541011862097324
8335	0.06874449734026933
8342	0.062112318467038706
8386	0.0275316139893538
8475	0.08063820145854343
8543	0.06668325969607368
8546	0.20773579959625585
8645	0.058711836292008775
8681	0.06803114563972906
8724	0.02838132054109738
8805	0.02176012815984081
8877	0.02485051114373258
8879	0.02902521563717776
8882	0.04876278662295011
8892	0.053127042253840795
8917	0.0370249539410117
8985	0.13336651939214736
9012	0.09801717443978761
9186	0.039183113593076
9212	0.05726283983564191
9322	0.07280306280215887
9377	0.08946868408286276
9381	0.04114722572691169
9390	0.035559345017376086
9426	0.03567706799735631
9443	0.02181516038612228
9489	0.05805375300514916
9496	0.06604501396699322
9507	0.065428407903654
9570	0.04446331516352701
9580	0.027912930616212063
9812	0.10207573990167713
9891	0.02212396469551456
10006	0.05054486770470456
10184	0.05687991754672919
10185	0.10162865302659659
10452	0.02116551500959248
10535	0.06483202211689436
10727	0.04146914805844495
10750	0.09656824763234134
10803	0.07280306280215887
10873	0.011309068773150993
10920	0.03780456486568732
11153	0.061484703807937746
11175	0.025330756067075823
11199	0.052224966298079996
11305	0.021059461432668392
11401	0.033772570828406845
11541	0.0424705828240847
11663	0.03234130507379307
11734	0.06668325969607368
11775	0.022092847259506884
11857	0.09761701248181458
12028	0.07686162826404842
12055	0.01939336388623077
12193	0.023011055443256143
12228	0.06112893644423092
12330	0.05974689436488489
12357	0.3062272197050315
12406	0.05888062888911148
12557	0.0737359922630453
12567	0.05108783748564055
12584	0.034981895345715774
12638	0.07751693708042158
12810	0.10207573990167713
