143
t_index	tf-idf
56	0.031846245908030694
91	0.024639566197725567
177	0.05360230917129374
179	0.0491375521462242
180	0.0487577839592064
183	0.04838763119716798
184	0.03400204216561377
190	0.026726197734520958
211	0.05308926519213981
250	0.0366949826290494
321	0.05076369908876655
355	0.02848980945346596
394	0.04455179923205147
474	0.1438360418256755
597	0.04767430664557845
764	0.026726197734520958
998	0.0541340133356919
1011	0.05780829389844867
1075	0.07751955124857061
1100	0.030712324887705283
1206	0.03320437600403924
1240	0.04249616929697328
1301	0.015434751362784459
1894	0.03621028896545751
2121	0.03499122873436843
2198	0.046029850053612195
2223	0.11171206226850448
2271	0.03499122873436843
2294	0.05060512561159873
2396	0.041746304119863166
2487	0.056478263471197956
2736	0.05525920324010888
2762	0.03093218246167589
2822	0.09553873772409208
2865	0.054685786484921686
2907	0.1497840858256109
2958	0.13731121140581687
3070	0.08625799289286291
3112	0.0491375521462242
3133	0.03441781197918125
3202	0.04542058468261994
3318	0.02631664005325605
3514	0.0491375521462242
3552	0.051650046407097305
3759	0.07387028367703417
3808	0.026236087490507452
4083	0.22317778538236901
4128	0.041516059154227083
4148	0.03093218246167589
4372	0.14774056735406835
4426	0.024857241481498208
4457	0.013230450020926099
4501	0.039592379494255286
4836	0.03413932254658012
5086	0.034277904182778915
5162	0.051200156967416345
5314	0.02435428391402695
5414	0.02421370347364785
5441	0.06599001838712246
5448	0.035588056628511805
5467	0.23636877886733598
5656	0.03543655005866959
5769	0.019224607651164217
5797	0.038253643944297755
5864	0.1906972265823138
5970	0.019937932202753743
6061	0.08693664383684704
6071	0.04320954962050892
6123	0.06726214674600185
6129	0.08625799289286291
6342	0.051650046407097305
6388	0.021712258655160473
6391	0.028396388987658037
6556	0.028028564476783722
6583	0.07612400563999268
6621	0.12747259284832793
6696	0.03060362362002213
6909	0.019076177410245327
6953	0.0585216184500382
6985	0.024074461914943193
7007	0.15757918591155728
7101	0.4312899644643145
7132	0.10067978792272883
7139	0.16410401633141594
7321	0.030176724586534125
7416	0.028583830698101366
7481	0.024283824726311024
7531	0.030071919455623968
7578	0.08625799289286291
7632	0.13281992939835105
7779	0.11262095817812469
8036	0.032123979557171015
8057	0.08625799289286291
8058	0.12747259284832793
8060	0.04238217107730548
8103	0.02014829918687201
8385	0.060897686341636774
8458	0.08625799289286291
8498	0.08205200816570797
8639	0.08625799289286291
8686	0.05780829389844867
8719	0.023936533975427096
8855	0.05525920324010888
8917	0.11904775124938137
8922	0.042705352996029906
9219	0.21058800934283226
9261	0.027319564804135405
9458	0.03807202355710639
9692	0.041980233160900916
9704	0.07242057793091503
9752	0.0541340133356919
9891	0.05928002525715284
9938	0.03939346141687254
10099	0.029660054102796513
10128	0.05327698291935712
10179	0.07117611325702361
10185	0.040846312140575505
10209	0.02568431434127766
10224	0.029761937812345342
10318	0.06272760317719314
10452	0.017013572589053186
10518	0.12963954747558382
10697	0.04992802860853696
10708	0.05780829389844867
10773	0.025997058954072998
10775	0.05308926519213981
10873	0.027271861194881983
10896	0.05360230917129374
10928	0.08205200816570797
11209	0.029761937812345342
11367	0.17251598578572583
11465	0.03513816718883083
11519	0.02986453650114238
11524	0.23708615759637772
11592	0.011637343212567696
11632	0.08205200816570797
11876	0.027421301746476768
12055	0.0311781125169666
12537	0.03737515275358976
12658	0.07878959295577864
12672	0.07191802091283775
12699	0.02986453650114238
12829	0.03726452023689348
