142
t_index	tf-idf
56	0.03232979635330783
91	0.02501369108644098
177	0.05441620166407027
179	0.04988365218227722
180	0.04949811763031755
183	0.04912234450305865
184	0.034518326021393715
190	0.027132005843031274
211	0.05389536767270319
250	0.03725215584315308
321	0.05153449038922867
355	0.028922396078805375
394	0.045228269621018835
474	0.0730100174745764
597	0.0483981888976129
764	0.027132005843031274
998	0.05495597917520428
1011	0.058686049673368997
1075	0.07869660092758718
1100	0.031178657981340063
1206	0.033708548170776606
1240	0.04314142719159193
1301	0.015669111196460625
1894	0.03676010263591107
2121	0.03552253230729698
2198	0.04672876302921825
2223	0.11340828786472588
2271	0.03552253230729698
2294	0.05137350914708551
2396	0.04238017613115553
2487	0.05733582418742324
2736	0.05609825385880915
2762	0.031401853852329985
2822	0.09698938905992349
2865	0.055516130396774915
2907	0.15205839349771672
2958	0.13939613210914165
3070	0.08756772625963119
3112	0.04988365218227722
3133	0.034940408845262755
3202	0.046110246629320235
3318	0.026716229475905743
3514	0.04988365218227722
3552	0.05243429592306423
3759	0.07499192321558246
3808	0.02663445381051271
4083	0.22656649618392682
4128	0.04214643514730814
4148	0.031401853852329985
4372	0.1499838464311649
4426	0.025234671531540895
4457	0.013431339947396911
4501	0.040193546513731214
4836	0.03465769085493686
5086	0.03479837670185124
5162	0.051977575403842166
5314	0.02472407710299632
5414	0.024581362102244275
5441	0.06699200470811903
5448	0.03612842238085077
5467	0.23995778049098074
5656	0.03597461534929884
5769	0.01951651231135069
5797	0.038834483727302554
5864	0.1935927555904516
5970	0.020240667916796438
6061	0.08825668177662838
6071	0.04386563941581985
6123	0.06828344894605562
6129	0.08756772625963119
6342	0.05243429592306423
6388	0.02204193557755174
6391	0.028827557125306005
6556	0.02845414760116103
6583	0.07727986548387511
6621	0.1294081248796527
6696	0.031068306203686526
6909	0.01936582831941524
6953	0.05941020527881473
6985	0.02444000631262187
7007	0.15997185366065383
7101	0.437838631298156
7132	0.10220850048812939
7139	0.16659575650066497
7321	0.030634925174853528
7416	0.029017844933302252
7481	0.024652548069506664
7531	0.030528528692552525
7578	0.08756772625963119
7632	0.13483665489207883
7779	0.07622065624371363
8036	0.03261174708442692
8057	0.08756772625963119
8058	0.1294081248796527
8060	0.02151284901676296
8103	0.020454229093697606
8385	0.06182235116498476
8458	0.08756772625963119
8498	0.08329787825033248
8639	0.08756772625963119
8686	0.058686049673368997
8719	0.024299984088060004
8855	0.05609825385880915
8917	0.12085536126696789
8922	0.043353787116540796
9219	0.21378555815225322
9261	0.02773438254321736
9458	0.038650105632990824
9692	0.042617657129063916
9704	0.07352020527182214
9752	0.05495597917520428
9891	0.060180127664573736
9938	0.039991608082703974
10099	0.03011040961439339
10128	0.054085935688486526
10179	0.07225684476170154
10185	0.04146651875709616
10209	0.02607430258894207
10224	0.03021384031674197
10318	0.06368005328811345
10452	0.017271905097850305
10518	0.13160798234506202
10697	0.05068613116590557
10708	0.058686049673368997
10773	0.026391795886942307
10775	0.05389536767270319
10873	0.027685954606783823
10896	0.05441620166407027
10928	0.08329787825033248
11209	0.03021384031674197
11367	0.17513545251926238
11465	0.03567170186162869
11519	0.030317996854517373
11524	0.2406860518321332
11592	0.011814043552963576
11632	0.08329787825033248
11876	0.0278376642498588
12055	0.03165151808677908
12537	0.03794265360780322
12658	0.07998592683032692
12699	0.030317996854517373
12829	0.028372755942922948
