88
t_index	tf-idf
264	0.13917326590714318
841	0.07408582367703279
872	0.024027019187228313
1240	0.04212726086394298
1428	0.09317243345938775
1461	0.16267943250373637
1511	0.038214200573553465
1716	0.10184539719852632
1895	0.08946696970032868
1981	0.22124038329520146
2049	0.18277146111036863
2057	0.03129446660764259
2109	0.05575110097881971
2225	0.171018377812072
2579	0.14258740389710411
2615	0.04101652458840877
2829	0.11461292240912083
2941	0.10151137876772338
3164	0.08418207489378758
3193	0.04759389087413868
3889	0.07771388640203208
4130	0.03611556479917203
4344	0.06634989176493859
4421	0.08276781050419198
4569	0.08323160711920366
4640	0.044362634689760115
4644	0.04015759744873233
4701	0.23502801719598437
4920	0.10832961673796593
4949	0.03160783906550115
5033	0.11197595349203007
5252	0.07308040485275552
5369	0.036207732349105
5584	0.08370294547226545
5594	0.1276989832566072
5690	0.06290675260194094
6405	0.18277146111036863
6473	0.10064604077542051
6523	0.09383882303836605
6744	0.06996055030446625
6805	0.04625786315830635
6958	0.04942820938292583
6985	0.047730943942851156
7097	0.0945208938024886
7103	0.08141935016109116
7120	0.13917326590714318
7280	0.13083432059880756
7416	0.11334278004163184
7481	0.09629206923292595
7592	0.1095589983069609
7754	0.05201666503340848
7769	0.14319283182855347
7780	0.08670424496763225
7821	0.03281411589630715
7975	0.05840532900331656
8037	0.04579427853081484
8089	0.05130474077635686
8167	0.04972100651925007
8505	0.047330868830078254
8631	0.14645803431404963
8660	0.10427410350041981
8914	0.09521940157869443
9433	0.08186190333797193
9578	0.10842212043635967
9628	0.11602718679871642
9713	0.07732995138472774
9923	0.2719507901566292
9938	0.15620595012647037
9962	0.11326446206601998
9998	0.01772912635123349
10302	0.11197595349203007
10477	0.05399379507040056
10558	0.04800700955364357
10853	0.0617698747313397
10873	0.018023409792905183
10934	0.1333564906726522
10948	0.03129446660764259
11393	0.18277146111036863
11537	0.1688992828672117
11544	0.0342448079825919
11640	0.07548304209728551
11652	0.09065026338554308
11702	0.13014547875831495
12055	0.030907455918413002
12205	0.18277146111036863
12411	0.08466925728661646
12525	0.19597112336103034
12742	0.05921056606172636
