21
t_index	tf-idf
801	0.26787530915809304
1022	0.17784983182783715
1387	0.21854763564552743
2063	0.24366499603958552
2537	0.1699237905593474
2656	0.30433365293364667
3214	0.13397938165762285
3900	0.09149865213829456
4417	0.17938808036267978
6042	0.2226457624185043
7501	0.10175693485295696
7584	0.14427451270792901
8112	0.12835629194064696
8171	0.5208772950531082
8671	0.25811895724710077
8879	0.11659805845764783
9527	0.2558706534966713
9891	0.02962494589909123
10342	0.23485141987559013
11175	0.10175693485295696
12371	0.1699237905593474
