95
t_index	tf-idf
1	0.06859723735224674
15	0.034243979185248206
91	0.03647065632785418
277	0.12650897029826605
319	0.1388468327491799
355	0.042169656766088685
393	0.4390181349655841
433	0.1587301022783643
614	0.07934033336780474
678	0.060459336028273816
726	0.06767622999624387
872	0.017937709344795483
902	0.02443662246971297
950	0.06723002023968018
1235	0.05860330714224402
1301	0.022845999314304186
1465	0.11324351170674148
1589	0.05744887843527098
1677	0.1364506067262845
2069	0.03311954931376801
2138	0.11662170282717768
2233	0.04360332039879229
2269	0.19302103987305907
2918	0.03745200158554075
3091	0.09284728632749223
3162	0.13814573965561355
3167	0.01798302958437134
3238	0.13170544048967525
3241	0.09497925056789398
3633	0.10162171608372594
3891	0.1364506067262845
3979	0.09145064649592932
3981	0.02966658500801785
4134	0.05505670733929367
4457	0.0587498000456584
4472	0.03395734709434967
4620	0.030378765031117288
4644	0.029980219577281527
4791	0.10390176047036535
5012	0.12091867205654763
5101	0.11267619022659905
5544	0.028901826753106683
6144	0.06594407326577413
6173	0.04821103896939842
6449	0.272901213452569
6724	0.07056590361157103
6826	0.061791473855337314
7025	0.07934033336780474
7109	0.23681787280634214
7198	0.07858094294288222
7215	0.0349279315773928
7377	0.0487683334531399
7591	0.031705795676261236
7769	0.03563420799425254
7862	0.0369013253968644
7975	0.04360332039879229
8089	0.012767425440016727
8103	0.08946850232732866
8558	0.07216963025299215
8666	0.06473027440774046
8799	0.08094406000922587
8933	0.051792838697715636
9783	0.09791466767560279
9844	0.0461151693666673
9886	0.15569459916808098
9934	0.07713771448947562
10056	0.07273175033748686
10101	0.08556589035502277
10116	0.11904757670877321
10132	0.24855091098409562
10217	0.06623909862753602
10479	0.07451141621214964
10503	0.12642205142570032
10547	0.10390176047036535
10710	0.08556589035502277
10781	0.06284731284058877
10873	0.026911260506182533
10937	0.11662170282717768
10984	0.051792838697715636
11057	0.05860330714224402
11202	0.05136430179349242
11429	0.07162174259682247
11481	0.04821103896939842
11519	0.044204481458133806
11521	0.12145061998283278
11612	0.06636428853694415
11656	0.07451141621214964
12055	0.04614879245164712
12157	0.08773173708093858
12188	0.054897809896735046
12464	0.1364506067262845
12674	0.05480652644319676
12718	0.050328678042301546
12748	0.0324011295971216
12870	0.12145061998283278
