120
t_index	tf-idf
393	0.047173488967901696
395	0.07940913723862122
433	0.04263976890891602
758	0.08973863561824953
775	0.07177039769281732
841	0.05943164328143162
871	0.044007993231260006
872	0.01927447334157327
890	0.0727196358156653
929	0.14661925506950818
991	0.059159674041318715
993	0.12107310822174458
1022	0.1132036233606111
1023	0.03988618842827121
1075	0.04109756153227816
1240	0.03379448612198988
1511	0.03065542939325623
1716	0.04085018574231605
1944	0.04317743690790095
1981	0.11831934808263743
2056	0.14661925506950818
2057	0.02510441922352098
2109	0.04472352983972372
2226	0.10697856876736904
2430	0.1122732860650363
2615	0.03290345354880734
3115	0.09032732968017282
3167	0.019323170961361165
3193	0.038179816386168866
3420	0.13050143093414843
3524	0.10919482638116276
3817	0.1060346594883357
3861	0.14661925506950818
3889	0.18702622494124044
4120	0.07041546465688837
4304	0.08345553109949753
4369	0.06026717406302979
4430	0.03774516625549784
4483	0.26100286186829685
4516	0.07177039769281732
4531	0.1371909323571043
4640	0.03558770287011923
4663	0.0781519064680684
4811	0.10137080215024712
4920	0.04345100600387124
4949	0.025355806590297996
4970	0.03873480943620981
5033	0.08982710313173702
5054	0.18388495887568657
5113	0.08883745995102506
5347	0.08143242191960542
5369	0.029045840704726652
5415	0.07474292049664953
5498	0.10919482638116276
5515	0.03679592813264987
5531	0.11672469323416339
5934	0.0373184918083041
6018	0.06265420188094278
6348	0.021627342120138088
6708	0.026588477308073448
6985	0.03828976034961663
7001	0.0535784495693561
7097	0.0758246553024835
7170	0.0639463734619017
7181	0.09426973060342816
7261	0.40032098798630733
7327	0.031462910004295436
7481	0.03862274606293056
7547	0.07370927899637728
7592	0.08788822182817708
7726	0.05535946464155064
7754	0.08345553109949753
7769	0.03828976034961663
7805	0.06676839020664435
7821	0.02632348179115215
7929	0.061133849717882834
8037	0.03673616747299034
8089	0.013718886651239388
8167	0.03988618842827121
8186	0.10495528408638481
8335	0.08788822182817708
8505	0.018984410059150626
8598	0.06676839020664435
8777	0.03558770287011923
8877	0.01588539679862178
8892	0.06792167308415734
9221	0.10137080215024712
9261	0.04345100600387124
9433	0.06566961391602416
9515	0.07177039769281732
9539	0.04250727222593001
9635	0.11438360679878866
9713	0.06203408233270865
9923	0.2908785432626612
9924	0.08788822182817708
9938	0.06265420188094278
9986	0.0812108279127651
9998	0.02844460817743692
10001	0.08788822182817708
10424	0.0758246553024835
10477	0.043313819146071866
10696	0.05046379313983165
10792	0.06998081452621736
10873	0.014458378247862697
10984	0.055652573557457556
11203	0.0573400674942405
11400	0.06297057553610905
11401	0.04317743690790095
11402	0.14661925506950818
11481	0.051803848948797575
11537	0.04516366484008641
11640	0.060552491813813517
11652	0.0727196358156653
11656	0.08006419759726145
11716	0.0722401733663458
11760	0.07695917811044324
12055	0.024793959271983395
12193	0.029419092778974917
12327	0.05451805074949785
12411	0.13584334616831467
