470
t_index	tf-idf
179	0.019487975072958002
184	0.013485225071474495
518	0.030190814551593125
554	0.013539670531726918
560	0.036561006853718894
578	0.0186379096473344
596	0.0251673231592313
600	0.02617167069221013
604	0.011683211487238172
607	0.012537458953370903
616	0.02030600506397464
632	0.04837847182434155
633	0.014114239114061126
644	0.015545632321985305
660	0.05206775403507834
687	0.01481988648973898
738	0.0192619514107723
758	0.011188622088984157
762	0.01980147839008437
764	0.02119924385713679
854	0.13216530532868845
858	0.012180521733420933
864	0.019190556090457472
865	0.03860665871441378
872	0.0048062865386200885
901	0.012401019742728786
902	0.00654762586280839
918	0.020746943718193533
932	0.058012076522377186
983	0.008248573485825635
1021	0.028522719134952888
1042	0.021688407283535154
1044	0.01611376181546839
1049	0.01664937917464956
1081	0.01838016059549379
1099	0.05567953221770074
1100	0.024361043466841866
1116	0.010095095254678122
1144	0.03124798766860648
1157	0.019892055894069526
1167	0.01801382412090896
1171	0.012820363788331714
1203	0.014747205899384769
1206	0.02633774063283552
1240	0.01685399967607576
1289	0.036561006853718894
1301	0.006121429266971764
1327	0.06841991682195227
1428	0.0372758192946688
1462	0.04430505366565425
1475	0.03905081552630875
1490	0.011449687354191999
1491	0.020484431416186884
1497	0.011299071122026392
1511	0.007644244022513953
1555	0.027525426745451262
1561	0.012820363788331714
1589	0.03078606814000787
1605	0.0292375315759028
1716	0.010186410510628144
1737	0.01667420075931348
1756	0.02146957380672461
1879	0.012491621569097527
1944	0.010766734328089481
1947	0.020858651507097713
1996	0.0693876845267253
1999	0.014424387846821693
2057	0.006260043013140795
2071	0.02146957380672461
2076	0.011299071122026392
2106	0.021688407283535154
2157	0.010341872876727784
2167	0.02160148526071196
2199	0.02444791127248908
2233	0.011683211487238172
2245	0.03427385326043048
2261	0.017239555838856422
2264	0.02963977297947796
2269	0.017239555838856422
2277	0.011723063183040174
2290	0.025277843557622425
2298	0.06574747387233319
2332	0.04096886283237377
2422	0.02030600506397464
2440	0.024712488478079487
2464	0.010217171319718436
2493	0.008075474096702388
2535	0.09900739195042184
2567	0.03254186299433589
2577	0.0076839592388367245
2580	0.057045438269905775
2584	0.014685033925409827
2615	0.008204811776861536
2621	0.012446143697420883
2631	0.028349911775691176
2634	0.02897691840994391
2649	0.02722884380922348
2684	0.0266761973661004
2729	0.01316887031641776
2765	0.024877795366480715
2788	0.03651091807696888
2801	0.027068525303634527
2817	0.02783976610885037
2878	0.018907651255496667
2894	0.1304653675313408
2898	0.015099381504598849
2909	0.022615194912882754
3061	0.07023525756443967
3158	0.057045438269905775
3161	0.04701423786468201
3167	0.014455289360575193
3175	0.028522719134952888
3187	0.013935812761848876
3200	0.024877795366480715
3203	0.014888507396113665
3212	0.01365011956476915
3214	0.0106326613280146
3242	0.011299071122026392
3300	0.014553246459032079
3325	0.02239930445487679
3335	0.01825545903848444
3339	0.03254186299433589
3343	0.015099381504598849
3349	0.03867471768158479
3366	0.10629349849119711
3422	0.01964260820789219
3432	0.012401019742728786
3438	0.053725144351834425
3439	0.01481988648973898
3475	0.01904737847241603
3491	0.036561006853718894
3492	0.07312201370743779
3538	0.0266761973661004
3556	0.034209958410976134
3586	0.02146957380672461
3635	0.018133382973444124
3640	0.018771212044854546
3658	0.02722884380922348
3661	0.14624402741487558
3791	0.02617167069221013
3818	0.021258699698239424
3824	0.012401019742728786
3839	0.04466552218834099
3869	0.03078606814000787
3871	0.010279186872523797
3886	0.016743664161222527
3969	0.034209958410976134
3981	0.015897917111945537
3992	0.03651091807696888
3995	0.01734403432160499
4011	0.024104277306335107
4095	0.03254186299433589
4130	0.050571078377809435
4136	0.013324890462221985
4148	0.012267717345208637
4200	0.010217171319718436
4204	0.030190814551593125
4209	0.012868886238137929
4218	0.025277843557622425
4241	0.023820622249467367
4248	0.01611376181546839
4264	0.013272415905766426
4276	0.013016938508769584
4304	0.03121573196231607
4330	0.015393034070003935
4430	0.009412142228575605
4457	0.010494404745460519
4514	0.017781857232108633
4552	0.018507603064354956
4555	0.024152049534234395
4587	0.03803104189986173
4598	0.010095095254678122
4617	0.014114239114061126
4636	0.017036082368152586
4640	0.01774831345208669
4644	0.008032994793784554
4682	0.012820363788331714
4709	0.015099381504598849
4739	0.058463925218873995
4765	0.014553246459032079
4783	0.015623464348509189
4859	0.009022841767878176
4869	0.030190814551593125
4878	0.05167127265973661
4889	0.016465287556803883
4895	0.04682858151431897
4920	0.021669903145468843
4921	0.02603387701753917
4949	0.025290916069379134
5012	0.016199665592803933
5086	0.027189264140768506
5091	0.030194920902409886
5093	0.01664937917464956
5135	0.05669982355138235
5195	0.012630235315266558
5256	0.02617167069221013
5304	0.01789668076472806
5469	0.011844288481603345
5476	0.02239930445487679
5515	0.009175440019859543
5544	0.007744046811935364
5548	0.007624487959400201
5578	0.015318214981409393
5585	0.020484431416186884
5617	0.16703859665310222
5652	0.03781530251099333
5663	0.02239930445487679
5678	0.03254186299433589
5683	0.02105522622753559
5718	0.0533523947322008
5727	0.019190556090457472
5769	0.007624487959400201
5771	0.09801430110227954
5823	0.024503575275569886
5838	0.01801382412090896
5842	0.010938806269896396
5886	0.025277843557622425
5896	0.015702355346621177
5925	0.013485225071474495
5934	0.01861149320567797
5963	0.034209958410976134
5985	0.5582089189748399
5986	0.25055789497965336
6018	0.031246928697018377
6168	0.012094617956085388
6220	0.06249597533721296
6298	0.012267717345208637
6323	0.015623464348509189
6353	0.013016938508769584
6360	0.07312201370743779
6388	0.017222182911767112
6458	0.036561006853718894
6466	0.04900715055113977
6488	0.028848775693643386
6544	0.03905081552630875
6554	0.008906667700663048
6559	0.020070015363158968
6569	0.017669263424152155
6575	0.07312201370743779
6601	0.010469315345588953
6603	0.022406450681795052
6604	0.019964824372510015
6636	0.025707551142918155
6660	0.014114239114061126
6682	0.08343460602839085
6708	0.0066301080347842154
6716	0.03867471768158479
6798	0.01774831345208669
6805	0.037013088185533706
6810	0.021915824624111065
6828	0.036671866908733614
6958	0.009887457763030842
6959	0.0319632977359401
6985	0.01909588464224467
7001	0.006680166465817221
7057	0.02013290567485139
7097	0.09453825627748333
7119	0.015318214981409393
7133	0.04883869393434854
7134	0.019190556090457472
7136	0.02066852303403256
7140	0.036561006853718894
7165	0.02775507381069012
7206	0.029060997957387764
7281	0.012180521733420933
7327	0.04707358529790591
7328	0.08351929832655111
7340	0.02012994726827326
7346	0.10968302056115667
7353	0.03867471768158479
7483	0.02603387701753917
7565	0.019190556090457472
7584	0.011449687354191999
7587	0.03124798766860648
7591	0.016990702215750598
7650	0.016839507647714715
7651	0.025260470630533115
7700	0.011044555077749079
7726	0.006902223603640667
7808	0.023526381342636727
7811	0.023241317725180684
7821	0.013128057399061324
7832	0.008825430398003091
7846	0.0266761973661004
7894	0.019190556090457472
7929	0.015244349028169103
7932	0.016743664161222527
7946	0.014957950129279399
7994	0.01964260820789219
7997	0.034209958410976134
8017	0.024152049534234395
8034	0.024152049534234395
8049	0.03602764824181792
8060	0.008404393965683508
8089	0.013683777308609904
8102	0.07312201370743779
8105	0.010903980946504896
8112	0.030559231531884428
8117	0.019190556090457472
8156	0.01481988648973898
8212	0.010599621928568396
8282	0.025707551142918155
8326	0.034900859894683216
8386	0.017554220254832015
8390	0.016743664161222527
8391	0.020484431416186884
8397	0.018907651255496667
8407	0.014957950129279399
8454	0.01825545903848444
8493	0.036561006853718894
8504	0.012537458953370903
8505	0.009467912600665816
8521	0.01713692663021524
8542	0.0266761973661004
8651	0.008518315093987903
8665	0.012267717345208637
8722	0.028349911775691176
8745	0.02722884380922348
8753	0.03602764824181792
8765	0.025277843557622425
8773	0.021688407283535154
8775	0.01316887031641776
8777	0.01774831345208669
8792	0.017781857232108633
8804	0.08168653142767043
8805	0.020811461469654124
8815	0.03124798766860648
8865	0.012401019742728786
8874	0.01664937917464956
8875	0.024877795366480715
8877	0.019805928660363206
8890	0.018771212044854546
8899	0.02030600506397464
8910	0.023209699949840474
8974	0.023209699949840474
8997	0.014361016736110786
9008	0.013935812761848876
9011	0.028522719134952888
9048	0.01801382412090896
9068	0.010279186872523797
9109	0.009439049000359133
9124	0.032930575113607766
9260	0.05663429400215479
9286	0.04975559073296143
9307	0.011763190671318364
9325	0.034209958410976134
9327	0.01481988648973898
9360	0.036561006853718894
9389	0.11462771668895921
9390	0.011336359989537146
9421	0.013594632070384253
9443	0.006954698160096226
9447	0.030190814551593125
9458	0.015099381504598849
9489	0.018507603064354956
9493	0.036561006853718894
9495	0.005810329431295171
9497	0.015863432340986347
9503	0.01277224401909891
9510	0.030636429962818786
9534	0.017036082368152586
9541	0.014361016736110786
9589	0.025277843557622425
9595	0.017669263424152155
9638	0.02783976610885037
9641	0.023820622249467367
9651	0.03124798766860648
9652	0.009800697058343626
9670	0.05110824710445775
9735	0.016839507647714715
9876	0.241526516412745
9941	0.14047051512887934
9987	0.014424387846821693
9998	0.0638365788061221
10051	0.025707551142918155
10116	0.0212653226560292
10121	0.03260809061019198
10128	0.04930257537749131
10131	0.01012537416899028
10167	0.012401019742728786
10209	0.010186410510628144
10224	0.011803597795916667
10357	0.013994680261525963
10424	0.018907651255496667
10474	0.019190556090457472
10476	0.014957950129279399
10477	0.02160148526071196
10660	0.02633774063283552
10665	0.012967166538666634
10682	0.017450429947341608
10727	0.026440823958946844
10840	0.02146957380672461
10873	0.0252374087001204
10920	0.012052138653167553
10948	0.01252008602628159
11006	0.023507118932341003
11026	0.030190814551593125
11037	0.06841991682195227
11047	0.04764124449893473
11065	0.03867471768158479
11175	0.04845284458021432
11316	0.011225205168786105
11352	0.034209958410976134
11418	0.04573304708450731
11419	0.036561006853718894
11437	0.037474864707292575
11452	0.04479860890975358
11453	0.027189264140768506
11454	0.009658919850625268
11481	0.012917818164934152
11514	0.010869363536730663
11516	0.05459183346869543
11535	0.012094617956085388
11541	0.013539670531726918
11543	0.01825545903848444
11592	0.004615375502774266
11612	0.017781857232108633
11623	0.00718774091844497
11636	0.007948958555972769
11656	0.019964824372510015
11661	0.022657053506717397
11699	0.02775507381069012
11710	0.018133382973444124
11711	0.015702355346621177
11720	0.017036082368152586
11760	0.019190556090457472
11761	0.028522719134952888
11876	0.003625100163130952
11879	0.04430505366565425
11908	0.14261359567476442
11982	0.034479111677712844
12027	0.03124798766860648
12044	0.025707551142918155
12055	0.030913133286759258
12106	0.036561006853718894
12123	0.02722884380922348
12188	0.08090220986361728
12193	0.007335950876386496
12196	0.009073262945720095
12262	0.024019936586736054
12283	0.034209958410976134
12310	0.02783976610885037
12313	0.018907651255496667
12323	0.014361016736110786
12339	0.03329875834929912
12386	0.05234334138442026
12392	0.023820622249467367
12411	0.016936962024317152
12430	0.02105522622753559
12451	0.03034282446214894
12488	0.023232140435806087
12489	0.06941668231726114
12516	0.009493240038860587
12534	0.016743664161222527
12537	0.014823002233454226
12551	0.139219480922175
12566	0.012242858533943529
12581	0.017175515654307274
12612	0.01960139411668725
12624	0.010834951572734421
12657	0.04251739939647885
12698	0.04111842953553677
12737	0.014298330731906799
12739	0.028387989197589295
12748	0.0347266443056542
12766	0.03692300402219413
12829	0.025863469324076082
12839	0.010938806269896396
12850	0.014361016736110786
12904	0.02105522622753559
