283
t_index	tf-idf
3	0.07984350039698263
15	0.022441040599241496
56	0.030890684574733814
250	0.03559393270851612
277	0.02763495954791201
282	0.05418004509377962
319	0.03033007538779945
321	0.04924051082587271
322	0.07958999972210871
355	0.05526991909582402
393	0.057540180930901054
433	0.02600507267482669
569	0.04294486866815957
631	0.03123800558399875
639	0.031355695601332216
714	0.10299259448607317
722	0.04558409037338229
841	0.07249214722619353
858	0.029790787378917098
871	0.026839523091620125
872	0.011755084345961685
875	0.0728278095034419
902	0.016014004505276683
956	0.06182385938005005
960	0.05199394710037861
962	0.0680897395841363
1006	0.03466871996145092
1023	0.024325723505085307
1075	0.025064513756817744
1081	0.04495369478208076
1105	0.029476791547656048
1123	0.02552699710036904
1157	0.024325723505085307
1420	0.024913644613748537
1428	0.04558409037338229
1488	0.05508868441275141
1524	0.10020052576618878
1586	0.07383986965312249
1675	0.0728278095034419
1681	0.04882942216727409
1716	0.07474093384124562
1806	0.048429915024793414
1879	0.03055166686019812
1905	0.038211442392608416
1981	0.14432082182714262
2057	0.030621284452152335
2109	0.027275913390646982
2199	0.05979403366433643
2223	0.10836009018755924
2271	0.0678826014744278
2311	0.08941991200178015
2321	0.08941991200178015
2351	0.04435013281410818
2353	0.07799901977520529
2414	0.08941991200178015
2430	0.0228243494924474
2453	0.04435013281410818
2464	0.024988878560476612
2560	0.05250969723547865
2563	0.060845432440346535
2581	0.16254013528133884
2640	0.03208311482556923
2645	0.03764786231099506
2661	0.04658555804227794
2716	0.031594046853934334
2781	0.050550509134076695
2801	0.02206781996233742
2891	0.014567982198977057
2909	0.02765581302375134
3077	0.031836472683693696
3115	0.05508868441275141
3159	0.08432806964141433
3167	0.01178478397084428
3181	0.05350766722438674
3193	0.06985513232645008
3199	0.04435013281410818
3257	0.06524391493272517
3359	0.031714741758597245
3365	0.02225320254589779
3390	0.03422780675831995
3433	0.049233275235864474
3586	0.05250969723547865
3650	0.11353130045932262
3815	0.1020310403213502
3817	0.06466824508207145
3871	0.02514055450574761
3889	0.07604216589579829
3903	0.07958999972210871
4011	0.029476791547656048
4046	0.07958999972210871
4144	0.03746487182758345
4169	0.05199394710037861
4200	0.024988878560476612
4277	0.05907042310554416
4285	0.06659556250933275
4344	0.03246131232362221
4369	0.0367556457626065
4415	0.03746487182758345
4417	0.03481879084014805
4430	0.06905988118939295
4529	0.05993017516276583
4569	0.08144119370881052
4640	0.10852085073965707
4663	0.047663157174226874
4683	0.10956721412350438
4713	0.055414002653053726
4970	0.0236235223644369
4990	0.01605412211533468
5086	0.03324937981861644
5113	0.05418004509377962
5195	0.030890684574733814
5252	0.03575417809371085
5329	0.038211442392608416
5337	0.04558409037338229
5364	0.05250969723547865
5369	0.03542885985340852
5421	0.05676565022966131
5429	0.17247920836169497
5484	0.03480350564033936
5515	0.04488208119848299
5544	0.01894017818577909
5548	0.07459105763864916
5577	0.060845432440346535
5594	0.03123800558399875
5612	0.038021082947899146
5725	0.0292712580124294
5842	0.02675383361219337
5895	0.05993017516276583
6015	0.04882942216727409
6186	0.05907042310554416
6213	0.04027035060342294
6285	0.15917999944421743
6344	0.07165377165972149
6348	0.039570144350378644
6385	0.05149629724303659
6388	0.021060772295062372
6391	0.027544342206375704
6473	0.14772153247761816
6484	0.04464870311981949
6521	0.08941991200178015
6523	0.0918202354729142
6547	0.03641390475172095
6554	0.010891842300855235
6556	0.027187554440022087
6612	0.023419467538945
6614	0.048795788957297
6625	0.020946863524437954
6696	0.029685347743031245
6708	0.04864721144618003
6755	0.05402494231641655
6760	0.0456486989848948
6763	0.03559393270851612
6768	0.05907042310554416
6811	0.06976008744243727
6824	0.03710582567031843
6827	0.028096940649128044
6899	0.15917999944421743
6933	0.041185607881003665
6955	0.07383986965312249
6958	0.024182474148728317
6985	0.02335209655381763
7001	0.06535267476856794
7012	0.055414002653053726
7133	0.01990805728885037
7134	0.04693573794998987
7136	0.050550509134076695
7281	0.029790787378917098
7321	0.0292712580124294
7340	0.024616637617932237
7381	0.07958999972210871
7481	0.11777588668613388
7483	0.031836472683693696
7523	0.2042692187524089
7551	0.04005047696346514
7566	0.047663157174226874
7574	0.023218307205900793
7592	0.053601125296556786
7757	0.031836472683693696
7779	0.03641390475172095
7780	0.08483913088055554
7908	0.06659556250933275
7975	0.028574479561433604
7994	0.04804135467227985
8037	0.02240459386565668
8060	0.02055523721889154
8063	0.06659556250933275
8089	0.025100556605638008
8098	0.043490380756886514
8140	0.03123800558399875
8155	0.07958999972210871
8157	0.14767973930624498
8167	0.07297717051525592
8334	0.0680897395841363
8371	0.08190239299887253
8407	0.03658374589186481
8446	0.0680897395841363
8505	0.0810472671725911
8589	0.08098737392481237
8614	0.053601125296556786
8651	0.020833862403063307
8709	0.024838807681779478
8777	0.021704170147931412
8877	0.009688159874858958
8955	0.043215001896569655
9036	0.09165500058059436
9085	0.1771773890600873
9178	0.03512378250240931
9204	0.04693573794998987
9262	0.0764254747890042
9420	0.03783324489455544
9443	0.017009610811948687
9514	0.031959257569304796
9515	0.13131363905065607
9522	0.1357652029488556
9553	0.028477676689333733
9641	0.05825982730446484
9668	0.04005047696346514
9692	0.04072059685440526
9713	0.07566648978911088
9800	0.040493686962406183
9820	0.024253917955738433
9826	0.02061052604408006
9891	0.05175117062087587
9923	0.08870026562821635
9962	0.055414002653053726
9986	0.024764363596406606
10026	0.036929654886821
10131	0.024764363596406606
10133	0.03497046678541905
10201	0.0680897395841363
10211	0.04766111239508726
10222	0.04924051082587271
10311	0.05478360706175219
10452	0.01650307247691158
10477	0.02641616133342532
10535	0.050550509134076695
10621	0.07958999972210871
10660	0.03220806334924971
10687	0.043490380756886514
10783	0.04924051082587271
10890	0.05657206198628615
10948	0.030621284452152335
10976	0.025843916784948125
11055	0.08990738956416151
11079	0.0764254747890042
11086	0.04693573794998987
11129	0.0764254747890042
11153	0.023970277186828887
11203	0.0699409335708381
11374	0.03840439184110505
11383	0.06400995737345107
11404	0.03271916607624712
11418	0.03728421249658906
11514	0.026583992472049515
11535	0.029580686266529835
11536	0.03298179516882733
11537	0.027544342206375704
11544	0.033508160384756146
11592	0.01128815934868783
11636	0.01944134573275796
11702	0.031836472683693696
11765	0.06182385938005005
11876	0.026598512908719545
12188	0.017988037751652187
12193	0.053826204877818175
12436	0.04495369478208076
12445	0.048429915024793414
12467	0.0339413007372139
12498	0.060845432440346535
12520	0.0339413007372139
12525	0.031959257569304796
12548	0.05993017516276583
12566	0.014971624511540466
12570	0.060845432440346535
12588	0.053601125296556786
12590	0.030663774682734745
12719	0.02608634261470749
12739	0.01735764216035065
12742	0.028968437274886998
12748	0.021233369545543983
12755	0.04294486866815957
12766	0.02257631869737566
12829	0.009036595269274588
