217
t_index	tf-idf
146	0.06173502813711331
154	0.06959961871230738
180	0.04942820237436292
499	0.09345355074881752
549	0.07116119655287932
597	0.048329827272433755
632	0.06183008019822166
645	0.0418571121088223
659	0.06959961871230738
660	0.0332725826832583
728	0.047981075151167306
742	0.03915487302836209
872	0.07371206346927009
880	0.03638943009390861
901	0.12679293352079116
902	0.05020913852037364
903	0.09345355074881752
1095	0.05381924137525996
1163	0.05791367038058783
1246	0.06008652171127403
1253	0.04730726451636919
1358	0.04013677380747964
1475	0.0665451653665166
1561	0.03277011824933622
1565	0.0498131923652732
1617	0.08744403832384882
1622	0.07488599838940409
1638	0.04329255062376155
1996	0.07094471465959284
2057	0.04800386787150202
2069	0.022683222572845954
2129	0.07541549161033294
2163	0.06818699972658866
2233	0.059726888922957626
2351	0.04635072093984552
2431	0.11980536183323655
2436	0.12767238122241303
2471	0.052360233364814206
2493	0.2270588182842101
2603	0.06173502813711331
2605	0.06263356271081504
2631	0.03623258967476391
2634	0.07406787034073672
2656	0.06173502813711331
2664	0.06949844916384891
2729	0.16830467707630462
2762	0.03135749926361749
2891	0.015225128645987367
2992	0.034608737451395005
3167	0.04926553302182726
3193	0.048670816210788365
3200	0.0635901062873387
3216	0.03547235732979642
3318	0.02667849325256285
3362	0.06818699972658866
3488	0.056019016021798075
3587	0.04942820237436292
3594	0.07116119655287932
3597	0.051461698791112474
3613	0.07717070897784799
3651	0.034059738344077696
3718	0.11720631323686916
3809	0.026037473076495562
3862	0.04868698386304983
3871	0.0262746186365015
3900	0.07424314478290217
3909	0.08744403832384882
3981	0.020318324513956505
4020	0.051032066352893965
4098	0.04516438545333078
4110	0.051032066352893965
4260	0.026195147768883625
4283	0.06173502813711331
4590	0.06689737963184718
4620	0.02080608894042421
4684	0.04868698386304983
4920	0.027695208195846525
4949	0.016161520919201623
4955	0.051461698791112474
5042	0.05283078975347183
5050	0.09345355074881752
5329	0.03993512061107885
5356	0.06959961871230738
5477	0.16463506434572941
5515	0.04690666495971811
5553	0.06571104414533244
5740	0.12913034278601115
5769	0.019488945567019512
5795	0.04574568667579725
5925	0.03446956946832768
5950	0.08744403832384882
6019	0.028322183664939476
6061	0.04406601035140161
6195	0.05932628936630656
6205	0.05487835478190982
6246	0.035034258006856986
6356	0.24355146882751397
6388	0.022010801715469357
6580	0.031134618653029286
6582	0.048329827272433755
6587	0.04013677380747964
6603	0.01909103492207772
6609	0.04304344759533705
6614	0.025498457991988195
6620	0.032165083985287946
6634	0.10041689991415935
6696	0.03102442274539968
6708	0.016947212098887384
6710	0.09345355074881752
6745	0.05381924137525996
6777	0.03532488067718466
6828	0.031245640005859786
6879	0.17488807664769765
6947	0.03240414209208031
6959	0.04085067568046753
7056	0.11312323741549941
7082	0.11720631323686916
7245	0.14192179354910758
7365	0.06461266904340326
7374	0.04905296002030573
7651	0.032284131061470184
7726	0.0882138320757033
7832	0.02255867325754584
7958	0.050208449957079675
7995	0.06959961871230738
8036	0.01628284177096951
8089	0.017488544315288967
8172	0.06461266904340326
8314	0.13379475926369436
8371	0.042798462161410734
8386	0.022435161865270076
8388	0.02572706840560168
8394	0.08744403832384882
8407	0.07646800084569912
8454	0.04666275943990944
8492	0.05932628936630656
8505	0.06050230333178659
8617	0.06173502813711331
8811	0.04905296002030573
8825	0.05662405028584635
8877	0.04050073055360487
8879	0.023652278840109342
8880	0.032525132815409905
8917	0.0603423275542055
8933	0.07094471465959284
8950	0.052360233364814206
8965	0.034891056107329954
9043	0.09345355074881752
9130	0.0469815089572041
9139	0.035034258006856986
9140	0.15974589611661644
9178	0.036708179611203276
9212	0.04666275943990944
9260	0.04825428622931434
9276	0.034608737451395005
9319	0.048329827272433755
9364	0.04304344759533705
9421	0.034749224581924455
9495	0.029703553764119546
9497	0.04054850254152684
9549	0.17418364811703654
9595	0.04516438545333078
9652	0.1753608593182868
9736	0.054339339697402435
9788	0.06689737963184718
9891	0.04807609939974947
10038	0.044333067690078526
10131	0.02588145814852603
10135	0.030806458798084586
10171	0.06385964122451052
10178	0.06055034639105202
10179	0.10823217478153412
10209	0.026037473076495562
10211	0.0498110553482843
10228	0.02195115865188005
10419	0.06226923730605857
10442	0.04635072093984552
10618	0.051461698791112474
10620	0.051032066352893965
10656	0.07717070897784799
10657	0.06173502813711331
10738	0.04232031484746507
10771	0.03934611802117441
10853	0.03158378276282148
10873	0.009215616221018685
10948	0.03200257858100135
11057	0.08027354761495928
11116	0.04054850254152684
11117	0.04905296002030573
11127	0.0359238018121296
11153	0.02505155133118382
11184	0.034608737451395005
11186	0.05381924137525996
11279	0.03823400042284956
11305	0.017161087113164823
11455	0.047981075151167306
11514	0.027783168580432102
11516	0.02325702124830287
11627	0.17589428510071486
11636	0.04063664902791301
11795	0.03805649792643293
11977	0.0635901062873387
12055	0.031606810851548095
12057	0.041630828609618316
12183	0.03654794798250233
12434	0.1057394010608098
12458	0.0635901062873387
12488	0.01979454982287519
12537	0.0189445301249006
12567	0.041630828609618316
12584	0.028506301328304076
12612	0.02505155133118382
12643	0.03993512061107885
12685	0.04942820237436292
12739	0.03628125450357971
12742	0.03027517319552601
12766	0.0707841384947238
