394
t_index	tf-idf
3	0.029902982737026594
44	0.018774320225329478
176	0.03050135073548746
178	0.03367210987370298
184	0.024704679696304053
277	0.02069968661671728
319	0.04543687169147995
355	0.02069968661671728
357	0.028766420824254558
470	0.07714555999288364
497	0.026902707039278245
568	0.06697907961552044
604	0.021403424569230417
620	0.06697907961552044
667	0.06697907961552044
693	0.0596160833604963
722	0.06828860261591556
729	0.04733040174685082
745	0.06697907961552044
758	0.020497346057355998
871	0.020103872993751503
872	0.026415080690740948
875	0.081826399877097
890	0.033220017893284444
901	0.022718435845739977
918	0.019004006107373635
1022	0.05171404327652061
1074	0.062672002913381
1075	0.11264592135197686
1157	0.01822093686828734
1167	0.03300098831527712
1170	0.05639950008074466
1255	0.06697907961552044
1273	0.019912470370674857
1301	0.01121434373713299
1310	0.06697907961552044
1366	0.057245728003453594
1420	0.018661313221420138
1475	0.023846787486393534
1488	0.020631810614634136
1490	0.020975612732373024
1491	0.11258128378627165
1497	0.02069968661671728
1515	0.03752709459542388
1675	0.054550933251397996
1694	0.03344365895744329
1716	0.037322626442840276
1888	0.030849662536241745
1947	0.038212658791265876
1954	0.03973275582890499
1959	0.06697907961552044
1974	0.052253087105472155
1981	0.0810765376436382
2033	0.06697907961552044
2063	0.035425679126765565
2069	0.01625728887205972
2075	0.03278638388133846
2109	0.020430746728332887
2129	0.027025512547879403
2226	0.04887029381800606
2233	0.021403424569230417
2237	0.027025512547879403
2353	0.029212187970795726
2371	0.06697907961552044
2377	0.06697907961552044
2407	0.03414430130795778
2430	0.017096347867090987
2436	0.03050135073548746
2464	0.01871766644739501
2468	0.03139452854028188
2491	0.05100192995621745
2514	0.0678111641782529
2522	0.06697907961552044
2563	0.04557565504629002
2581	0.12174904244492576
2584	0.05380541407855649
2598	0.04887029381800606
2610	0.05530900665835686
2611	0.04887029381800606
2640	0.02403153228525774
2648	0.03752709459542388
2659	0.057245728003453594
2664	0.024905111268656296
2689	0.024804422759495424
2712	0.03050135073548746
2718	0.03344365895744329
2787	0.035425679126765565
2801	0.033059354166417525
2834	0.03894553958286257
2896	0.04014938013636261
2909	0.031072960052447463
2953	0.06697907961552044
2955	0.027025512547879403
2956	0.053671532092910854
2995	0.04557565504629002
3028	0.04150729756298192
3115	0.12379086368780484
3167	0.01765454620038486
3181	0.040079376313763605
3182	0.03196886074402973
3193	0.034882853008942574
3199	0.033220017893284444
3318	0.019120738690692734
3356	0.03515673923838117
3388	0.03102819712844955
3390	0.05127598412050597
3438	0.04921172897801117
3476	0.025109397529677602
3480	0.036275937446169165
3495	0.05639950008074466
3586	0.03933185699905387
3650	0.08503947098681063
3791	0.04794601040333273
3808	0.01906221205127126
3815	0.11463797637379765
3817	0.048439094145628574
3847	0.03278638388133846
3869	0.02819975004037233
3871	0.037662555556647784
3889	0.05695861435839807
3908	0.04150729756298192
3921	0.062672002913381
3946	0.09687818829125715
4100	0.030164098340399733
4121	0.04014938013636261
4138	0.0785828221000441
4169	0.03894553958286257
4221	0.05100192995621745
4259	0.057245728003453594
4298	0.017341683441279915
4406	0.0983591516440154
4430	0.034485736467962894
4457	0.00961277644480677
4472	0.03333707206046719
4516	0.03278638388133846
4569	0.06100270147097492
4574	0.04887029381800606
4644	0.02943259194128176
4798	0.031209783741417675
4839	0.06697907961552044
4949	0.04633248443452222
4985	0.022235509131962882
4990	0.01202517760584334
5086	0.024905111268656296
5091	0.018438843138708017
5094	0.0436389337011933
5210	0.04489009085044802
5294	0.057245728003453594
5329	0.057243787987343156
5345	0.029837224605818346
5362	0.02016844801439627
5364	0.07866371399810775
5369	0.02653762871921999
5414	0.017592819444906926
5429	0.0861292029948909
5484	0.013034606739140482
5498	0.04988273174842945
5515	0.016809234222035466
5548	0.1396791910308941
5549	0.0596160833604963
5571	0.052253087105472155
5578	0.028062682871741417
5608	0.053671532092910854
5652	0.03463846288072314
5655	0.04058301414830859
5725	0.021925339412343856
5746	0.0596160833604963
5769	0.013967919103089413
5780	0.03438850880290355
5918	0.03598489024869571
5930	0.12310531838618136
5933	0.05530900665835686
5934	0.017047953440866792
6014	0.044246102277867995
6019	0.02029878778686616
6308	0.041035106128727114
6348	0.009879871978957306
6379	0.031773945950915074
6473	0.11064931806853155
6484	0.03344365895744329
6523	0.1375540352116142
6612	0.017542115013632155
6620	0.02305303226927162
6625	0.03138007202849495
6696	0.022235509131962882
6711	0.062672002913381
6760	0.017096347867090987
6777	0.07595306897365316
6810	0.04014938013636261
6813	0.04794601040333273
6826	0.03033138617858371
6855	0.06697907961552044
6933	0.030849662536241745
6959	0.014639040661515263
6961	0.044246102277867995
6997	0.04709575208392913
7001	0.07342763890760683
7043	0.04630853583788671
7052	0.04988273174842945
7056	0.027025512547879403
7119	0.028062682871741417
7133	0.014911928722471853
7134	0.07031347847676234
7179	0.02619427403334803
7247	0.027531444269420415
7296	0.019539710784254104
7327	0.01437298773012193
7364	0.0596160833604963
7366	0.019662516292855262
7416	0.020767999123420613
7418	0.031582543327838435
7434	0.11061801331671373
7453	0.04709575208392913
7481	0.05293130119149771
7527	0.1020038599124349
7531	0.02184919171577158
7591	0.015563324076188597
7726	0.02528948866873715
7755	0.029677483878561582
7780	0.06354789190183015
7811	0.010644414666373867
7862	0.036227274776913086
7909	0.05530900665835686
7975	0.042806849138460834
7997	0.062672002913381
8037	0.0419548354132619
8041	0.029999404216838145
8060	0.015396692295700728
8089	0.012534211837511362
8110	0.037864346990511596
8132	0.053671532092910854
8144	0.03344365895744329
8152	0.06697907961552044
8167	0.01822093686828734
8185	0.11449145600690719
8341	0.044246102277867995
8386	0.01607950132146291
8389	0.04794601040333273
8464	0.02412512371168712
8505	0.008672519255419254
8509	0.05127598412050597
8589	0.03033138617858371
8605	0.03278638388133846
8614	0.04014938013636261
8645	0.03428992755774967
8651	0.01560539366853543
8660	0.07642531758253175
8687	0.0596160833604963
8718	0.052253087105472155
8719	0.017391437903122538
8778	0.02608066270241915
8896	0.04489009085044802
8914	0.03489444052444455
8922	0.03102819712844955
8972	0.062672002913381
8997	0.026309113618678836
9008	0.025530147903678916
9026	0.020039688156881803
9085	0.053085171668204624
9201	0.04887029381800606
9274	0.04306460149744545
9276	0.024804422759495424
9294	0.08207021225745423
9329	0.02255500865022368
9330	0.03300098831527712
9331	0.04988273174842945
9339	0.027275466625698998
9353	0.03894553958286257
9420	0.05667721797479434
9433	0.11999761686735258
9440	0.06697907961552044
9495	0.053222073331869325
9497	0.029061510860286105
9514	0.0718162747849084
9515	0.03278638388133846
9522	0.07627016287894296
9526	0.05530900665835686
9652	0.01795469340286024
9752	0.03933185699905387
9764	0.03688310602284385
9823	0.03752709459542388
9826	0.015438105830351451
9891	0.04307076702139429
9923	0.06644003578656889
9924	0.08029876027272521
9938	0.028621893993671578
9962	0.16602919025192767
9986	0.05564848736101619
9991	0.029061510860286105
10023	0.025968253630354463
10052	0.062672002913381
10099	0.021549944936120877
10128	0.012903056349747158
10178	0.0650955438157859
10203	0.035425679126765565
10211	0.017850036810656143
10217	0.06502915548823889
10228	0.031465222909484745
10302	0.041035106128727114
10311	0.08207021225745423
10362	0.0596160833604963
10374	0.04709575208392913
10375	0.018605257375330322
10415	0.04794601040333273
10419	0.022314487623537438
10452	0.03708437798428251
10475	0.027661784041890302
10520	0.03598489024869571
10549	0.03489444052444455
10558	0.017592819444906926
10617	0.057245728003453594
10660	0.02412512371168712
10665	0.02375560616960199
10687	0.03257602932070443
10697	0.036275937446169165
10701	0.053671532092910854
10727	0.024219547072814287
10728	0.04150729756298192
10747	0.028479307179199036
10766	0.04058301414830859
10785	0.053671532092910854
10790	0.05100192995621745
10800	0.062672002913381
10853	0.022636407961814004
10867	0.020364562351093386
10873	0.013209845696130543
10880	0.02331108280951306
10948	0.03440484456989925
11000	0.0596160833604963
11016	0.019298278614780222
11022	0.04630853583788671
11046	0.025746942330035025
11056	0.04251973549340531
11109	0.03933185699905387
11110	0.04794601040333273
11127	0.025746942330035025
11153	0.05386408020858073
11192	0.05530900665835686
11203	0.05238854806669606
11306	0.022718435845739977
11383	0.19178404161333093
11401	0.019724455583118305
11408	0.04630853583788671
11432	0.07031347847676234
11488	0.062672002913381
11514	0.039824940741349714
11516	0.050005608090700794
11544	0.012549474115650718
11553	0.05812302172057221
11575	0.062672002913381
11588	0.062672002913381
11592	0.008455281455805859
11640	0.027661784041890302
11652	0.033220017893284444
11702	0.09538714994557414
11720	0.031209783741417675
11746	0.028621893993671578
11770	0.04058301414830859
11775	0.012903056349747158
11876	0.013282231171152037
11889	0.030235290748341446
12033	0.0596160833604963
12055	0.033979368629479104
12141	0.0596160833604963
12188	0.01347375753032405
12203	0.13395815923104087
12225	0.053671532092910854
12252	0.04014938013636261
12327	0.024905111268656296
12354	0.036575184225819866
12380	0.03973275582890499
12385	0.03570160524242131
12387	0.02069968661671728
12430	0.11571833998932547
12480	0.028621893993671578
12489	0.018167151648654775
12525	0.02393875826163613
12534	0.030674079064537202
12537	0.013577731197446218
12546	0.04988273174842945
12555	0.03300098831527712
12581	0.04719783436422713
12646	0.04306460149744545
12699	0.043397029210523935
12719	0.019539710784254104
12721	0.03463846288072314
12724	0.04306460149744545
12739	0.026003132192138494
12742	0.1301910876315718
12758	0.03857277999644182
12829	0.013537540363088896
12839	0.020039688156881803
12897	0.06697907961552044
12904	0.03857277999644182
