222
t_index	tf-idf
3	0.020061988104269103
177	0.05225732554487115
190	0.02605558673090558
279	0.04487487379221729
321	0.04948994157446157
336	0.07201673811974668
410	0.055694705593218874
433	0.026136802923672552
474	0.07011346133195526
557	0.03499516750477952
597	0.04647806784858103
764	0.02605558673090558
782	0.0898728739068308
817	0.040698810152290904
863	0.03163380578737747
871	0.026975480298891685
901	0.030483714196208406
917	0.08409361621054066
983	0.020276329034615456
1003	0.0611536486125036
1009	0.05778430403112009
1100	0.029941694391706873
1122	0.03275473799518181
1157	0.024448946910408935
1240	0.04142985978953286
1273	0.0267186552737055
1301	0.015047464169717667
1387	0.04263444428261958
1467	0.07999316761939301
1490	0.02814518516880679
1845	0.06693290630879373
1978	0.07011346133195526
2111	0.05175715481245351
2120	0.08326758934547261
2121	0.03411323242331889
2201	0.057053200021355964
2223	0.05445449734822736
2224	0.0898728739068308
2245	0.042125340047392205
2317	0.04682153996896847
2351	0.0445747910607896
2487	0.05506111669539781
2650	0.047534358660937685
2721	0.047173493733918194
2813	0.05099934649495741
2822	0.0931414895473885
2865	0.0533136163572278
2891	0.01464177718291152
2958	0.06693290630879373
2992	0.03328270217793937
3023	0.07999316761939301
3049	0.16818723242108133
3073	0.055694705593218874
3112	0.047904597743682324
3133	0.10066261134705684
3144	0.18070126513355247
3166	0.05387264499819442
3262	0.07681261259623148
3316	0.0898728739068308
3318	0.025656305628838347
3334	0.12427406366461784
3343	0.037116724259357
3344	0.06843465222681278
3356	0.047173493733918194
3376	0.0898728739068308
3474	0.03802489145624456
3659	0.04237761925743339
3692	0.03212114909736074
3759	0.07201673811974668
3906	0.06433420363566514
3995	0.04263444428261958
4030	0.0898728739068308
4083	0.21757783135499117
4304	0.02557777428270594
4372	0.07201673811974668
4457	0.012898472930321992
4467	0.05225732554487115
4534	0.0898728739068308
4640	0.0218141139181462
4692	0.08409361621054066
4769	0.04316240846537713
4895	0.0575561173480654
4949	0.06216916618258699
5109	0.074233448518714
5162	0.09983089579385751
5201	0.060233755044517494
5314	0.023743188727942028
5337	0.04581499930578112
5411	0.04237761925743339
5414	0.047212271435016356
5467	0.23043783778869448
5548	0.018742225774059162
5553	0.06319332264466557
5594	0.031396243567044735
5595	0.06319332264466557
5769	0.018742225774059162
5842	0.026889356754288902
5864	0.09295613569716206
5917	0.060233755044517494
5934	0.02287503170774405
5970	0.019437651659396323
6062	0.0898728739068308
6071	0.042125340047392205
6104	0.08409361621054066
6144	0.08686782013958008
6298	0.030156035322053222
6299	0.06433420363566514
6342	0.05035404875707973
6348	0.013256863093333822
6349	0.055694705593218874
6354	0.08409361621054066
6381	0.07201673811974668
6388	0.02116745689502507
6475	0.07011346133195526
6496	0.058554945939375
6560	0.08231727446241319
6582	0.04647806784858103
6601	0.025735272053900176
6696	0.059671441290095634
6755	0.027149304444240855
6760	0.022939967598037066
6777	0.03397140634503532
6780	0.057053200021355964
7000	0.05225732554487115
7129	0.0898728739068308
7139	0.15998633523878603
7169	0.03821368101446653
7215	0.04601040135758893
7501	0.019850822712148282
7591	0.0208829483817859
7632	0.08632481693075426
7751	0.11946420203743392
7813	0.055694705593218874
7821	0.03227089045955701
7894	0.047173493733918194
7929	0.03747307790187409
7946	0.03676906304172667
8036	0.04697689195118367
8058	0.24854812732923567
8060	0.020659361000731673
8089	0.03363693996574819
8103	0.019642740136794387
8250	0.0533136163572278
8407	0.03676906304172667
8505	0.0116368309921692
8686	0.05635777413601879
8709	0.049929260291290516
8719	0.11667960463908984
8777	0.0218141139181462
8917	0.11606061732421466
9210	0.057053200021355964
9219	0.06843465222681278
9222	0.1223072972250072
9256	0.07999316761939301
9260	0.06960813174569769
9276	0.03328270217793937
9284	0.07201673811974668
9411	0.057053200021355964
9458	0.037116724259357
9494	0.0898728739068308
9495	0.04284819122393694
9522	0.03411323242331889
9606	0.047534358660937685
9700	0.057053200021355964
9826	0.02071492989476643
9837	0.06213703183230892
9997	0.03383097759073369
9998	0.017435627284070415
10017	0.08409361621054066
10080	0.08409361621054066
10099	0.02891582707706171
10128	0.017313387448591445
10137	0.029941694391706873
10179	0.03469508477335184
10204	0.0742139099231029
10209	0.025039846168563012
10224	0.05803030866210733
10375	0.024964630145645258
10417	0.0533136163572278
10474	0.047173493733918194
10663	0.0611536486125036
10783	0.04948994157446157
10873	0.008862519486621397
10880	0.03127893094376882
10890	0.028429315572585746
10896	0.05225732554487115
10904	0.05175715481245351
10941	0.05778430403112009
10948	0.015388199198734942
11002	0.07201673811974668
11071	0.04682153996896847
11175	0.019850822712148282
11200	0.058554945939375
11209	0.029015154331053665
11346	0.05635777413601879
11465	0.13702593565280344
11516	0.02236592747251667
11519	0.05823035724821619
11524	0.1733529120933603
11544	0.016838948986267734
11585	0.07681261259623148
11592	0.011345340194079345
11605	0.08278847207525614
11623	0.017668630840035664
11632	0.07999316761939301
11658	0.10025341961394521
11702	0.031997742237577974
11720	0.08375489705003149
11775	0.017313387448591445
11876	0.08019974779354425
11971	0.07201673811974668
12055	0.045593691788551584
12193	0.01803295491117269
12262	0.05904489284846431
12270	0.0445747910607896
12344	0.0898728739068308
12476	0.039197064234271856
12658	0.07681261259623148
12680	0.11710989187875
12717	0.0409268694699006
12718	0.033148866422167016
12829	0.027247112047026307
