132
t_index	tf-idf
22	0.11532620362506042
192	0.06641554804559464
279	0.057584103051775144
409	0.11532620362506042
468	0.10791017450625201
554	0.04270885665172372
729	0.040747316780450356
918	0.03272155859130394
953	0.07729284707827802
1136	0.09856708277104047
1171	0.040439911589855534
1206	0.04153922307718745
1219	0.19713416554208094
1488	0.03552435186860385
1507	0.1307778361345839
1561	0.040439911589855534
1888	0.2124707884217987
2057	0.01974636524983112
2277	0.036978641675980556
2440	0.038975916195467954
2576	0.11595491075933631
2583	0.11532620362506042
2640	0.08275615017885797
2794	0.07231913093825823
2813	0.03272155859130394
2929	0.1464230234797044
3300	0.045906029646700056
3639	0.07618401193632175
3696	0.0878163598718495
3710	0.06350622642072762
3809	0.03213150166945316
3814	0.11532620362506042
3887	0.10791017450625201
3900	0.045809816558019634
3906	0.1651092069501275
3922	0.10791017450625201
3968	0.11218039460383845
4062	0.055044759721852826
4119	0.05609019730191923
4130	0.02278840993424161
4134	0.046533182914119196
4229	0.07847326813663794
4264	0.04186584208331821
4304	0.03282177899708825
4357	0.07847326813663794
4442	0.03883576088671644
4618	0.05921096842971334
5324	0.05470915070409217
5332	0.13959954874235758
5769	0.0240503018546703
5792	0.044144116489072835
5935	0.07414967523942566
6068	0.07973516005706663
6323	0.04928187120212661
6329	0.11532620362506042
6351	0.07231913093825823
6612	0.030204439053050012
6682	0.06579548262104379
6745	0.06641554804559464
6777	0.043592612044861305
6805	0.029188056567724073
6846	0.07618401193632175
6862	0.11532620362506042
7177	0.202245705043439
7185	0.18482589114532152
7343	0.03828563886783288
7648	0.07973516005706663
7821	0.062115727290957774
7991	0.10791017450625201
7994	0.12391931343544148
8023	0.04855501350571246
8103	0.025205855229671482
8112	0.03213150166945316
8414	0.07498057683474524
8505	0.014932553975569687
8542	0.08414605707370626
8565	0.07618401193632175
8665	0.03869667140811545
8709	0.032034983354217436
8874	0.05251796539982779
8955	0.0557350370494879
9000	0.03883576088671644
9113	0.04855501350571246
9156	0.24765360502008313
9235	0.051937276047089746
9317	0.09523238899065789
9495	0.03665562263114038
9595	0.0557350370494879
9793	0.21582034901250402
9891	0.014832058237616795
9979	0.07847326813663794
10023	0.04471276886981157
10185	0.05109941146556686
10190	0.1389652002335763
10191	0.09906144200803324
10211	0.030734626270730956
10357	0.08828823297814567
10403	0.07081644672467917
10419	0.038421625949972726
10420	0.06297603920304667
10541	0.039402943645639864
10732	0.09856708277104047
10873	0.011372516339076166
10880	0.2006879385505617
11013	0.07729284707827802
11032	0.046321733411192105
11175	0.025472869873945213
11210	0.06841282256508203
11305	0.021177611882930936
11329	0.10791017450625201
11401	0.06792409194124119
11404	0.04219839994112636
11567	0.08806073901871171
11825	0.07146827155811211
12127	0.07729284707827802
12193	0.023140154972716074
12243	0.11532620362506042
12311	0.08997063259387215
12329	0.03749028841737262
12411	0.05342510229604449
12489	0.06256128457861411
12534	0.15844611967711944
12566	0.05792738703371197
12567	0.051374456923709594
12576	0.056452390885832246
12581	0.027088791942180508
12698	0.0432339696071186
12721	0.0596413454226641
12748	0.054769991270105754
12781	0.09523238899065789
12865	0.11532620362506042
12868	0.11692774858640387
