27
t_index	tf-idf
418	0.4115036887882224
758	0.12593086619566232
841	0.16680169619918478
1005	0.19062993472138512
1206	0.14821907761078038
1208	0.18430927339612604
3193	0.10715601625937388
3817	0.2975983850018042
3889	0.17497015524318574
4200	0.1149969338609094
4430	0.10593612101424653
5369	0.08152047006570712
5934	0.1047386104359213
6554	0.0501234365385229
6620	0.14163240031087257
6625	0.09639588561301742
7595	0.33980550932880055
7946	0.1683556385505462
9668	0.18430927339612604
9923	0.20409596523523507
9986	0.11396373293468702
10325	0.25501105952551145
11202	0.15490293643364275
11623	0.08089990283441259
11640	0.16994748564839018
12065	0.33980550932880055
12742	0.13331056282865641
