248
t_index	tf-idf
3	0.016773584670699376
189	0.021784759710957783
190	0.021784759710957783
240	0.029515326198381774
279	0.03751933712793554
321	0.04137793926667465
355	0.023222295192146747
395	0.0406967768809819
553	0.04173369993659063
554	0.0556545263759317
610	0.05112982310590383
644	0.0638999894470931
645	0.033655341417068683
698	0.08573904126750365
729	0.05309841551130571
758	0.04599059199428532
764	0.021784759710957783
766	0.07030965148826113
872	0.00987806905297717
918	0.02131996719710618
920	0.042478761121021245
1005	0.03480951022780487
1009	0.04831275501041573
1020	0.02062434231277818
1075	0.08424916074862467
1116	0.020747836655349062
1167	0.11106815863642572
1206	0.02706518000747901
1511	0.015710750847967594
1591	0.039441185352423004
1716	0.02093551135943018
1944	0.02212821568446533
2055	0.07514161867908431
2069	0.03647703158037909
2109	0.045841160816237965
2184	0.05283516979942597
2198	0.03751933712793554
2199	0.025123154207535185
2244	0.0403702606365709
2264	0.030458413356469375
2430	0.01917982838235729
2499	0.05283516979942597
2514	0.03803755344292864
2581	0.04552874407180509
2615	0.016862851735383176
2640	0.08088054862586556
2676	0.06204934901610911
2702	0.024597314609113848
2775	0.05482596959956582
2801	0.018544099133710086
2836	0.055961790296727036
2892	0.07129228243441708
2909	0.011619909424924321
2912	0.05036071126262828
2914	0.1565876843312264
2928	0.06588732295942118
3077	0.0802587713496376
3115	0.046292294691510937
3133	0.028054262382969937
3167	0.05941815800500477
3263	0.042100408790476274
3276	0.0403702606365709
3343	0.03103284249933553
3390	0.05752483414664646
3439	0.030458413356469375
3442	0.07356392382873948
3480	0.0813935537619638
3495	0.18981821278011168
3651	0.027385838745056526
3692	0.053712205520657016
3808	0.021385266524393418
3817	0.1358555522987387
3871	0.19013570087304635
3889	0.0638999894470931
3946	0.02717111045974774
4096	0.04963824173882666
4121	0.04504226438652175
4141	0.04712005068538059
4159	0.06422209276887904
4200	0.04199746436726304
4304	0.042770533048786835
4442	0.025303719743945706
4457	0.021568513219628587
4473	0.09927648347765332
4525	0.07514161867908431
4529	0.10072142252525657
4564	0.019289160318140704
4569	0.13687383459547695
4663	0.040052452538263714
4859	0.018544099133710086
4895	0.17644722661591566
4921	0.02675292378321253
4949	0.012994721254077753
4955	0.04137793926667465
5086	0.027940222303023298
5113	0.04552874407180509
5210	0.05036071126262828
5330	0.055961790296727036
5333	0.030599445741076557
5356	0.055961790296727036
5369	0.029771689747206908
5429	0.04831275501041573
5450	0.026448640935946118
5484	0.029246190149121127
5544	0.015915869464525872
5594	0.07875005414368598
5732	0.04831275501041573
5788	0.043691715404051756
5812	0.0668813162069323
5855	0.029259034655783524
5917	0.05036071126262828
5934	0.05737660881871355
5978	0.024683359007558588
6187	0.11491609396578542
6353	0.05350584756642506
6388	0.12388497593195649
6473	0.04137793926667465
6523	0.11573799895025778
6547	0.030599445741076557
6612	0.019679919830871286
6625	0.01760213353201245
6671	0.027715364737535764
6701	0.02964556899654543
6702	0.07503867425587107
6742	0.04895707935313392
6768	0.04963824173882666
6798	0.018238515790189546
6828	0.05024630841507037
6959	0.01642305653540657
7001	0.04118802225241666
7103	0.033473397464438615
7165	0.028521659442217722
7261	0.0410324919659985
7416	0.02329893273866396
7531	0.09804754808677789
7566	0.040052452538263714
7567	0.06021232034835579
7574	0.039021760307813784
7584	0.023531847593959702
7591	0.05237993877304589
7610	0.055961790296727036
7651	0.02595815617671723
7754	0.021385266524393418
7769	0.0981165321751374
7832	0.054415114575387544
7845	0.0668813162069323
7862	0.02032109191926271
7946	0.061484334352829545
7975	0.024011795573180478
7985	0.04895707935313392
8018	0.03311763679452264
8092	0.10225964621180766
8103	0.01642305653540657
8144	0.03751933712793554
8167	0.020441467664110088
8196	0.07514161867908431
8197	0.11443476365057187
8212	0.043569519421915566
8343	0.09927648347765332
8386	0.054117185415932065
8392	0.03885974821322857
8505	0.08756471793232175
8614	0.04504226438652175
8645	0.019234368969148978
8753	0.07404543909095047
8865	0.02548706332044406
8877	0.01628236930056841
8890	0.038579332983419264
8933	0.028521659442217722
9276	0.02782726318796585
9329	0.025303719743945706
9330	0.03702271954547524
9433	0.033655341417068683
9446	0.039441185352423004
9495	0.011941617479876186
9514	0.18799271932229955
9522	0.028521659442217722
9538	0.03654597207585147
9539	0.06535427913287334
9652	0.08057111163199503
9670	0.035013226255364543
9692	0.10265537594660773
9752	0.04412511216231073
9840	0.03522048534744053
9885	0.038579332983419264
9923	0.1863422079982654
9925	0.07030965148826113
9938	0.09632987449325665
9967	0.07514161867908431
9986	0.08324026828182686
9998	0.007288858138488215
10043	0.22542485603725296
10099	0.09670468774671152
10228	0.05294969254031872
10342	0.15322145862104722
10403	0.023070482981012736
10452	0.027735826424626644
10558	0.03947360691749047
10671	0.029132926628058442
10696	0.02586243600416446
10710	0.04712005068538059
10867	0.0456926606796105
10948	0.06432943256871013
10983	0.07514161867908431
11041	0.05862101373478029
11109	0.04412511216231073
11116	0.032603149816882095
11150	0.04504226438652175
11174	0.17715706465949876
11184	0.02782726318796585
11202	0.02828566960369945
11203	0.029386491458046046
11302	0.055961790296727036
11305	0.02759685113392646
11310	0.07514161867908431
11316	0.023070482981012736
11372	0.18444240982613463
11394	0.07030965148826113
11481	0.05309841551130571
11514	0.02233914326892455
11516	0.03739976080627302
11589	0.06204934901610911
11592	0.01897140237290673
11623	0.04431758316329621
11702	0.0802587713496376
11716	0.03702271954547524
11770	0.09105748814361019
11775	0.04342653910413419
11814	0.0332941896150034
11876	0.007450448375815583
12030	0.05283516979942597
12123	0.055961790296727036
12188	0.06046305540952505
12249	0.05862101373478029
12262	0.024683359007558588
12486	0.055961790296727036
12504	0.027385838745056526
12537	0.015232408477724094
12566	0.0125810020930261
12646	0.04831275501041573
12711	0.06204934901610911
12712	0.0668813162069323
12739	0.01458602786765324
12748	0.0356857823262359
12766	0.009485701186453366
12820	0.09207186228537159
12828	0.051952017876203765
12904	0.04327352872751656
