352
t_index	tf-idf
3	0.02998083797103272
15	0.016852998647655788
81	0.053811270985425645
91	0.01794884637814589
185	0.030077510493254987
189	0.0194688661951016
282	0.04068867585072058
305	0.04317672424641834
338	0.035794557736658655
342	0.03831214905009236
355	0.020753580201834543
357	0.028841316912196248
393	0.043212104497824456
420	0.0671534659622886
425	0.057394772651900704
433	0.03905910269026097
554	0.02486900341204472
722	0.03423319921462096
728	0.034478042526797134
758	0.041101425659511456
809	0.0671534659622886
841	0.13610220677667653
872	0.008827951614341271
875	0.054692961747715235
880	0.02614856616594948
908	0.03245403729388321
926	0.04721837031340256
983	0.030301151225625215
1005	0.031108981964178748
1006	0.05207172885254153
1022	0.025924342831201222
1023	0.0365367535896092
1075	0.018823200937574915
1100	0.04474517099055208
1105	0.02213677774401735
1116	0.03708435264288309
1206	0.02418793574513937
1240	0.015478300393970856
1265	0.030929982540332676
1269	0.03904693796590628
1273	0.039928628728195886
1301	0.011243541338039823
1416	0.04317672424641834
1515	0.07524959984649977
1596	0.02944148780317255
1622	0.16143381295627693
1638	0.031108981964178748
1664	0.05001260614214102
1675	0.054692961747715235
1714	0.10762254197085129
1716	0.05612969912783891
1879	0.045887996860176986
1905	0.057392827584775465
1954	0.07967240760728576
1981	0.16257525610222476
2029	0.0671534659622886
2036	0.0671534659622886
2040	0.05545300887023993
2053	0.052389132942769236
2057	0.011498140275167303
2081	0.06283517537999961
2109	0.06145182030930694
2121	0.02548957981223376
2129	0.02709587601703746
2161	0.05545300887023993
2228	0.051134718287950943
2294	0.01843181041136198
2330	0.059771299452528924
2353	0.029288244655518388
2418	0.04263043963238134
2430	0.017140859820147576
2453	0.033306509340960896
2581	0.08137735170144116
2584	0.026972750772719854
2610	0.05545300887023993
2611	0.04899753223414031
2615	0.045210588750108076
2637	0.035248273122621666
2640	0.02409410064460999
2801	0.016572713655469008
2849	0.06283517537999961
2891	0.021880819939047946
2898	0.027733804103853607
2928	0.02944148780317255
3093	0.026730690011837005
3115	0.0413710549563649
3127	0.04807084236048025
3157	0.03729707514209164
3159	0.031664771456146615
3166	0.04025391283175312
3181	0.060275590121405855
3193	0.017486836902285044
3199	0.033306509340960896
3349	0.0355179132213539
3356	0.035248273122621666
3365	0.03342386826970063
3372	0.04569431555985203
3373	0.0671534659622886
3388	0.031108981964178748
3432	0.02277758543474847
3433	0.01848685040473867
3480	0.10911115580529478
3481	0.0961416847209605
3621	0.0322511699218044
3629	0.1864853757104582
3688	0.03831214905009236
3730	0.04375255177819126
3766	0.041141944895221216
3773	0.04721837031340256
3809	0.018709899709279637
3815	0.07662429810018472
3817	0.04856520989277387
3889	0.05710691147940891
3981	0.014600257590276491
4023	0.02959696815596353
4029	0.03399385846780337
4059	0.026611691958043686
4121	0.04025391283175312
4165	0.09443674062680513
4198	0.05545300887023993
4200	0.018766399656189803
4260	0.018823200937574915
4276	0.04781774969049833
4298	0.017386834148627555
4330	0.05654634149503534
4359	0.030410356801328305
4401	0.05545300887023993
4402	0.06283517537999961
4421	0.030410356801328305
4426	0.018107413302474087
4430	0.06915104666649295
4461	0.04899753223414031
4529	0.04500696643300957
4530	0.0671534659622886
4564	0.01723856890011269
4569	0.09174229163092695
4606	0.05001260614214102
4640	0.06519846502375518
4663	0.035794557736658655
4888	0.04068867585072058
4917	0.03831214905009236
4953	0.07158911547331731
4970	0.017741030711123883
4971	0.05545300887023993
5033	0.041141944895221216
5110	0.06283517537999961
5113	0.04068867585072058
5156	0.18850552613999882
5229	0.057394772651900704
5240	0.0721571606042948
5337	0.03423319921462096
5338	0.12567035075999922
5364	0.07886852239180454
5369	0.026606721936845545
5429	0.04317672424641834
5495	0.0671534659622886
5515	0.050558995942967366
5531	0.026730690011837005
5544	0.028447771478305107
5548	0.14004285896994664
5594	0.02345943199623234
5599	0.04807084236048025
5643	0.059771299452528924
5746	0.059771299452528924
5857	0.02048394010310231
5858	0.030242633413490212
5934	0.01709233939447338
6015	0.03667041116527807
6229	0.06283517537999961
6233	0.0347286473836173
6298	0.022532742122572284
6344	0.053811270985425645
6367	0.04807084236048025
6473	0.0739582693314464
6481	0.059771299452528924
6523	0.13791217010718854
6559	0.01843181041136198
6567	0.053811270985425645
6591	0.08050782566350624
6612	0.017587787563469723
6620	0.023113053011605544
6628	0.035248273122621666
6696	0.022293401375754696
6703	0.0671534659622886
6708	0.012177857574370654
6726	0.020550712829755728
6755	0.040572195205111135
6760	0.017140859820147576
6769	0.03266084408343422
6779	0.032871746321993446
6798	0.016299616255938794
6805	0.016995956700339064
6827	0.0422010468426339
6828	0.022452362759795702
6841	0.06532168816686844
6858	0.042110813893376974
6933	0.06185996508066535
6958	0.018160797950664748
6961	0.04436130117548288
6985	0.03507438524528296
6997	0.04721837031340256
7001	0.03680940734314447
7133	0.029901506668794084
7181	0.04317672424641834
7260	0.11478954530380141
7281	0.02237258549527604
7321	0.021982424100036167
7340	0.01848685040473867
7441	0.03943426119590227
7483	0.023908874845249166
7523	0.051134718287950943
7551	0.060155020986509974
7564	0.04807084236048025
7574	0.017436718150901098
7576	0.11090601774047985
7592	0.04025391283175312
7593	0.057394772651900704
7628	0.04375255177819126
7700	0.020286097602555567
7723	0.0671534659622886
7726	0.01267766611805007
7755	0.059509504010071435
7757	0.04781774969049833
7767	0.05001260614214102
7779	0.027346480873857618
7780	0.0955700172419782
7799	0.057394772651900704
7832	0.0324202362482019
7845	0.059771299452528924
7856	0.20146039788686582
7862	0.018160797950664748
7944	0.02913717524294977
8037	0.025238441268981403
8069	0.0671534659622886
8089	0.018850268759128885
8098	0.03266084408343422
8167	0.0365367535896092
8168	0.041141944895221216
8212	0.0778754647804064
8286	0.042110813893376974
8298	0.03667041116527807
8306	0.035794557736658655
8344	0.051134718287950943
8371	0.03075394192051026
8389	0.0961416847209605
8505	0.02608529693013896
8574	0.05001260614214102
8592	0.08050782566350624
8605	0.032871746321993446
8625	0.057394772651900704
8684	0.06283517537999961
8777	0.016299616255938794
8877	0.01455142372272966
8956	0.03637038526843159
9036	0.06883199529026549
9085	0.07983507587413106
9178	0.026377611875701864
9260	0.01733718270664956
9261	0.019901108154756854
9267	0.10059219802712746
9326	0.10477826588553847
9353	0.03904693796590628
9420	0.028412391226898984
9443	0.025548097624368778
9461	0.05001260614214102
9495	0.02134425680645474
9514	0.02400108507507364
9515	0.032871746321993446
9522	0.05097915962446752
9580	0.01634464894465939
9628	0.04263043963238134
9668	0.030077510493254987
9713	0.028412391226898984
9760	0.053811270985425645
9764	0.0369791346657232
9800	0.030410356801328305
9822	0.051134718287950943
9826	0.015478300393970856
9891	0.025909743493733938
9923	0.0999195280228827
9924	0.08050782566350624
9926	0.09285820895133193
9938	0.028696413792387732
9986	0.055793373442905754
10021	0.046429104475665964
10099	0.043212104497824456
10131	0.01859779114763525
10169	0.02913717524294977
10201	0.051134718287950943
10228	0.031547145583025925
10238	0.05545300887023993
10268	0.03904693796590628
10317	0.057394772651900704
10345	0.04375255177819126
10375	0.037307395833022165
10419	0.02237258549527604
10452	0.012393643552561324
10477	0.03967654969115126
10520	0.0360785803021474
10567	0.059771299452528924
10570	0.0360785803021474
10598	0.059771299452528924
10600	0.046429104475665964
10636	0.025704742989043333
10669	0.059771299452528924
10715	0.042110813893376974
10752	0.057394772651900704
10853	0.022695343983495313
10873	0.006622119387234985
10948	0.03449442082550191
11016	0.019348523502077324
11048	0.04899753223414031
11068	0.053811270985425645
11153	0.018001440139420975
11194	0.0322511699218044
11203	0.02626247329468666
11226	0.04436130117548288
11265	0.03762479992324989
11294	0.0671534659622886
11303	0.06283517537999961
11374	0.028841316912196248
11387	0.04436130117548288
11514	0.019964314364097943
11516	0.016711934134850316
11577	0.025174772212785895
11592	0.008477295578012951
11640	0.027733804103853607
11702	0.04781774969049833
11770	0.04068867585072058
11814	0.059509504010071435
11822	0.0671534659622886
11829	0.11954259890505785
11833	0.12093729193166439
11876	0.0066584063559491195
11889	0.010104670392525368
11941	0.06283517537999961
12055	0.011355945706122812
12127	0.04500696643300957
12387	0.020753580201834543
12430	0.07734641572953706
12467	0.05097915962446752
12525	0.02400108507507364
12588	0.04025391283175312
12590	0.023028190291568627
12685	0.0355179132213539
12717	0.030580763876975652
12737	0.02626247329468666
12766	0.008477295578012951
12772	0.04375255177819126
12778	0.04569431555985203
12779	0.04025391283175312
12829	0.006786393312690002
