333
t_index	tf-idf
3	0.03110194565370509
16	0.018839905390077308
49	0.06518484278851723
67	0.03038345340608816
68	0.04986841021815446
91	0.01862002807056849
189	0.020196887722896704
222	0.030226734882603724
250	0.027730261203421407
278	0.022036874494069665
282	0.08442038786594615
338	0.03713306447603668
357	0.02991981318371117
424	0.06966461213776043
425	0.05954100087365522
426	0.06966461213776043
433	0.02025984214198296
613	0.06518484278851723
758	0.021319189083157768
841	0.028238326377718084
858	0.023209189112033932
865	0.024520822744619006
871	0.020909939679911088
872	0.00915806528183317
875	0.028369079035768793
908	0.0336676281407789
920	0.03938252155875149
926	0.048984060711141676
998	0.04090887151966809
1023	0.018951507052684568
1026	0.062006395852579034
1103	0.06518484278851723
1105	0.02296456353247354
1116	0.03847109015485783
1123	0.03977477302826112
1240	0.016057098141490714
1273	0.06213258825176222
1301	0.011663983908280851
1378	0.06076690681217632
1461	0.062006395852579034
1476	0.03773042458372989
1488	0.04291809001911581
1524	0.03903174699703488
1560	0.06966461213776043
1638	0.03227227562240986
1675	0.028369079035768793
1716	0.07763816134912968
1759	0.04740301523923064
1785	0.23010650601334337
1804	0.04538864086891127
1830	0.055823497240556144
1862	0.048984060711141676
1879	0.07140590862811629
1894	0.027363980013676247
1906	0.024708089442292528
1927	0.04816528095537475
1981	0.05621820605119006
1999	0.054969459057512014
2057	0.01192810335396415
2069	0.016909126404614436
2109	0.06374975834324484
2120	0.03227227562240986
2127	0.06966461213776043
2169	0.041759173324368626
2226	0.05082975286362225
2228	0.10609371430818533
2237	0.02810910302559503
2415	0.062006395852579034
2430	0.017781827549286592
2453	0.034551977647791686
2581	0.042210193932973074
2584	0.027981373618529582
2610	0.05752662650333584
2862	0.04816528095537475
2891	0.011349517202626313
2912	0.09337992656443253
2932	0.054348179567397646
2986	0.023209189112033932
3009	0.034551977647791686
3159	0.06569769677002396
3167	0.018362406897466394
3193	0.07256296858887827
3355	0.055823497240556144
3356	0.03656635201811106
3433	0.03835630059119074
3480	0.11319127375118966
3586	0.04090887151966809
3621	0.03345717471758234
3659	0.03284884838501198
3671	0.03478458562153715
3726	0.14449584286612427
3766	0.04268041258403902
3783	0.04986841021815446
3815	0.039744798954049254
3817	0.050381264199661185
3826	0.046689963282216265
3889	0.029621187689944053
3902	0.03576731931077642
3946	0.025190632099830593
4033	0.05954100087365522
4121	0.041759173324368626
4130	0.0137656984224204
4142	0.05082975286362225
4276	0.024802926682591382
4314	0.053046857154092665
4402	0.06518484278851723
4421	0.03154752597170699
4430	0.03586844532824785
4436	0.03208658266886787
4485	0.055823497240556144
4516	0.03410095703918724
4569	0.1903458316414207
4640	0.03381825280922887
4682	0.024428366383686485
4723	0.054348179567397646
4737	0.028369079035768793
4830	0.06966461213776043
4895	0.014871467577506903
4921	0.024802926682591382
4953	0.03713306447603668
4968	0.08886356306983216
5091	0.03835630059119074
5094	0.04538864086891127
5110	0.06518484278851723
5113	0.042210193932973074
5216	0.020843181345945913
5286	0.04268041258403902
5331	0.04986841021815446
5333	0.028369079035768793
5337	0.03551332029325948
5364	0.08181774303933619
5369	0.027601657448753033
5421	0.08844913660658489
5484	0.05422892210898913
5515	0.034966404111038955
5531	0.027730261203421407
5544	0.04426732718455718
5548	0.014527964138564515
5552	0.06966461213776043
5556	0.023977345775082034
5598	0.05954100087365522
5599	0.04986841021815446
5701	0.055823497240556144
5857	0.021249919447748282
6015	0.038041669691269556
6186	0.04602015392700467
6344	0.055823497240556144
6348	0.030828019136827617
6473	0.03836193764182329
6523	0.07153463862155283
6544	0.049605853365182764
6556	0.021181081401653354
6559	0.019121052128945187
6625	0.01631912948990065
6628	0.03656635201811106
6690	0.06966461213776043
6696	0.023127043970381494
6716	0.036846075076717104
6726	0.042638378166315535
6760	0.035563655098573184
6777	0.05266560963110062
6798	0.03381825280922887
6805	0.05289451770534971
6827	0.021889559369508357
6984	0.06518484278851723
7001	0.050914484682414496
7031	0.06966461213776043
7057	0.03836193764182329
7171	0.062006395852579034
7181	0.044791280761218064
7215	0.017832392720644373
7224	0.06518484278851723
7281	0.023209189112033932
7321	0.06841331389969198
7380	0.054348179567397646
7523	0.053046857154092665
7527	0.053046857154092665
7531	0.022725237120906776
7566	0.07426612895207337
7569	0.04317153657844086
7576	0.05752662650333584
7591	0.01618733702471947
7628	0.04538864086891127
7649	0.06518484278851723
7726	0.013151736552540049
7754	0.03965302648714924
7757	0.024802926682591382
7779	0.028369079035768793
7780	0.06609585062867132
7818	0.07608333938253911
7862	0.018839905390077308
7878	0.034551977647791686
7975	0.02226159689852978
8035	0.02362933367635184
8060	0.04804207238177205
8103	0.045677983137755014
8167	0.018951507052684568
8185	0.05954100087365522
8212	0.020196887722896704
8278	0.04050706467019337
8489	0.05954100087365522
8490	0.06518484278851723
8505	0.07216195787151938
8589	0.03154752597170699
8602	0.05082975286362225
8635	0.04538864086891127
8645	0.017832392720644373
8660	0.039744798954049254
8661	0.09973682043630892
8746	0.04050706467019337
8955	0.0336676281407789
9008	0.026553781594773104
9030	0.06966461213776043
9036	0.04760393908541086
9057	0.06966461213776043
9085	0.05521362663924936
9096	0.03903174699703488
9113	0.02933042168123658
9253	0.04986841021815446
9329	0.023459353851998353
9330	0.03432416605817047
9339	0.028369079035768793
9397	0.04740301523923064
9443	0.026503446789459404
9461	0.05188278458847383
9474	0.10609371430818533
9495	0.011071203477609357
9514	0.04979717006950486
9515	0.03410095703918724
9522	0.026442740754005847
9544	0.053046857154092665
9548	0.06966461213776043
9549	0.03246114296777277
9580	0.033911686104094174
9598	0.044791280761218064
9692	0.03172430527357011
9752	0.04090887151966809
9763	0.13036968557703446
9800	0.06309505194341399
9822	0.053046857154092665
9823	0.07806349399406975
9847	0.06518484278851723
9872	0.08536082516807804
9891	0.01791907739697275
9923	0.10365593294337505
9924	0.08351834664873725
9938	0.08930847460862344
9962	0.04317153657844086
9991	0.030226734882603724
10001	0.041759173324368626
10072	0.06518484278851723
10099	0.02241399201336711
10131	0.019293239572275526
10157	0.04740301523923064
10173	0.06530659025358698
10201	0.053046857154092665
10211	0.018565735722217327
10217	0.016909126404614436
10225	0.04602015392700467
10228	0.016363411996702725
10267	0.05752662650333584
10273	0.03656635201811106
10301	0.062006395852579034
10314	0.06518484278851723
10342	0.03551332029325948
10366	0.034551977647791686
10370	0.04602015392700467
10396	0.04050706467019337
10419	0.023209189112033932
10474	0.03656635201811106
10477	0.0205801100925367
10510	0.06966461213776043
10544	0.06518484278851723
10552	0.04090887151966809
10566	0.04132584442596028
10570	0.0374277078213892
10588	0.06966461213776043
10594	0.053046857154092665
10660	0.025092422825122324
10746	0.03246114296777277
10783	0.03836193764182329
10811	0.062006395852579034
10873	0.006869747853383126
10880	0.024245742876103024
10948	0.01192810335396415
10974	0.06173481079443064
11016	0.02007204491824002
11100	0.06966461213776043
11174	0.03284884838501198
11203	0.027244535924326924
11226	0.04602015392700467
11383	0.04986841021815446
11401	0.02051530949236892
11544	0.01305264646540602
11588	0.06518484278851723
11592	0.008794296764236547
11623	0.013695771159520068
11636	0.015146221681382604
11640	0.028770885885243517
11650	0.036027295320950184
11660	0.01788319037636583
11677	0.06966461213776043
11702	0.049605853365182764
11716	0.03432416605817047
11775	0.013420405612568492
11807	0.031202233161855084
11814	0.06173481079443064
11816	0.05752662650333584
11817	0.0374277078213892
11833	0.06272981903973326
11876	0.020722175226366497
11889	0.010482525862038183
11909	0.041759173324368626
12055	0.011780591541154021
12184	0.05954100087365522
12234	0.3483230606888021
12301	0.06966461213776043
12380	0.04132584442596028
12430	0.04011935925295416
12467	0.026442740754005847
12476	0.06076690681217632
12480	0.029769491536207813
12520	0.026442740754005847
12523	0.062006395852579034
12525	0.1493915102085146
12564	0.060216134754720055
12567	0.03103355094401629
12590	0.0238893096865256
12649	0.023375334658834904
12692	0.044224568303292446
12739	0.040568595349415905
12829	0.021120493983512387
12832	0.054348179567397646
