370
t_index	tf-idf
3	0.013351895489534374
56	0.041325762522065414
67	0.026086901379489692
75	0.022150704046852706
181	0.029470354239367016
184	0.02206163206582332
191	0.025432428357735258
375	0.036241211676022324
381	0.03706660997584794
464	0.043641870868814686
534	0.031395470625239265
569	0.028725964939819455
600	0.04281647256898907
632	0.03957323810460965
642	0.038457304647430086
645	0.053579793477330995
660	0.021295522060761667
687	0.02424511873261141
697	0.029470354239367016
743	0.029278709412579106
758	0.036608845984017716
804	0.07691460929486017
808	0.029665950783055582
854	0.04804900379776913
871	0.03590609184482089
872	0.007863014866711598
960	0.034778923485116596
983	0.013494546242103857
991	0.02413416897328992
1023	0.01627155705009562
1105	0.019717123530619517
1183	0.03412445046336216
1240	0.013786449158999197
1265	0.027549189570395424
1301	0.020029138481427986
1350	0.10644575653287722
1488	0.018424501763522252
1490	0.018731521968529848
1497	0.018485116003515063
1507	0.09043623489237262
1511	0.012505872030479374
1515	0.03351223183789943
1544	0.0354819188442924
1581	0.05323801451679966
1627	0.02986566544978813
1643	0.040087492730866175
1645	0.02803576269961949
1675	0.024357381537306003
1738	0.055966994354922556
1759	0.04069971135632891
1779	0.03951240173120506
1885	0.02803576269961949
1888	0.027549189570395424
1894	0.023494414490225837
1917	0.03951240173120506
1944	0.017614220751808893
2057	0.020482678626444227
2069	0.01451799132359701
2109	0.036489897678611556
2157	0.01691915359725909
2165	0.04454599241117276
2219	0.048714763074612005
2233	0.0191135640534375
2271	0.02270344851961236
2289	0.05323801451679966
2365	0.047929445271050086
2373	0.030932642430272748
2430	0.030534565997187308
2431	0.02555976042101239
2437	0.028725964939819455
2440	0.020214635845698752
2464	0.01671514366385464
2490	0.04554545240711197
2506	0.013639374952732007
2535	0.03239493062117848
2538	0.043641870868814686
2615	0.026845905445560533
2635	0.02470236851149078
2668	0.03351223183789943
2685	0.029278709412579106
2692	0.03951240173120506
2716	0.021133362620014855
2718	0.02986566544978813
2727	0.06824890092672432
2762	0.020069807135070603
2768	0.041354184378083345
2778	0.022150704046852706
2809	0.029665950783055582
2813	0.033941698145575204
2818	0.04069971135632891
2891	0.03897828624186713
2898	0.02470236851149078
2909	0.018499064962597064
2918	0.04925137980463318
2942	0.043641870868814686
2961	0.055966994354922556
2991	0.024357381537306003
2992	0.04430140809370541
2996	0.08512376361066312
3005	0.038457304647430086
3167	0.05518016730938784
3203	0.024357381537306003
3216	0.02270344851961236
3238	0.019244408835244985
3294	0.033329638855236605
3359	0.02121409584163796
3369	0.04740581703110314
3449	0.05112125330413951
3557	0.03412445046336216
3700	0.047929445271050086
3808	0.017022827812609335
3809	0.033329638855236605
3818	0.034778923485116596
3840	0.02555976042101239
3900	0.07127699745923906
3901	0.02470236851149078
3981	0.013004380574952804
4062	0.02854864956633463
4087	0.025432428357735258
4110	0.06532432454491288
4113	0.04554545240711197
4119	0.05818171956678893
4120	0.05745192987963891
4130	0.011819078376835246
4134	0.02413416897328992
4216	0.0304913490828812
4271	0.03585397030554585
4298	0.015486371172856577
4384	0.055966994354922556
4446	0.055966994354922556
4457	0.01716869351583355
4572	0.021973388673367882
4587	0.02073941045422288
4598	0.033030857994244184
4618	0.030709429866256664
4620	0.013316565481161616
4644	0.026283725275305543
4695	0.05190468913243826
4708	0.07677156007641565
4717	0.024357381537306003
4765	0.02380889952082244
4783	0.02555976042101239
4805	0.04205717973725915
4828	0.02359808870557608
4895	0.012768479701025836
4990	0.032215966423476856
5001	0.04454599241117276
5021	0.041354184378083345
5041	0.022895093346400275
5073	0.038457304647430086
5178	0.03293714083823831
5207	0.04205717973725915
5369	0.02369848174111101
5396	0.05112125330413951
5414	0.031421278427023226
5448	0.023090689890088837
5506	0.05112125330413951
5515	0.015010886409924665
5518	0.04205717973725915
5522	0.047929445271050086
5556	0.0205866873069522
5578	0.025060376896481808
5594	0.020895205434896223
5652	0.030932642430272748
5664	0.035123910459301376
5725	0.058738924403758656
5727	0.09418641187571782
5730	0.03897019151414522
5753	0.035123910459301376
5792	0.022895093346400275
5797	0.024820209732272523
5798	0.08899785234916674
5896	0.02568882494640425
5899	0.025306782861496593
5915	0.05855741882515821
5934	0.0304481321685751
5968	0.03266216227245644
5976	0.035123910459301376
6015	0.06532432454491288
6036	0.15003161329295797
6056	0.046662753623832924
6173	0.021133362620014855
6348	0.008822866887434392
6421	0.059331901566111164
6428	0.37963374999210153
6554	0.0437135364155466
6559	0.01641712660154439
6569	0.02890665795132566
6580	0.01992715638250112
6603	0.03665662739945122
6620	0.0205866873069522
6625	0.05604570565594183
6630	0.026361879945271574
6668	0.025060376896481808
6696	0.03971325492141544
6701	0.02359808870557608
6708	0.010846760305801466
6755	0.018068731457173862
6824	0.024820209732272523
6827	0.01879413669278382
6910	0.030709429866256664
6958	0.016175737081005493
7056	0.02413416897328992
7059	0.04281647256898907
7133	0.013316565481161616
7177	0.026223394328348727
7187	0.017558908080323173
7245	0.030278169408518317
7247	0.024585973231765538
7315	0.043641870868814686
7343	0.5162723139784008
7348	0.08909198482234552
7366	0.03511781616064635
7377	0.021377653277565675
7448	0.034778923485116596
7584	0.037463043937059695
7591	0.02779654168448172
7700	0.018068731457173862
7726	0.05645968709178972
7731	0.029665950783055582
7805	0.027238142153999452
7811	0.038022457738762096
7821	0.010738655474492285
7926	0.052173802758979385
7949	0.03750790332323949
7989	0.041354184378083345
7992	0.04454599241117276
8021	0.021544080288130058
8034	0.03951240173120506
8035	0.06086366375533822
8037	0.01498650706907213
8060	0.013749466280644123
8089	0.005596615159427314
8110	0.0338134030469662
8176	0.02854864956633463
8379	0.1108344940519264
8386	0.014359224499846706
8388	0.03293230092810838
8464	0.021544080288130058
8505	0.015489367297925464
8665	0.06020942140521181
8672	0.034778923485116596
8677	0.026223394328348727
8724	0.07401196192299465
8773	0.0354819188442924
8777	0.02903598264719402
8782	0.043641870868814686
8805	0.06809449649702665
8877	0.051843537917796265
8879	0.030276436946403588
8882	0.025432428357735258
8905	0.04226672524002971
8938	0.022609058723093156
8948	0.03293714083823831
8964	0.03750790332323949
8967	0.02986566544978813
8993	0.0338134030469662
9000	0.06042583529109353
9050	0.047929445271050086
9068	0.01681660020618886
9070	0.025819669728211734
9168	0.04205717973725915
9199	0.047929445271050086
9261	0.01772582317178514
9267	0.02986566544978813
9272	0.025432428357735258
9317	0.049391733461955814
9389	0.026789896738665497
9409	0.04554545240711197
9417	0.10647602903359932
9443	0.0227555700588874
9458	0.04940473702298156
9495	0.009505614434690524
9541	0.023494414490225837
9580	0.014558101727048108
9679	0.030932642430272748
9697	0.040087492730866175
9735	0.08264756871118627
9818	0.03213502131397913
9844	0.040429271691397504
9845	0.036970232007030125
9891	0.0384628105484385
9941	0.14362982469909727
9946	0.03585397030554585
9986	0.033129929721021724
9998	0.00580198413241616
10023	0.02319002164883643
10121	0.017782120644339258
10128	0.011522613740071847
10131	0.033129929721021724
10133	0.0701755832974668
10137	0.01992715638250112
10189	0.029090859783394464
10190	0.04804900379776913
10191	0.0513776498928085
10419	0.01992715638250112
10420	0.03266216227245644
10424	0.030932642430272748
10452	0.011038959858842148
10541	0.040872222377049176
10619	0.03188204375446333
10650	0.047929445271050086
10657	0.03951240173120506
10723	0.03797073151820601
10738	0.0541727227508578
10746	0.027870782953728412
10772	0.036241211676022324
10824	0.0304913490828812
10867	0.036371690488952516
10873	0.03538974303373761
10876	0.022240620324645844
10920	0.019717123530619517
10976	0.017287081565171006
10985	0.02986566544978813
11016	0.017233638627855694
11020	0.03293714083823831
11021	0.0338134030469662
11046	0.022992387494511133
11051	0.04554545240711197
11097	0.05112125330413951
11116	0.02595234456621913
11147	0.0332203289210041
11175	0.05284543263735233
11305	0.02196729437471286
11401	0.017614220751808893
11535	0.03957323810460965
11537	0.018424501763522252
11553	0.02595234456621913
11567	0.01522406608428755
11592	0.007550687188989329
11627	0.022515598890427722
11636	0.013004380574952804
11647	0.055966994354922556
11656	0.03266216227245644
11744	0.028203662592149854
11775	0.03456784122021554
11777	0.024470988838676766
11783	0.0338134030469662
11791	0.03444604384669516
11857	0.016970849072787602
11889	0.018000364521838435
12052	0.0273923910205982
12055	0.03034406184366346
12082	0.034778923485116596
12188	0.01203225805119813
12193	0.012001508927733223
12206	0.049391733461955814
12329	0.038888247003955066
12353	0.05112125330413951
12371	0.04412326413164664
12405	0.024820209732272523
12420	0.022798786973193496
12488	0.025338295884556487
12489	0.09734115648136052
12494	0.04454599241117276
12516	0.015530802618408536
12537	0.012125108022004548
12581	0.014049446890866171
12590	0.02051110048246215
12591	0.06245139038289435
12651	0.03750790332323949
12674	0.024024501898884564
12685	0.031635637789448556
12697	0.049391733461955814
12739	0.011610584351509511
12748	0.014203071240773368
12766	0.015101374377978658
12829	0.030223042581217982
12867	0.10122713144598637
12868	0.1212878150741925
