74
t_index	tf-idf
46	0.15618109536654215
263	0.10466928755859961
698	0.09522744813399912
740	0.1485656236896402
871	0.05009964193443019
1202	0.11186787136540768
1298	0.11357632429611539
1454	0.19045489626799825
1818	0.333828999703513
2199	0.05580687231610738
2353	0.14559584194677438
2430	0.04260477107042677
2668	0.09351899520329143
2689	0.06181359676452362
2801	0.041192605196914416
2909	0.025811679387255777
2951	0.12709881471921156
3031	0.1022610978705222
3167	0.021997911631978683
3193	0.043464720602407365
3367	0.1669144998517565
3433	0.04595032207085258
3727	0.1669144998517565
3817	0.1207121271149303
3882	0.1669144998517565
3889	0.07097155322568863
3946	0.06035606355746515
4226	0.09114679713550347
4260	0.04678634416083319
4327	0.12709881471921156
4472	0.04153864715248678
4632	0.1669144998517565
5329	0.0713268851735111
5531	0.06644094523019405
5858	0.07517011904117515
6209	0.333828999703513
6391	0.05141528324285647
6554	0.02033111383597944
6967	0.3123621907330843
6985	0.04358988316486825
7379	0.12178669365218757
7501	0.03686752187405331
7592	0.10005383387301924
7821	0.02996721539366718
8060	0.07673832512063285
8089	0.031235748712936662
8391	0.18703799040658287
8414	0.054260632395637574
8505	0.02161225896626983
8825	0.10113446688019334
8933	0.06335608154878669
9036	0.05702886616021198
9085	0.0661451674866685
9495	0.05305259972072819
9668	0.07475969480989868
9776	0.15618109536654215
9877	0.12430972878132973
9923	0.16557118143615415
9938	0.0713268851735111
9986	0.04622607282099501
10205	0.08761197645709719
10558	0.04384199776236473
10792	0.07966765790976467
10895	0.142658604943446
10948	0.028579408460207515
10969	0.13021674752752396
11024	0.11186787136540768
11203	0.06527716078444004
11640	0.06893425342455033
12262	0.05482994106107533
12381	0.13021674752752396
12490	0.13783221920442587
12748	0.03963498932756091
12829	0.016868041423521968
