198
t_index	tf-idf
1	0.08102389262719006
15	0.08089481733457615
16	0.021793071719517408
56	0.02783846269251841
67	0.03514607772469168
75	0.02984296044831971
90	0.07172593513106261
117	0.03360026405679509
185	0.07218640338433482
189	0.11681380918397552
277	0.1743309870539841
319	0.05466649145322811
355	0.07471328016599318
393	0.5444753692993946
433	0.11717792199181634
469	0.027432704010476462
497	0.032367470507596065
554	0.02984296044831971
735	0.048304948478405774
807	0.035705889477089976
872	0.01059359743940804
875	0.03281594897863922
882	0.05250333721041809
898	0.06457386349925455
902	0.028863411291480463
905	0.07540260550691619
951	0.054833465956470546
983	0.018180785988531463
1007	0.06887408802885141
1023	0.021922167008843984
1027	0.05879734673326401
1110	0.05250333721041809
1203	0.016252252274060106
1208	0.03609320169216741
1235	0.03460976162282651
1301	0.01349232029489605
1465	0.10031850939714751
1466	0.045149996458710914
1471	0.02996410187642804
1517	0.061361983434535326
1638	0.037330973942238325
1665	0.04137386779899492
1694	0.04023709002185931
2130	0.03919321824205439
2199	0.026942976471963843
2269	0.03799792482690286
2294	0.022118288376236032
2451	0.03822820718281838
2472	0.048304948478405774
2506	0.018375909243932956
2508	0.04597481973235332
2558	0.05323384031443526
2619	0.047803695018495816
2754	0.04685657105102009
2820	0.06654395928279895
2917	0.03649261935449281
3016	0.02972295651520359
3077	0.028690800131742484
3144	0.05400864268282815
3238	0.025927398538066405
3289	0.06654395928279895
3421	0.07540260550691619
3719	0.048304948478405774
3721	0.0488266668345645
3808	0.022934330938453318
3819	0.04400472394880891
3847	0.039446302254288544
3881	0.028913072255508255
3910	0.06457386349925455
3917	0.08951344932176629
4015	0.07540260550691619
4193	0.047803695018495816
4276	0.028690800131742484
4366	0.04229814935649973
4403	0.07540260550691619
4426	0.043458019612108184
4457	0.011565425650999642
4472	0.04010885206278206
4552	0.04079284388408968
4587	0.013970784057195285
4596	0.05400864268282815
4677	0.15080521101383237
4798	0.07509889271171943
4805	0.056662341242613046
4930	0.05053324142687368
5012	0.07141177895417995
5362	0.02426527729484093
5514	0.061361983434535326
5544	0.017068752313949182
5578	0.033763072946114955
5740	0.037116173508236094
5934	0.020510914734583923
6251	0.13792445919705995
6345	0.13774817605770281
6554	0.009815649919042466
6824	0.0334395031323825
6827	0.025320760766642702
6842	0.03754944635585972
7001	0.014723840078710401
7042	0.04685657105102009
7045	0.07540260550691619
7082	0.05053324142687368
7109	0.10489438043946331
7124	0.06457386349925455
7176	0.06654395928279895
7190	0.07172593513106261
7215	0.020627630842365303
7452	0.06887408802885141
7457	0.06457386349925455
7574	0.02092417140744024
7757	0.028690800131742484
7803	0.06624784703791632
7832	0.019452243663525267
7853	0.07172593513106261
7854	0.061361983434535326
8041	0.03609320169216741
8067	0.07540260550691619
8073	0.05323384031443526
8089	0.0075401470081483445
8103	0.03522535603419387
8109	0.0340950481037719
8187	0.06457386349925455
8232	0.061361983434535326
8252	0.05250333721041809
8392	0.041674595202756445
8407	0.03296900859219719
8605	0.039446302254288544
8608	0.057685313058681735
8665	0.027039432212648686
8709	0.11192277388721743
8823	0.07540260550691619
9013	0.06887408802885141
9087	0.051812340552006356
9099	0.047321361362154445
9124	0.03629135023459369
9261	0.023881454905929047
9327	0.06532940152797924
9433	0.03609320169216741
9443	0.01532893888632028
9485	0.04640809257997694
9538	0.03919321824205439
9541	0.03165330008947781
9673	0.06457386349925455
9783	0.08673921676652478
9830	0.10966693191294109
9891	0.005181975848263641
9983	0.05400864268282815
10116	0.02343558439836327
10132	0.11009132674990692
10162	0.056662341242613046
10178	0.026106147255703878
10211	0.042951851587639873
10217	0.058678925953242665
10221	0.06887408802885141
10285	0.2151778053931878
10337	0.04993870050914678
10367	0.033763072946114955
10437	0.05879734673326401
10439	0.07540260550691619
10460	0.03870160667243694
10496	0.06654395928279895
10503	0.037330973942238325
10566	0.047803695018495816
10570	0.04329452319215337
10790	0.061361983434535326
10890	0.02549116762423898
10920	0.026564272468915844
10952	0.054833465956470546
11116	0.0349647934798211
11261	0.05879734673326401
11311	0.07540260550691619
11429	0.04229814935649973
11519	0.10442458902281551
11544	0.03019731306080954
11567	0.020510914734583923
11578	0.05879734673326401
11592	0.030518423973615372
11612	0.03919321824205439
11660	0.020686391060710355
11663	0.04545076728341548
11872	0.04137386779899492
11876	0.031960517956773654
12147	0.07172593513106261
12290	0.04329452319215337
12329	0.026196467949478434
12427	0.10646768062887052
12534	0.03690492365766453
12537	0.016335784107218896
12581	0.018928386519816317
12624	0.023881454905929047
12659	0.18149178976646485
12666	0.050138672858208555
12674	0.06473494101519213
12717	0.036697108916635635
12719	0.047017648566957684
12738	0.09874118507542451
12829	0.008143714641949034
12841	0.04685657105102009
