215
t_index	tf-idf
1	0.14129352565091322
15	0.08816777355323285
16	0.01900192547019456
56	0.02427305338578221
67	0.03064474609589572
75	0.02602082522130536
82	0.029296912413419793
90	0.06253964063358032
117	0.029296912413419793
185	0.06294113444513115
189	0.10185288813671581
277	0.17371835105760006
316	0.030967768298019907
319	0.07149762615021608
320	0.023746491539983296
355	0.06514438164660001
393	0.5877754648783056
433	0.1021703672202696
469	0.023919262220668928
497	0.028222008818208057
554	0.02602082522130536
614	0.04085541874773751
735	0.042118295329896735
807	0.03113285999435478
872	0.009236823133317026
875	0.028613048438112434
882	0.04577897569691244
898	0.056303570112902074
902	0.025166731759300114
905	0.0657454216891198
951	0.04781067335469573
983	0.015852283000300362
1007	0.060053043664320814
1023	0.019114486888699867
1027	0.05126688035767228
1110	0.04577897569691244
1203	0.01417074611643268
1208	0.031470567222565575
1235	0.03017711864404916
1301	0.01176429224678776
1465	0.11662696373596675
1466	0.03936741358583349
1471	0.02612645146885292
1517	0.05350305137949473
1638	0.03254981187185742
1665	0.03607491235969711
1694	0.035083727322759016
2059	0.06253964063358032
2130	0.03417354935355938
2199	0.023492256504940263
2269	0.033131343065155236
2294	0.019285490024662514
2451	0.03333213202324821
2472	0.042118295329896735
2506	0.016022415857401013
2508	0.04008659767211344
2558	0.04641591966318446
2619	0.04168123987440737
2754	0.04085541874773751
2820	0.058021346006537515
2891	0.011447121179312422
2917	0.03181882949365191
3016	0.025916190784152544
3077	0.02501622776266858
3144	0.04709148926841577
3238	0.022606748649165603
3289	0.058021346006537515
3421	0.0657454216891198
3719	0.042118295329896735
3721	0.04257319464137296
3808	0.019997017988564555
3819	0.038368821778478
3847	0.034394219647314456
3881	0.025210032398575714
3889	0.029875925020271654
3910	0.056303570112902074
3917	0.07804902009609441
4015	0.0657454216891198
4193	0.04168123987440737
4276	0.02501622776266858
4366	0.03688081661657397
4403	0.0657454216891198
4426	0.03789213656429979
4457	0.02016836901927455
4472	0.03497191343198687
4552	0.03556830304507065
4587	0.01218147679371221
4596	0.04709148926841577
4645	0.03274030344525086
4677	0.1314908433782396
4798	0.06548060689050172
4805	0.04940531555698965
4930	0.044061199803276996
5012	0.06226571998870956
5083	0.04577897569691244
5362	0.02115750347653984
5436	0.07321130968340879
5514	0.05350305137949473
5544	0.014882672966583323
5578	0.029438869564782286
5740	0.03236252198953117
5934	0.01788398065808365
6073	0.03607491235969711
6251	0.16034639068845377
6345	0.12010608732864163
6554	0.02567553357374485
6824	0.029156740933991687
6827	0.022077805971035716
6842	0.03274030344525086
7001	0.012838085214033986
7042	0.04085541874773751
7045	0.0657454216891198
7082	0.044061199803276996
7083	0.036605654841704395
7109	0.12194671927579338
7124	0.11260714022580415
7176	0.058021346006537515
7187	0.02062676099453255
7190	0.06253964063358032
7215	0.017985748357918583
7377	0.05022541752177301
7452	0.060053043664320814
7457	0.056303570112902074
7574	0.018244309509323264
7757	0.02501622776266858
7803	0.057763158318244245
7832	0.01696089881589931
7853	0.06253964063358032
7854	0.05350305137949473
8041	0.031470567222565575
8067	0.0657454216891198
8073	0.04641591966318446
8089	0.006574443168322583
8103	0.03071387084104188
8109	0.029728327025618517
8187	0.056303570112902074
8232	0.05350305137949473
8252	0.04577897569691244
8392	0.03633712412069471
8407	0.028746504951574943
8605	0.034394219647314456
8608	0.05029727032395524
8665	0.023576358682882638
8709	0.11710592624266031
8823	0.0657454216891198
9013	0.060053043664320814
9087	0.04517647839078307
9099	0.04126068106986964
9124	0.031643337903251204
9261	0.020822839115234415
9327	0.05696234265752078
9433	0.031470567222565575
9443	0.013365686031040847
9485	0.04046437912783314
9538	0.03417354935355938
9541	0.02759930573014602
9673	0.056303570112902074
9783	0.10084012959430286
9830	0.09562134670939146
9891	0.004518294627042802
9983	0.04709148926841577
10109	0.04641591966318446
10116	0.020434073444053923
10132	0.12798851627345798
10162	0.04940531555698965
10178	0.02276260413636607
10211	0.037450795976789644
10217	0.05116362631138413
10221	0.060053043664320814
10285	0.18761892190074095
10337	0.04354280467509
10367	0.029438869564782286
10410	0.0702637163161626
10437	0.05126688035767228
10439	0.0657454216891198
10460	0.03374490090388764
10496	0.058021346006537515
10503	0.03254981187185742
10566	0.04168123987440737
10570	0.0377495799377439
10790	0.05350305137949473
10890	0.02222638798137961
10920	0.023162054992560632
10952	0.04781067335469573
11116	0.030486679818948346
11242	0.03688081661657397
11261	0.05126688035767228
11311	0.0657454216891198
11429	0.03688081661657397
11519	0.09105041654546428
11544	0.039494691218843615
11567	0.01788398065808365
11578	0.05126688035767228
11592	0.02660977879933668
11612	0.03417354935355938
11660	0.018036982865103957
11663	0.05944449480995947
11872	0.03607491235969711
11876	0.02786717668898106
12147	0.06253964063358032
12290	0.0377495799377439
12329	0.022841357013133935
12427	0.09283183932636892
12534	0.03217832794989262
12537	0.014243579615468547
12581	0.016504134641949855
12624	0.020822839115234415
12659	0.18085398919332482
12666	0.04371716557849438
12674	0.05644401763641611
12717	0.031997129068364494
12719	0.040995866271251555
12738	0.08609491419062115
12829	0.007100708916506721
12841	0.04085541874773751
