59
t_index	tf-idf
320	0.08824081147354394
678	0.11568819860266528
738	0.06877859445673327
863	0.09190179009461394
918	0.0740810522142777
989	0.15181675563826616
1230	0.2610965638627322
1505	0.21560450922965022
1589	0.10992772488953449
2530	0.12780725298169546
2615	0.05859379558802061
4308	0.2610965638627322
4917	0.14895985378913185
5012	0.11568819860266528
5041	0.09994152905201951
5152	0.17011245459656826
5195	0.09019748976793826
5320	0.1548854669140623
5436	0.13602483896678957
5544	0.05530329132012956
5769	0.054449474418937556
6071	0.12238154917940468
6251	0.14895985378913185
6299	0.18690221841054055
6388	0.12299039789765714
6554	0.031803012720829374
7001	0.04770570234114096
7042	0.15181675563826616
7083	0.13602483896678957
7109	0.11328702439383644
7187	0.07664804399267805
7377	0.09331760844031448
7769	0.06818562032437644
7928	0.16574961760310414
8089	0.024430312123484753
8103	0.05706562760953152
8298	0.14257668183596717
8608	0.18690221841054055
8665	0.08760860602358951
9095	0.2610965638627322
9527	0.14501318766180887
9652	0.0699906415496547
9783	0.09367925836029499
10116	0.0759320263954488
10178	0.08458473357472676
10473	0.12949763677232118
10538	0.2443068000487599
10781	0.12025756297002219
10948	0.044705435134856294
11516	0.12995393508237063
11544	0.04892011936696486
11696	0.12618317609495264
12290	0.14027560917297002
12581	0.06132856430694888
12659	0.08400558213923923
12666	0.16245086814084964
12719	0.15233865182758163
12829	0.05277178026699121
12839	0.07811832812092116
