152
t_index	tf-idf
15	0.0386137624523986
183	0.04038060150807348
189	0.04460726486676336
190	0.02230363243338168
192	0.0886084484419111
277	0.02377540735345371
319	0.10437647229490901
355	0.04755081470690742
393	0.09900801471786237
433	0.04474630730167922
525	0.053189418945047404
665	0.040079328407296506
678	0.03408719569061069
872	0.010113346405117593
880	0.029955930796423773
971	0.055070202241204035
972	0.047674775274323185
1005	0.03563860844039882
1235	0.1652037989418579
1428	0.03921772766067602
1555	0.057918763974767085
1966	0.06164646655869458
2059	0.06847430557564814
2114	0.04236348532182764
2269	0.07255064743550615
2613	0.14472708967275144
3162	0.03894353768012679
3241	0.026774825141490932
3252	0.04100642794878108
3432	0.052188236147454506
3438	0.028261995572315828
3471	0.03355276249111993
3633	0.05729469673536783
3671	0.2688908488704966
3715	0.07580906462889336
3716	0.05012314652040709
3886	0.0352318727551381
3889	0.032710984560643405
3981	0.03345225915704831
3991	0.04389059340092371
4011	0.02536000551415011
4061	0.07198429746849837
4169	0.04473237133140024
4304	0.021894624057297085
4416	0.051560210348353806
4426	0.041487890108292
4457	0.03312335302531412
4472	0.019145277000689808
4644	0.050708873701508825
4776	0.07693135318929531
4836	0.028490057177870794
4949	0.01330423150269672
5012	0.06817439138122137
5041	0.02944748470079952
5304	0.03765804028144033
5436	0.32063462725837205
5500	0.053189418945047404
5855	0.029955930796423773
5993	0.07198429746849837
6113	0.05858019413405427
6117	0.03894353768012679
6431	0.0471324219572854
6554	0.018741332845698167
6708	0.02790203152489422
6724	0.039785315610603306
6742	0.05012314652040709
6824	0.03192355389442631
6826	0.03483825988980638
7042	0.04473237133140024
7083	0.08015865681459301
7109	0.03337969660140185
7187	0.06775237854263105
7198	0.04430422422095555
7486	0.12818315866057878
7591	0.01787584404231328
7811	0.02445208948503883
8060	0.0176844528134272
8073	0.05082053293547481
8103	0.10088534037328173
8140	0.05375048994599648
8176	0.036719043185962995
8233	0.053189418945047404
8376	0.03790453231444668
8397	0.07957063122120661
8398	0.0635272498548512
8608	0.055070202241204035
8665	0.12906812163115958
8666	0.036495166434042874
8811	0.04038060150807348
8947	0.051560210348353806
9006	0.03841297841007094
9007	0.05409360591519215
9139	0.028840347475877104
9215	0.15914126244241322
9254	0.19725523304704498
9260	0.11916938972546325
9307	0.024752003679465593
9381	0.027602324614336978
9406	0.055070202241204035
9466	0.07693135318929531
9534	0.03584717660730838
9645	0.14396859493699674
9665	0.038156107013909694
9783	0.16561394768602186
9844	0.025999901847617496
9891	0.03462939004557853
10116	0.08949261460335844
10132	0.1401339164199935
10152	0.30443368703051876
10194	0.043103162734706636
10371	0.053189418945047404
10408	0.07693135318929531
10460	0.14778841916607185
10473	0.038156107013909694
10503	0.07127721688079763
10658	0.03765804028144033
10722	0.025721541318180354
11021	0.04349052671864554
11057	0.03304075978837159
11059	0.3846567659464765
11104	0.06575174434901498
11116	0.03337969660140185
11249	0.05012314652040709
11372	0.053952996347258766
11516	0.019145277000689808
11544	0.02882834553932361
11547	0.0635272498548512
11557	0.0461150878950875
11567	0.019581071206748537
11592	0.038846532244123023
11612	0.07483285920206142
11614	0.07198429746849837
11627	0.028959381987383542
11663	0.02169514919481647
11689	0.04236348532182764
11696	0.037179510687897814
11800	0.051560210348353806
11876	0.015255808578369712
12021	0.053189418945047404
12023	0.06575174434901498
12112	0.05409360591519215
12262	0.025271271009194126
12290	0.041331805648743954
12517	0.07255064743550615
12581	0.01807028545871926
12659	0.049504007358931186
12665	0.046613154627556865
12666	0.07179852309022589
12718	0.05675098702623497
12719	0.06732921981859281
12748	0.0182678758605192
12829	0.0233235803992551
