51
t_index	tf-idf
189	0.07429089827861307
277	0.0791932154775119
319	0.1738331616857144
393	0.32978459325591175
433	0.07452246565714654
497	0.10292483721803379
989	0.14899851216021573
1465	0.10633377778917513
1466	0.2871436020814195
2506	0.05843328001863163
2530	0.12543470882048682
2801	0.06323952160546474
2918	0.07033361566302697
3640	0.13156414577693465
4136	0.09339182930992476
4304	0.07292853724824909
4472	0.06377077054253016
4644	0.056301857096357655
5012	0.11354062595939124
5043	0.16695457973824737
5054	0.16068990150898457
5152	0.16695457973824737
5320	0.1520102575530125
5544	0.0542766711725548
6071	0.12010972482537645
6299	0.1834326675309017
6450	0.16927749567480754
6451	0.2562497096064023
6554	0.03121263893233668
7165	0.09726523167906367
7769	0.06691985964487764
7808	0.08244614831397794
7975	0.08188558818561209
8089	0.023976801129133134
8666	0.12156130645134791
8929	0.1154023238992866
9839	0.43802337270973546
10132	0.11669258988683637
10503	0.11870820783767534
10660	0.0922983113656558
10727	0.09265955787736946
10781	0.11802516713794396
10829	0.1771679893016389
11429	0.1345032549305983
11516	0.06377077054253016
11544	0.04801199294329199
11592	0.03234836056464098
11663	0.07226410885247316
12262	0.08417576955336545
12329	0.08330175812641095
12748	0.060848245745340854
