161
t_index	tf-idf
15	0.03282192728093387
91	0.03495613706004196
356	0.04882852819714297
536	0.12803823105128517
596	0.045013647781477054
638	0.05794863733092078
665	0.06813533408326222
720	0.08899161115556867
863	0.046033939231313235
865	0.046033939231313235
1203	0.10550594163961968
1273	0.03888134616110423
1428	0.06667060258574824
1446	0.05453132647205736
1600	0.06023744847808214
1645	0.06130136085661361
1654	0.09533026968316538
1692	0.09361999756099094
1706	0.058898806997743865
1716	0.03643832059388204
1758	0.10203005101397365
1864	0.08302458326980813
2052	0.11177874594729466
2057	0.022393114238457048
2071	0.07679989065502549
2117	0.0753177071211854
2121	0.04964203418689932
2138	0.11177874594729466
2218	0.12237416023847746
2577	0.054973352955473766
2909	0.020224487361592113
2928	0.057338542055401204
2986	0.08714311198435501
2989	0.09542476526323476
3147	0.11640713235271692
3170	0.11177874594729466
3182	0.06242280931628221
3199	0.0648658348835044
3215	0.13240895272768535
3366	0.07604556229157348
3432	0.04436031049456963
3433	0.03600392264448655
3659	0.06166848095283022
3730	0.0852099441080082
3827	0.11640713235271692
3905	0.1307842136914602
4007	0.08899161115556867
4130	0.02584290630269923
4200	0.07309671325774196
4212	0.07083286276926494
4219	0.06582863655068738
4228	0.11640713235271692
4276	0.04656354444369887
4359	0.05922545538560803
4369	0.05375825274451897
4426	0.035264952848156055
4527	0.06917263742164677
4717	0.053258427499847494
4806	0.08639550929245668
4895	0.027918811773704807
4949	0.02261735149215413
4953	0.13942282861919267
4968	0.055609062072659865
5139	0.06360837450073067
5195	0.04518024903018304
5450	0.046033939231313235
5474	0.043112310428470677
5484	0.02545154103253573
5544	0.027701618753035142
6168	0.08652853055245374
6348	0.03858313060010483
6353	0.04656354444369887
6388	0.030803167691439776
6487	0.10799707889973419
6554	0.015930244160163996
6591	0.07839619686438586
6696	0.04341734157211667
6708	0.02371689241185341
6832	0.1808452872606335
6858	0.08201259017733403
6870	0.09195977221337277
6901	0.07924291622224766
6959	0.028584379377914665
6985	0.034154423969655616
7164	0.10479972496906002
7165	0.04964203418689932
7187	0.03839328260880909
7222	0.06971141430959633
7472	0.09495485094088038
7519	0.06917263742164677
7550	0.1307842136914602
7743	0.06455212082073067
7821	0.023480516703247578
8018	0.05764134661497015
8023	0.05506319520209132
8089	0.024474463501455185
8103	0.028584379377914665
8122	0.09542476526323476
8212	0.0379164399082617
8386	0.03139704141875109
8409	0.2615684273829204
8504	0.044848374046864765
8604	0.07083286276926494
8635	0.0852099441080082
8659	0.12237416023847746
8997	0.05137151416964066
9048	0.06443815490791657
9164	0.12237416023847746
9276	0.04843343541435378
9327	0.05301296020954787
9449	0.06204221618032597
9495	0.02078442120045151
9826	0.03014464432025733
9894	0.12354789132603566
9998	0.012686279549313511
10093	0.09740166460855139
10137	0.043571555992177505
10171	0.04468440683765053
10255	0.0746145298168254
10329	0.17948364965359803
10333	0.09042264363031675
10342	0.06667060258574824
10367	0.054795556082903506
10375	0.03632886522668754
10381	0.1307842136914602
10403	0.0803084902666282
10474	0.06864750193106486
10674	0.1307842136914602
10695	0.05092543796761425
10739	0.06166848095283022
10853	0.04420014179172071
10867	0.03976410678598375
10873	0.012896857438704062
10880	0.0455175205905969
10904	0.0753177071211854
10920	0.043112310428470677
10948	0.06717934271537114
11184	0.04843343541435378
11282	0.0840884956483396
11305	0.024016201270065825
11454	0.034551407263675206
11535	0.04326426527622687
11536	0.04823867582426173
11623	0.02571162900403386
11682	0.05533433297085307
11720	0.06094062578244214
11875	0.08104768392449149
11995	0.1307842136914602
12071	0.1307842136914602
12193	0.026241798287614606
12196	0.032456424537749363
12197	0.1307842136914602
12330	0.06813533408326222
12445	0.07083286276926494
12480	0.05588747892342292
12485	0.0876529696752304
12595	0.19084953052646952
12632	0.057338542055401204
12673	0.1307842136914602
12766	0.01650989149276565
12807	0.0746145298168254
