225
t_index	tf-idf
3	0.03656564079468117
15	0.08221794140094903
44	0.02295741048847547
62	0.07663589838402092
75	0.030331075020822842
178	0.04117456393125313
190	0.02374488560518625
278	0.025908103819595955
393	0.05270293954346228
428	0.08190263116952867
433	0.02381889926016386
482	0.07289909200417227
502	0.07289909200417227
554	0.030331075020822842
569	0.039334614186179256
597	0.042356229226862795
631	0.05722382839667733
758	0.025064342235315087
775	0.04009149008660917
865	0.028828408564946957
866	0.042989982297356115
875	0.06670538012301279
979	0.052659788596000706
983	0.018478152819678493
1075	0.04591482097695094
1076	0.05410453855674868
1123	0.023381014156394292
1165	0.05199352146271252
1212	0.05489201367345946
1301	0.013713002092341161
1378	0.03572093063626721
1446	0.03414983347885283
1461	0.07289909200417227
1475	0.029160069849984087
1488	0.05045753345163569
1590	0.06236562643315677
1600	0.07544649902369673
1675	0.033352690061506395
1786	0.04716714818069691
1864	0.05199352146271252
1906	0.05809714500366604
1927	0.056626501177726954
1932	0.06099706062806893
1981	0.0991411317869258
2057	0.01402351953987568
2075	0.04009149008660917
2109	0.0249829039666433
2167	0.024195428849932525
2199	0.027383658604198995
2264	0.033198968015288925
2430	0.020905570541459754
2436	0.03729733065609625
2490	0.06236562643315677
2506	0.01867646753138878
2560	0.480953544822926
2584	0.06579375245966547
2600	0.07000059979342534
2615	0.03676023887768517
2628	0.058628820053308106
2801	0.020212640323945995
2809	0.0406217417225953
2813	0.023238272485831903
2894	0.04175196393589906
2909	0.11398889927108151
2964	0.07966853321176903
2994	0.04266924103087244
3007	0.07289909200417227
3060	0.07663589838402092
3077	0.029160069849984087
3115	0.05045753345163569
3167	0.010794070284450934
3181	0.024504713968705207
3365	0.04076487662884748
3388	0.03794156324414411
3390	0.03135037118592524
3476	0.030704000959214724
3495	0.03448291227481015
3556	0.07663589838402092
3635	0.0406217417225953
3817	0.05923176736331548
3840	0.034999113761990684
3847	0.04009149008660917
3871	0.023027058705232088
3889	0.13929902920440568
3980	0.04510099939139226
3981	0.07122786562159295
4091	0.16380526233905734
4100	0.036884935342746644
4130	0.06473570359958117
4136	0.029849932559795712
4182	0.03535500893708755
4200	0.0228881337306406
4220	0.050178103096609535
4298	0.021205569125508732
4406	0.08018298017321834
4430	0.042169473972446775
4504	0.04400265292734709
4514	0.039834266605884516
4529	0.05489201367345946
4598	0.022614663391882492
4663	0.0436562494306443
4949	0.028327892870367823
4990	0.014704497163189485
5042	0.04630086982145264
5113	0.049625280887951706
5195	0.028293791490739843
5202	0.10035620619321907
5257	0.050178103096609535
5282	0.08190263116952867
5369	0.03245045512092288
5429	0.052659788596000706
5450	0.057656817129893914
5484	0.09563301804000586
5488	0.049625280887951706
5693	0.046726788677204756
5769	0.017080099235061083
5771	0.10978402734691892
5816	0.09433429636139382
5836	0.05199352146271252
5934	0.020846393394439312
5968	0.04472446980162362
6073	0.04205058309433168
6155	0.06115699781498425
6157	0.07663589838402092
6348	0.01208119782086698
6484	0.040895212061353416
6523	0.04205058309433168
6544	0.029160069849984087
6547	0.10005807018451918
6554	0.009976195712492513
6760	0.14633899379021825
6827	0.025734909769670314
6933	0.03772324951184836
6958	0.02214952147269534
6959	0.03580150563006513
7001	0.029929329484274295
7021	0.08190263116952867
7187	0.024043504763618863
7299	0.0676323592186645
7335	0.07000059979342534
7340	0.02254718603855606
7483	0.029160069849984087
7566	0.1746249977225772
7567	0.06563004034308337
7713	0.046726788677204756
7757	0.029160069849984087
7929	0.03414983347885283
8037	0.010260551295585221
8089	0.007663474438745142
8144	0.040895212061353416
8167	0.022280728258033546
8212	0.0474897712103725
8376	0.04035391035128164
8505	0.0212096717352517
8509	0.12540148474370097
8598	0.03729733065609625
8645	0.02096501852304832
8657	0.07000059979342534
8865	0.027780311143467514
8877	0.008873703487051113
8899	0.04548877031574771
8938	0.030958702478703554
8943	0.13307564430733185
8967	0.040895212061353416
9085	0.16228258363170303
9212	0.040895212061353416
9294	0.050178103096609535
9327	0.033198968015288925
9330	0.04035391035128164
9378	0.06389555283881586
9421	0.030454197850759455
9590	0.07663589838402092
9627	0.053362087267800354
9692	0.11189199196828875
9713	0.0346527102652879
9764	0.04510099939139226
9781	0.05410453855674868
9891	0.010533465571015508
9923	0.24373045033557178
9924	0.19638011700786231
9938	0.06999822752398137
9986	0.02268249310896453
10116	0.02381889926016386
10178	0.05306628424406106
10217	0.019879561527988674
10228	0.03847596236639492
10243	0.06389555283881586
10452	0.03023141105783197
10477	0.024195428849932525
10506	0.07000059979342534
10549	0.04266924103087244
10558	0.0215126605277275
10695	0.09567501868799103
10790	0.06236562643315677
10873	0.032306240278818704
10948	0.01402351953987568
10982	0.03609746022603587
11057	0.03517584249232391
11110	0.058628820053308106
11184	0.030331075020822842
11203	0.03203059787058849
11418	0.03414983347885283
11519	0.02653314212203053
11537	0.025228766725817846
11567	0.020846393394439312
11713	0.04117456393125313
11714	0.04858557723820493
11746	0.034999113761990684
11775	0.01577797532064184
11807	0.03668354586210159
11838	0.06389555283881586
12055	0.05540037699749264
12193	0.01643372900835056
12235	0.07000059979342534
12354	0.04472446980162362
12488	0.017347930606374736
12489	0.04442991839905429
12534	0.03750854443669606
12581	0.01923798118319746
12679	0.05410453855674868
12719	0.023893337064476335
12739	0.01589843393945141
12742	0.07959942636609159
12829	0.0165538281753838
12839	0.024504713968705207
