181
t_index	tf-idf
1	0.14013382451722198
15	0.0874441150099721
34	0.027739176636273215
56	0.02407382636954095
75	0.0258072529406951
91	0.018626014512915505
189	0.10101690567185959
277	0.15075595084121504
319	0.14182158382948618
393	0.4932663611958367
406	0.054365652808706005
433	0.040532711587306494
497	0.027990369785416268
498	0.03904429592028115
880	0.027135090614621316
1006	0.02701813690101427
1109	0.06202633125291843
1235	0.029929432569674442
1309	0.04741825557166886
1351	0.03939518325796581
1465	0.1445871492948936
1561	0.02443622023903157
1627	0.03479576905883375
1706	0.031383617476068715
2059	0.06202633125291843
2217	0.05584144480468294
2233	0.022268754125462007
2269	0.03285940947204566
2271	0.026451242241888735
2305	0.04269413457351792
2462	0.06968700969713088
2483	0.1496533295662765
2506	0.04767272389359781
2914	0.03630520498581845
2918	0.019127199653307145
3010	0.05754512163297127
3162	0.3174873075675834
3167	0.00918415525658836
3238	0.0224211982361744
3241	0.024253538016977046
3263	0.03904429592028115
3334	0.04818076636047051
3438	0.025600667060439668
3633	0.05189946519161602
3640	0.03577881870240729
3820	0.048999809358472306
3821	0.0652058000771837
3889	0.02963071106615401
3913	0.1191202872716569
3917	0.03870420684706205
4005	0.044238786747403586
4076	0.05306391201302412
4130	0.013770124170848915
4138	0.027253295193806218
4200	0.03894882434081778
4304	0.03966577515519906
4311	0.12405266250583687
4347	0.06968700969713088
4408	0.06202633125291843
4426	0.05637169139302891
4457	0.030004248304288765
4466	0.043185416467009206
4472	0.017342436453944666
4636	0.032471579405363424
4645	0.06494315881072685
4708	0.017888939921305455
4750	0.0652058000771837
4798	0.1623578970268171
4917	0.03975757712745643
4949	0.024102841593336415
4970	0.018410358445198748
4985	0.02313447944334968
5054	0.04369955674052336
5060	0.06202633125291843
5071	0.05754512163297127
5089	0.048999809358472306
5152	0.045403233568811686
5241	0.05956014363582845
5252	0.02786405957858435
5436	0.03630520498581845
5450	0.07358611897559152
5469	0.02257577450138387
5556	0.023985054624798746
6023	0.05754512163297127
6113	0.05306391201302412
6351	0.08739911348104672
6450	0.046034949661857526
6484	0.03479576905883375
6554	0.02546479535869623
6601	0.019955010619084407
6660	0.026902407856121562
6708	0.012637299753850629
6724	0.036038878296310924
6764	0.12405266250583687
6798	0.016914562782582073
6805	0.017637174528767688
6827	0.04379319396862115
6828	0.02329943806986876
6909	0.01442043071874287
6985	0.018198830020788086
6986	0.027739176636273215
7001	0.01273271349294095
7025	0.04052008791625809
7082	0.04369955674052336
7083	0.03630520498581845
7109	0.30236452945596287
7190	0.06202633125291843
7215	0.01783812593385581
7269	0.06202633125291843
7296	0.020329691341203836
7377	0.024906590068003075
7574	0.01809456488143671
7677	0.06968700969713088
7769	0.018198830020788086
7832	0.01682168809485171
7978	0.06202633125291843
8060	0.016019172724875904
8063	0.05189946519161602
8089	0.013040963639401
8103	0.015230889620933476
8109	0.02948432451810426
8567	0.06968700969713088
8629	0.11168288960936588
8665	0.07014854987591156
8666	0.033058550405706794
8709	0.03871491691360367
8805	0.013222543560774803
8894	0.03904429592028115
9042	0.050846094911221634
9067	0.03071359277343267
9087	0.044805681406529116
9139	0.02612455768553577
9186	0.02380962200799027
9260	0.017991274196892438
9261	0.02065193057560133
9783	0.07500934469447128
9839	0.05956014363582845
9886	0.03975757712745643
9891	0.013443628859841475
10066	0.046034949661857526
10116	0.040532711587306494
10132	0.19040702888252029
10194	0.03904429592028115
10209	0.058247341836612516
10217	0.05074368834774621
10221	0.05956014363582845
10285	0.06202633125291843
10367	0.02919724285010029
10404	0.1496533295662765
10438	0.06202633125291843
10713	0.0652058000771837
11057	0.059858865139348884
11068	0.05584144480468294
11281	0.06202633125291843
11404	0.025498804378068236
11411	0.050846094911221634
11521	0.06202633125291843
11544	0.052227371854694546
11567	0.03547438703456386
11592	0.026391372538337107
11624	0.043185416467009206
11663	0.03930439306324972
11689	0.0767485424352902
11696	0.03367845247004745
11807	0.031212264852957458
11876	0.020728837520688888
12262	0.045783136130291814
12290	0.03743974103713971
12329	0.045307761989348314
12500	0.06968700969713088
12537	0.01412667195567463
12581	0.016368672924460058
12659	0.0448423964723488
12666	0.043358346260697705
12674	0.027990369785416268
12718	0.025703477316250303
12719	0.020329691341203836
12816	0.0652058000771837
12829	0.021127284339525466
12855	0.027990369785416268
12858	0.05584144480468294
