35
t_index	tf-idf
726	0.1516329244411338
872	0.04019058576219973
875	0.12449899284332903
950	0.150633162925079
1080	0.22306868086966777
1235	0.1313044601390125
2114	0.16835310705376813
2326	0.2612983887248339
2530	0.14965359999947528
3162	0.15476218536572448
4472	0.0760836093627653
4645	0.14245720141057455
4708	0.07848119383346505
5320	0.18136034669807638
5660	0.2612983887248339
6074	0.30572631691839086
6122	0.2721178866524901
6208	0.19919011355928146
6239	0.2721178866524901
6431	0.18730493063066778
6489	0.16980057919011307
6724	0.15810742310922984
7025	0.17776709452288375
7574	0.0793832982859396
8103	0.0668199684193115
8558	0.16170067528442247
9067	0.13474467678786736
9783	0.1096920396286661
9886	0.17442185677937838
9934	0.1728319859630714
10217	0.07420646981809889
10403	0.09386614123175281
10781	0.1408134265134776
12170	0.15927583424114783
12581	0.07181157733394601
