275
t_index	tf-idf
1	0.09220155283414669
13	0.042902390208941994
15	0.09205467094504412
34	0.018251090834181524
44	0.025704083953657832
56	0.0791973023493167
67	0.03999465882436175
81	0.03674107904520444
82	0.01911779612915218
91	0.012255053104549399
102	0.018935993708081723
185	0.041072443385139504
189	0.15951464561878978
277	0.09919041897582732
319	0.20217604361858443
355	0.042510179561068846
393	0.5753322064468065
422	0.034913591375321906
433	0.0533372861520522
469	0.015608592886566994
497	0.018416364268286953
509	0.034913591375321906
639	0.016077898817062692
678	0.060947549204899636
687	0.018585481613184678
726	0.2046681602210746
732	0.034913591375321906
858	0.015275478855538675
872	0.012055038363899637
880	0.01785363026794356
902	0.008211316609441932
950	0.02259096904784679
953	0.030729705524850603
972	0.02841399977318276
983	0.031033377542120787
1003	0.031199011455346298
1080	0.03345437065261063
1234	0.02778127757065838
1235	0.019692177587215785
1273	0.013631167573300738
1301	0.007676827428232082
1351	0.025920202228719078
1391	0.05496886307074139
1465	0.209289594483804
1505	0.07572403865902824
1627	0.022894001147371428
1726	0.042902390208941994
1840	0.06631838210997183
1852	0.03674107904520444
1879	0.015665626261852174
1894	0.0180100173291088
1895	0.022444060655942826
2012	0.02321021262172621
2114	0.025248489487352498
2139	0.026158640575918428
2199	0.015329948908522947
2217	0.03674107904520444
2269	0.06485989922076248
2326	0.19593905144483195
2397	0.02987322049589403
2483	0.032821648450086255
2534	0.025465571818990538
2637	0.02406669765068278
2648	0.02568933464542273
2918	0.03775442899983656
3016	0.01691169515968138
3091	0.031199011455346298
3133	0.017118487807881836
3162	0.04642042524345242
3164	0.02111826969649056
3203	0.018671538452728606
3238	0.014752107857610422
3241	0.03191540478669332
3252	0.048879376052905446
3263	0.02568933464542273
3359	0.01626200277892527
3432	0.015552003355275724
3489	0.027199229566737575
3642	0.030288860366780367
3671	0.022894001147371428
3705	0.042902390208941994
3809	0.025549365088688332
3812	0.02778127757065838
3819	0.025037700291608744
3871	0.01289103251567112
3913	0.03918781028896639
3917	0.025465571818990538
3958	0.04081044728370634
3981	0.01993742977563129
4078	0.022740906691230512
4187	0.026924792541701815
4200	0.012813259388515689
4225	0.024250801612545357
4271	0.027484431535370696
4311	0.04081044728370634
4358	0.016138750369422722
4366	0.02406669765068278
4369	0.05654030716211044
4383	0.032239600446165445
4430	0.011803679903418202
4436	0.02111826969649056
4457	0.032902338113911855
4467	0.026660337286348697
4617	0.017700535811802642
4640	0.011128997295532092
4644	0.030222311852805682
4645	0.0854591688899167
4708	0.011770092231361435
4780	0.042902390208941994
4798	0.14955354555735423
4836	0.016979974704274613
4894	0.02841399977318276
4895	0.01957576263732962
4949	0.007929275570253061
4964	0.03918781028896639
4985	0.03044282757621224
5012	0.020315849734966543
5230	0.02778127757065838
5256	0.032821648450086255
5342	0.07847592172775529
5379	0.04081044728370634
5536	0.030729705524850603
5544	0.03884694791273022
5558	0.030288860366780367
5660	0.03918781028896639
5668	0.07837562057793278
5857	0.027971911783654078
6022	0.032821648450086255
6117	0.02321021262172621
6149	0.032821648450086255
6208	0.05974644099178806
6230	0.02948005890588059
6249	0.03577007640427848
6278	0.04081044728370634
6339	0.031199011455346298
6351	0.02875228021158435
6353	0.016324421343051305
6431	0.02809075908796454
6438	0.042902390208941994
6448	0.04081044728370634
6554	0.0055848845029964345
6601	0.026258941725740937
6665	0.01626200277892527
6708	0.016629513466142658
6724	0.023711909332156476
6755	0.013850873653144039
6764	0.04081044728370634
6798	0.011128997295532092
6824	0.019026326771254907
6826	0.020763481377964257
6828	0.015329948908522947
6959	0.010021218495488711
7025	0.026660337286348697
7068	0.042902390208941994
7078	0.042902390208941994
7082	0.0575045604231687
7109	0.13925927921895678
7187	0.053840241720160296
7215	0.011736658985928412
7269	0.04081044728370634
7270	0.03918781028896639
7307	0.034913591375321906
7377	0.01638738033436885
7416	0.014216823475123385
7591	0.010653940698013087
7769	0.011973985534628235
7803	0.018846769054036813
7832	0.03320367018413307
7846	0.03345437065261063
7878	0.022740906691230512
7978	0.04081044728370634
8054	0.030288860366780367
8060	0.02107974438634478
8089	0.01287052325320622
8103	0.040084873981954844
8397	0.023711909332156476
8402	0.042902390208941994
8414	0.014905202313751337
8431	0.021619966406920828
8442	0.027199229566737575
8456	0.042902390208941994
8558	0.024250801612545357
8596	0.025920202228719078
8629	0.03674107904520444
8665	0.04615449018040439
8666	0.021750991899014936
8673	0.042902390208941994
8709	0.02547261854571406
8911	0.12870717062682596
8933	0.017403689776514956
9007	0.032239600446165445
9036	0.03133125252370435
9038	0.03674107904520444
9087	0.02948005890588059
9099	0.026924792541701815
9139	0.01718874650006869
9145	0.052317281151836856
9165	0.026660337286348697
9261	0.01358801184976881
9327	0.018585481613184678
9570	0.0177766801522849
9580	0.01115974456363415
9652	0.024581925792799615
9676	0.03918781028896639
9712	0.042902390208941994
9783	0.04935266757849789
9797	0.042902390208941994
9830	0.031199011455346298
9844	0.015495850813141884
9851	0.042902390208941994
9886	0.026158640575918428
9891	0.02653585158772998
9934	0.28512222451590985
9951	0.03345437065261063
9991	0.019894182745565255
10028	0.04081044728370634
10066	0.030288860366780367
10116	0.0266686430760261
10132	0.10439915674645606
10137	0.015275478855538675
10209	0.038324047633032494
10217	0.12241897025085301
10226	0.05137866929084546
10438	0.04081044728370634
10476	0.018758625937596637
10477	0.027090221467513612
10503	0.042480972644979784
10535	0.051840404457438156
10566	0.027199229566737575
10710	0.0575045604231687
10715	0.02875228021158435
10747	0.019495632701750608
10948	0.00785066163624325
10976	0.013251687488869802
11012	0.030288860366780367
11163	0.042902390208941994
11251	0.027199229566737575
11281	0.04081044728370634
11305	0.008419689550612206
11387	0.030288860366780367
11461	0.03414743940953852
11514	0.013631167573300738
11519	0.014853811866137387
11544	0.017181593387745737
11578	0.06690874130522126
11592	0.01736429829016826
11608	0.026158640575918428
11612	0.02230006153316028
11624	0.02841399977318276
11682	0.019399317147024853
11696	0.02215885868730971
11718	0.046100776417073344
11721	0.031199011455346298
11775	0.00883284293897406
11872	0.023540802188895815
11876	0.027277226100674287
11889	0.020697698836256627
11896	0.042902390208941994
12240	0.03414743940953852
12262	0.06024635749966633
12377	0.020879831349291212
12427	0.0908665811003411
12488	0.01942347395636511
12517	0.021619966406920828
12537	0.009294694519178841
12566	0.015353654856464165
12584	0.027971911783654078
12666	0.028527779551650225
12674	0.07366545707314781
12718	0.01691169515968138
12719	0.040127980166577246
12739	0.008900278211179025
12766	0.011576198860112174
12829	0.009267181709977515
12861	0.042902390208941994
