223
t_index	tf-idf
15	0.021454921052126295
44	0.02396311175875838
91	0.0228500037335153
394	0.041316018740669654
557	0.03328875973029184
607	0.029316326133312177
612	0.02868558963510949
633	0.03300330940506219
647	0.07576609294063144
657	0.04327630737603631
729	0.030205719648813946
742	0.035818564818068284
765	0.049709193532886276
773	0.06119718806817632
872	0.022477068787284143
875	0.03481378005591354
880	0.03328875973029184
918	0.024256277550902882
982	0.07700152665532708
983	0.03857526016147623
1020	0.023464847146269566
1035	0.056474710191825206
1040	0.1255433653551012
1043	0.060111937849412406
1075	0.02396311175875838
1116	0.02360534985069081
1167	0.042121704629366256
1173	0.04521652437243966
1203	0.051725062388167875
1208	0.11487165457650717
1511	0.07149810871249565
1561	0.1199113687595797
1600	0.0393758017442663
1707	0.07059514762254769
1710	0.09061715894644183
1737	0.07797852966703854
1867	0.03850076332766354
2117	0.049233411745778076
2130	0.04157929671485247
2157	0.024182389686060797
2167	0.05051072862708763
2259	0.18713076666247494
2264	0.03465332386791519
2349	0.023188135712508124
2422	0.04748150874385225
2429	0.04521652437243966
2449	0.13263521883085475
2506	0.03898926483351927
2529	0.046301774591203576
2537	0.03153248657856394
2565	0.36064130594107396
2577	0.16170653901301382
2588	0.04748150874385225
2615	0.01918530212601347
2621	0.0873084113198765
2689	0.03165979633687897
2696	0.08480253791886712
2702	0.027985000382483104
2834	0.049709193532886276
2891	0.027855651932504263
2945	0.16281364566371712
2986	0.028481700234388882
3167	0.011266928937304872
3214	0.024862339993809
3216	0.03244982889732902
3242	0.15852363158218147
3318	0.02440527234306533
3349	0.04521652437243966
3365	0.021275337106932125
3378	0.031788312840746284
3395	0.05729668243640631
3503	0.059107153087257655
3560	0.060111937849412406
3648	0.046301774591203576
3651	0.06231515268508718
3946	0.03091327442414353
4020	0.046683726317719026
4029	0.04327630737603631
4098	0.041316018740669654
4130	0.01689289936377354
4200	0.04778160035184094
4215	0.06850511264162903
4221	0.06509769369994634
4288	0.037480854872202186
4298	0.022134527024192562
4324	0.06119718806817632
4334	0.09754752259727534
4426	0.04610373868591529
4430	0.022008401559859458
4442	0.08636608726997255
4587	0.014821323731715182
4708	0.10972888046098637
4737	0.03481378005591354
4921	0.03043749263703532
4990	0.0153486609064529
5112	0.07999310717691907
5123	0.12239437613635264
5248	0.09734948669198705
5414	0.022455071259580794
5529	0.19100752432683124
5653	0.060111937849412406
5718	0.062376922220824985
5740	0.0393758017442663
5749	0.06669464199077768
5792	0.03272374507499489
5806	0.046301774591203576
5842	0.025578198366199328
5896	0.03671679980088276
5913	0.031034875146354356
5946	0.02986532378775816
5970	0.036979695309209776
6019	0.02590890719162947
6155	0.1276722367451931
6348	0.012610442005488082
6362	0.055699734145574956
6625	0.020026402127790385
6739	0.2198666787705905
6805	0.021636915591982976
6909	0.01769068178990676
6958	0.023119831338105933
6959	0.018684935763459434
7051	0.044873255666867666
7170	0.03728576676334765
7206	0.022651099584769654
7327	0.05503605571074099
7735	0.041847788451700396
7738	0.03128139811310791
7743	0.021098100731589475
7751	0.07575931957752051
7757	0.03043749263703532
7764	0.048329184104460056
7769	0.02232594276313203
7777	0.0730671343299818
7975	0.02731884024651138
7995	0.06366917477561042
8021	0.03079275461153933
8036	0.01489541347697274
8037	0.04284015177164863
8089	0.023997570788076242
8105	0.025496766351782343
8341	0.11294942038365041
8454	0.04268671928466322
8497	0.04358100311208223
8541	0.03915169102787562
8645	0.02188343855873653
8651	0.0199183665789408
8663	0.05427121522123904
8761	0.07505455580632235
8830	0.046683726317719026
8865	0.028997290480917832
8871	0.07609260154514906
8892	0.039603679203185325
8895	0.049709193532886276
8997	0.06716069848086435
9008	0.065172190533759
9048	0.08424340925873251
9260	0.022071317633980556
9269	0.039603679203185325
9280	0.03231491843453937
9319	0.04421173961028492
9376	0.059286100254154046
9426	0.026595554654190834
9486	0.06366917477561042
9495	0.027172573514832276
9510	0.035818564818068284
9818	0.04593028862332709
9825	0.06669464199077768
9891	0.04947708530341227
9894	0.04038017377633644
9987	0.033728529837149634
9997	0.03218133716048109
9998	0.008292722235535385
10092	0.2192014029899454
10121	0.0762474615046265
10128	0.0658766608063695
10171	0.0292091446293524
10209	0.02381887221071081
10211	0.02278337760610971
10329	0.11732423573134781
10375	0.023747323814366224
10558	0.06736521377874237
10636	0.03272374507499489
10682	0.04080432066860221
10699	0.037678791083082454
10722	0.057166523360769696
10727	0.03091327442414353
10873	0.008430372043650769
10876	0.031788312840746284
11018	0.049709193532886276
11117	0.044873255666867666
11128	0.056474710191825206
11134	0.028892591971131015
11156	0.06669464199077768
11175	0.018882871974339698
11184	0.03165979633687897
11453	0.031788312840746284
11454	0.1806835311618356
11514	0.025415820501542164
11541	0.18995877802127384
11592	0.01079212733379684
11605	0.0393758017442663
11623	0.016807086484636545
11736	0.08595661758960711
11747	0.059107153087257655
11889	0.038591631684408656
11900	0.07609260154514906
12047	0.07609260154514906
12082	0.049709193532886276
12188	0.017197595099819458
12193	0.05146093698650488
12196	0.02121600051488184
12298	0.051245748006071776
12445	0.046301774591203576
12488	0.018107895928089444
12537	0.017330304703965606
12544	0.049233411745778076
12632	0.037480854872202186
12659	0.027505855482460817
12748	0.020300318305456245
12766	0.03237638200139052
12788	0.04327630737603631
12834	0.02052350671378606
12839	0.025578198366199328
