323
t_index	tf-idf
166	0.03278885919589767
173	0.046688342073500005
175	0.04249424398870273
176	0.029701272011221466
189	0.018908948544812287
356	0.024350812719564248
357	0.028011850920962027
549	0.049664102021699186
553	0.03622442455900437
596	0.04489665969556345
604	0.020841992887965576
735	0.03909622465095003
804	0.083869954102873
869	0.058052298191293726
871	0.019576529755836066
918	0.01850551339817566
1021	0.05088244015829728
1105	0.021500131908805568
1273	0.019390147801116715
1301	0.04368072439184082
1420	0.05451542899355585
1471	0.02425182709693777
1496	0.046688342073500005
1497	0.02015671463476697
1507	0.04930716634457893
1511	0.013636770996154547
1716	0.018171809664518618
1764	0.031130287870909004
1774	0.0323486260075071
1780	0.05385820010649645
1894	0.025619001162901216
1914	0.055744119454118335
1958	0.058052298191293726
2008	0.055744119454118335
2057	0.011167457860431287
2069	0.015830845103926926
2227	0.05088244015829728
2305	0.03995871722889412
2464	0.01822668469310029
2493	0.014406053838387584
2615	0.014636782779053208
2640	0.023401162900646325
2642	0.02905456652600791
2661	0.03397912697977942
2685	0.031926366617953575
2718	0.03256640075909319
2754	0.037923961951906886
2792	0.04857426142112188
2891	0.0425030707180944
2898	0.05387237957222347
2909	0.02017192499036411
2911	0.049664102021699186
2955	0.026316608283623824
3001	0.11610459638258745
3002	0.0443801633363246
3003	0.058052298191293726
3157	0.03622442455900437
3203	0.026560005834113165
3212	0.024350812719564248
3238	0.041969339779426754
3241	0.02269961148297293
3281	0.0610280581394929
3284	0.0610280581394929
3285	0.027595260985443598
3293	0.026560005834113165
3299	0.055744119454118335
3341	0.0419349770514365
3343	0.026936189786111734
3426	0.03721030530332815
3432	0.0442450203976531
3438	0.02396042983791255
3439	0.026437591167205086
3534	0.0610280581394929
3594	0.049664102021699186
3621	0.03132363777377199
3723	0.04249424398870273
3801	0.0419349770514365
3808	0.01856219254617031
3825	0.06795825395955885
3862	0.03397912697977942
3869	0.02746004443741125
3876	0.0610280581394929
3900	0.0647687801695741
3901	0.026936189786111734
3918	0.05088244015829728
3981	0.02836071877519034
3988	0.09769920227727957
4110	0.035615783214731495
4119	0.06344305970515932
4120	0.03132363777377199
4130	0.038663612937432125
4136	0.023770627840633336
4197	0.0419349770514365
4212	0.03532438595570628
4219	0.016414387852917534
4280	0.03256640075909319
4320	0.058052298191293726
4353	0.02135021742059162
4358	0.02295714973098655
4369	0.026809268946782972
4399	0.0610280581394929
4417	0.02539654272609674
4426	0.017586650551960674
4442	0.02196336985025133
4457	0.02808187320420045
4587	0.01130743183163094
4598	0.0180089099415142
4644	0.014330273875809115
4665	0.058052298191293726
4743	0.0610280581394929
4746	0.04857426142112188
4895	0.013923126130474474
4903	0.0419349770514365
5091	0.017955175178449648
5107	0.040418522643801635
5216	0.019514028546778302
5220	0.058052298191293726
5411	0.030754103918910442
5414	0.017131343470947958
5469	0.02112934243861275
5508	0.030214298734568896
5556	0.022448329847781726
5662	0.055744119454118335
5663	0.03995871722889412
5665	0.03622442455900437
5699	0.03591562793737693
5769	0.013601527627722779
5832	0.058052298191293726
5834	0.055744119454118335
5882	0.022448329847781726
5934	0.01660076980763689
5966	0.05088244015829728
6006	0.028594761111100393
6025	0.0610280581394929
6061	0.030754103918910442
6155	0.024350812719564248
6298	0.021884708493011464
6348	0.009620713771919653
6364	0.049664102021699186
6379	0.03094048587362979
6420	0.058052298191293726
6421	0.0646972520150142
6547	0.026560005834113165
6554	0.01588884229952206
6556	0.03966076197901456
6591	0.03909622465095003
6601	0.01867649115253798
6603	0.026647643715921362
6625	0.045835415444355834
6637	0.046688342073500005
6660	0.02517876797451065
6755	0.019702676668365757
6790	0.05385820010649645
6798	0.0633233804157077
6805	0.016507159045421334
6826	0.029535765782312342
6827	0.040987359781914263
6847	0.04249424398870273
6909	0.013496512323416913
6958	0.017638499876703278
6959	0.014255045045107492
6986	0.025961924897728538
7001	0.023833854608053682
7006	0.037923961951906886
7018	0.045860386818553596
7340	0.017955175178449648
7343	0.30313151541032013
7374	0.03423454535512897
7428	0.11148823890823667
7575	0.034765119018440045
7591	0.030310167296811154
7632	0.03132363777377199
7650	0.06008089454066341
7656	0.0610280581394929
7728	0.17485032850120333
7750	0.058052298191293726
7769	0.017032829215572042
7779	0.026560005834113165
7808	0.020984669889713377
7811	0.010365201795419858
7822	0.05088244015829728
8036	0.011363956117793726
8037	0.016341728464444726
8089	0.012205427833694502
8112	0.036343619329037236
8131	0.02180664081204966
8170	0.05385820010649645
8183	0.03256640075909319
8212	0.018908948544812287
8365	0.058052298191293726
8373	0.05385820010649645
8388	0.035910350356899295
8505	0.016890062060633294
8509	0.024965483745516506
8543	0.037923961951906886
8593	0.03869052878555714
8645	0.016695235474487674
8681	0.03869052878555714
8688	0.0610280581394929
8719	0.016935244353815476
8722	0.0252870822482682
8724	0.032281928785458734
8751	0.029212492015385297
8754	0.0252870822482682
8756	0.10176488031659456
8787	0.055744119454118335
8802	0.040899721900106066
8805	0.01237537391188767
8877	0.028265859929335252
8965	0.024350812719564248
8978	0.045860386818553596
8997	0.025619001162901216
9004	0.04371258212530083
9010	0.036871130044217916
9033	0.0610280581394929
9036	0.02228413721575393
9045	0.05226367801789979
9109	0.016838571513451975
9111	0.0350409731962115
9156	0.05602370184192405
9186	0.02228413721575393
9204	0.03423454535512897
9381	0.023401162900646325
9389	0.029212492015385297
9420	0.027595260985443598
9436	0.049664102021699186
9443	0.012406671722839614
9449	0.03094048587362979
9502	0.028899015946210034
9518	0.09172077363710719
9534	0.030391122162230666
9553	0.04154277132143845
9575	0.043085485970373386
9587	0.035615783214731495
9641	0.04249424398870273
9652	0.017483725139293013
9783	0.023401162900646325
9820	0.017690610408214187
9971	0.055744119454118335
10087	0.024653583172289464
10116	0.018967888411563192
10131	0.018062925305135636
10189	0.5709875373464339
10190	0.15718214446460033
10191	0.05602370184192405
10273	0.03423454535512897
10284	0.03591562793737693
10357	0.024965483745516506
10367	0.02732657266776342
10376	0.0610280581394929
10379	0.040899721900106066
10388	0.049664102021699186
10403	0.0200249431887242
10409	0.09714852284224376
10444	0.05385820010649645
10448	0.03256640075909319
10452	0.012037206782852599
10477	0.019267733134208636
10541	0.02228413721575393
10658	0.031926366617953575
10661	0.03172152985257966
10764	0.058052298191293726
10794	0.03756098019522712
10867	0.01983038098950728
10873	0.025726678378905313
10884	0.0419349770514365
10896	0.037923961951906886
10948	0.011167457860431287
11008	0.040899721900106066
11039	0.03909622465095003
11046	0.025071576148654816
11057	0.028011850920962027
11069	0.04509381998490334
11153	0.017483725139293013
11179	0.04509381998490334
11202	0.04910334363916642
11270	0.049664102021699186
11306	0.02212251019882655
11401	0.0384141296316981
11446	0.03756098019522712
11453	0.02425182709693777
11514	0.019390147801116715
11535	0.04315182374276807
11544	0.012220289768120264
11592	0.008233491579707016
11615	0.05226367801789979
11627	0.02455167181958321
11680	0.0443801633363246
11746	0.027871115163215058
11762	0.035615783214731495
11775	0.012564597212216998
11807	0.029212492015385297
11832	0.11610459638258745
11876	0.0064669129631580976
11886	0.0610280581394929
11982	0.030754103918910442
12052	0.029869469515969384
12055	0.011029352756494082
12063	0.034496430700759875
12164	0.036871130044217916
12193	0.013086798622033305
12327	0.02425182709693777
12387	0.02015671463476697
12434	0.0553474293897143
12435	0.02905456652600791
12489	0.1238342728574993
12537	0.013221574712801087
12566	0.010920181097960205
12570	0.0443801633363246
12581	0.015319930461981029
12590	0.02236590774931589
12600	0.037923961951906886
12666	0.0608705592132444
12699	0.02112934243861275
12702	0.0610280581394929
12718	0.02405665303065799
12719	0.01902716604443694
12748	0.046462340926033956
12766	0.01646698315941403
12829	0.019773657181967774
12839	0.019514028546778302
12867	0.027595260985443598
12868	0.08817053592955539
