77
t_index	tf-idf
645	0.09419067039689516
742	0.08810984690626573
872	0.05529119047087539
1023	0.057209211438945556
1207	0.09219890304035361
2685	0.10294109360811542
2727	0.23995649534779306
2891	0.06852193100738369
2909	0.03252045626640831
3000	0.07319100411578085
3238	0.067661469070446
3293	0.08563818362168474
3369	0.0833371201544725
3522	0.0889761863050675
3809	0.058591883695657786
3900	0.08353432937865504
4011	0.06932348794637277
4222	0.08854020373633582
4260	0.11789339518130951
4598	0.05806664147704894
4708	0.10796853428070827
4920	0.06232226962926436
5032	0.17973735274973113
5664	0.12349225177666419
5753	0.12349225177666419
6036	0.26374827746901175
6173	0.07430284679100414
6428	0.3140600772514746
6554	0.025615423484486134
6603	0.042960378470592774
6604	0.11483698466872475
7206	0.05571928766017676
7247	0.17288377955692502
7327	0.045127607872514616
7343	0.34906985095729515
7366	0.06173541240777047
7501	0.04644984988260661
7574	0.054604790929202555
7769	0.05491943657958385
7811	0.10026244649674275
7992	0.1566193751933206
8037	0.026345550367620207
8379	0.09742082434741471
8464	0.07574689015111856
8645	0.05383092346068303
8651	0.04899705610226072
8724	0.05204377141816193
8805	0.039902270732638564
8879	0.05322450327132421
9129	0.19677450681551226
9443	0.040003185156302475
9845	0.06499186934985518
9891	0.013523149963013481
9986	0.11648160950621504
9998	0.06119763510797867
10191	0.1806388182092584
10541	0.07185137859730725
10727	0.07604335602828768
10873	0.020737815540678363
10984	0.07982311605170486
11116	0.09124591844862659
11117	0.11038342008049946
11229	0.15053855170269115
11305	0.038617434851359905
11346	0.13187413873450587
11401	0.12385977275808104
11481	0.07430284679100414
11636	0.04572213683389442
11663	0.05930532676195365
11736	0.1057220530033671
12055	0.0355622563672721
12188	0.042304248623514715
12420	0.08015831677849414
12434	0.05948609789054598
12666	0.06542222617992527
12685	0.11122782446267629
12868	0.2842907713619384
