164
t_index	tf-idf
91	0.035322108257448345
553	0.07339810582251108
607	0.09063582286182925
628	0.12365534922904443
677	0.09642380916633035
735	0.07921696118366077
743	0.06468935984713538
880	0.05145859881085732
902	0.023667054866308233
1035	0.08730002193731745
1077	0.08096454785419449
1100	0.04402772580556184
1157	0.035950922373463555
1203	0.02665263245476444
1301	0.02212652423293866
1475	0.04705103870218274
1492	0.10062964588522517
1645	0.061943151807278475
1664	0.09842140554173687
1737	0.030135291210213345
2057	0.0452551152316164
2069	0.03207653560666379
2117	0.15221248275046703
2130	0.06427431859349818
2259	0.09642380916633035
2277	0.042374195680632026
2386	0.08992330353444296
2431	0.05647258955926057
2506	0.030135291210213345
2565	0.2477726072291139
2577	0.08332333980580711
2615	0.02965712069678721
2621	0.04498784321718605
2809	0.06554494388294291
2891	0.021529982327717263
2929	0.08389380420521148
2986	0.04402772580556184
3061	0.06346810772164033
3167	0.06966680413600707
3195	0.0588705044859857
3242	0.16336653424398218
3716	0.08610204454869978
4011	0.04356367219774634
4138	0.05168276028885896
4143	0.12315728007741625
4264	0.04797448755196667
4352	0.08857064722676221
4366	0.1387324057373722
4426	0.03563415717408462
4587	0.022911173559348574
4606	0.09842140554173687
4638	0.0651127863372934
4644	0.02903607086122096
4726	0.06884867291006981
4739	0.07044125381457236
4895	0.028211106112676996
4949	0.02285414250809297
5030	0.08610204454869978
5041	0.05058518500076803
5109	0.05457823919758661
5230	0.0800725452194683
5369	0.026180109095294564
5416	0.0683436147747339
5769	0.02755948165694875
5925	0.04874370777108068
5934	0.03363656079867812
6019	0.04005063786106122
6078	0.08730002193731745
6155	0.04933973556828944
6348	0.01949353719530436
6539	0.08730002193731745
6609	0.1217362017227844
6614	0.036057583664242644
6696	0.04387189684680441
6708	0.023965195006039254
6726	0.04044240437782104
6760	0.06746409138920297
6763	0.052604178926174194
6958	0.03573921452891118
6959	0.02888364183732445
6985	0.03451200167955618
7001	0.04829227251990746
7119	0.05536923489752092
7136	0.07470846363267823
7215	0.03382796759385893
7574	0.03431427475643511
7584	0.0413860511415216
7591	0.03070730444766113
7726	0.02494878420814739
7778	0.05951544455371144
7808	0.04251924053912364
7862	0.03573921452891118
7918	0.11294900687826226
8018	0.0582448192642667
8089	0.049461394882191284
8178	0.12365534922904443
8394	0.12365534922904443
8414	0.04296049680356342
8505	0.017111363086746236
8722	0.05123680945649628
8865	0.04482473812629368
8922	0.1224407190933058
9026	0.19769709936550375
9048	0.0651127863372934
9068	0.03715515895233358
9109	0.03411839577551148
9129	0.12365534922904443
9370	0.07100019089578594
9443	0.025138458791384224
9495	0.021002022461742556
9497	0.05733997810025438
9539	0.11494021146068652
9541	0.05190934518114373
9606	0.0698968362340463
9652	0.07085121840128945
9670	0.061578640038708124
9894	0.031210342156099614
9991	0.05733997810025438
9998	0.03845729339504143
10121	0.23573047261009888
10128	0.05091689637732527
10167	0.08964947625258736
10173	0.12388630361455695
10209	0.07363961884724145
10211	0.14087646368178966
10329	0.0725450972184592
10371	0.09136931811855319
10396	0.0768417167820278
10403	0.040574637613957694
10637	0.09842140554173687
10747	0.05619125783984149
10853	0.044662892546738726
10867	0.040180414736409334
10873	0.013031880320423368
11153	0.03542560920064473
11229	0.18920029311198736
11305	0.02426763746053681
11401	0.038917448463459195
11454	0.03491314116655594
11516	0.06577589826845542
11592	0.03336548163914847
11623	0.025980815374304477
11775	0.05091689637732527
11876	0.013103290605533164
11889	0.01988530371206418
12045	0.15843392236732154
12055	0.022347728380235368
12196	0.032796225143611725
12230	0.13215345123633834
12262	0.08682248634769968
12294	0.07921696118366077
12431	0.24731069845808887
12487	0.13215345123633834
12516	0.03431427475643511
12537	0.02678961920650268
12553	0.06884867291006981
12649	0.04434290314946032
12659	0.08503848107824728
12717	0.06018086229615287
12718	0.04874370777108068
12766	0.016682740819574236
12827	0.07760394254140589
12829	0.013355160226917143
12834	0.0317257508760719
