113
t_index	tf-idf
185	0.04499454161458377
612	0.03370792284661071
640	0.15299026895681325
1119	0.05313312831724443
1235	0.04314525413651598
2017	0.08049913147666746
2151	0.16591018833326823
2269	0.04736900939056699
2294	0.02757312181046786
2298	0.0602179610730853
2302	0.09399846819533426
2351	0.09964994416106732
2531	0.05959308800547193
2634	0.03980984003011814
2772	0.06459034953449823
2801	0.02479200046841654
3161	0.06459034953449823
3167	0.013239566492023012
3185	0.08941505385486163
3193	0.02615948586847803
3214	0.029215290637490815
3241	0.06992615439775503
3263	0.05628493176876118
3272	0.06732830579746132
3365	0.025000267760170267
3502	0.08941505385486163
3959	0.04982497208053366
4100	0.04524155774006102
4260	0.0563172472731955
4327	0.07649513447840663
4368	0.0694557574479673
4442	0.03382908100422099
4443	0.07063646203417209
4457	0.014417701986720838
4574	0.07329800462093868
4620	0.06709687225192004
4640	0.04876691919659048
4708	0.025788088609458915
4918	0.08941505385486163
5128	0.3117145423862378
5436	0.05233635124705215
5556	0.034576040653496974
5902	0.06732830579746132
5918	0.05397185991055059
6061	0.04736900939056699
6120	0.10045842788356178
6213	0.04524155774006102
6241	0.20506964332723787
6251	0.0573131737470458
6279	0.6027505673013707
6505	0.10045842788356178
6605	0.08585988149267362
6805	0.025425152164922783
7083	0.05233635124705215
7109	0.04358784428965036
7165	0.03813121301568499
7198	0.05785330075875118
7215	0.0257148368898648
7591	0.023342617998202607
7632	0.19298493570351333
7726	0.018965192476695272
7929	0.04188679331522291
7958	0.05397185991055059
7975	0.03210188010781583
8017	0.066362420927921
8073	0.066362420927921
8089	0.009399705275019533
8103	0.021956333515197896
8144	0.05016039964753771
8341	0.066362420927921
8347	0.10045842788356178
8454	0.05016039964753771
8492	0.06377313343527331
8651	0.023405715985411822
8666	0.09531216840270072
8851	0.08295509416663412
8980	0.07063646203417209
9253	0.07191172013793397
9261	0.02977112215608224
9267	0.05016039964753771
9306	0.03382908100422099
9495	0.01596500234495403
9541	0.03945966723212556
9553	0.031993127324145304
9580	0.024450826383425606
9652	0.026929308117347485
9783	0.036043641788870415
9844	0.03395116758588362
9891	0.01291991937645502
9986	0.02782142118840812
10349	0.06225463059223852
10367	0.04208975428854427
10375	0.027905055086209756
10781	0.09253959943669131
11175	0.0221889248131204
11251	0.05959308800547193
11429	0.10545951881314632
11519	0.032544470260950205
11544	0.018822301644939185
11592	0.012681635627708233
11696	0.04854971397677179
11871	0.07837167982616149
11913	0.16099826295333491
11927	0.10045842788356178
12193	0.020156941930549246
12294	0.2408718442923412
12488	0.021278264334905855
12643	0.04292848588185045
12718	0.037053260479300035
12748	0.023854540621484645
12829	0.010152125335946255
12839	0.03005648299548577
12841	0.05841238341926714
