27
t_index	tf-idf
633	0.20420305724032517
738	0.13933975946941948
994	0.34463380203486915
1737	0.12062013207281767
2565	0.24793492453354088
2577	0.11117056722649099
2621	0.1800692600803236
3242	0.16347355662942104
3365	0.13163797689899848
3504	0.42386517262016804
4276	0.18832744846670288
7327	0.11350913021729021
7501	0.11683495552862287
7743	0.13054135324665614
9319	0.273553548328356
9426	0.16455602990392573
9495	0.08406312404484431
9998	0.05130998266135726
10121	0.15725660069381353
11134	0.1787686058900889
11541	0.19589027040437043
11544	0.09910812687654233
11623	0.10399134224214825
11663	0.14917023913650748
12188	0.31922266825996365
12659	0.17018838058305552
12834	0.12698613841448958
