69
t_index	tf-idf
3	0.05330305359052389
15	0.05992602948222929
17	0.0933843158619469
102	0.09861608590427794
211	0.13751450665421275
222	0.10360620439975908
279	0.11922885160646435
758	0.07307439160615321
872	0.031390502056575835
977	0.071671634163514
984	0.11540032942215521
1600	0.10998108315012724
1745	0.1555756789992596
2057	0.0408851805857308
2167	0.07054109883512608
2480	0.17783523115478017
2493	0.1054840089967422
2737	0.10468828147322161
2762	0.08012210746486707
2822	0.3299590438091027
3167	0.031469811239608354
3675	0.17783523115478017
4200	0.06672971633024823
4368	0.1650929868216227
4426	0.06438648730099486
4429	0.10753700154180909
4431	0.12172668783141197
4620	0.05316201014608389
4644	0.052464566473216026
4673	0.10468828147322161
4674	0.19718025936580447
5012	0.10580218886674
5544	0.050577408446827406
5566	0.18182524663736768
5769	0.04979655354435121
5970	0.05164424296783743
6237	0.17422582310762805
6241	0.16248021842634333
6298	0.08012210746486707
6356	0.1555756789992596
6554	0.05817064141481071
6630	0.10524113977458721
6744	0.09140113391089609
6771	0.14629286183976647
6945	0.14629286183976647
7268	0.12004329420165845
7334	0.1555756789992596
7501	0.1582260134951133
7531	0.07789381060594547
7584	0.0747794438702157
8230	0.23878483973234935
8309	0.13498889622849175
8370	0.1875874531271008
8505	0.030918103568582593
8777	0.05795830787883429
8877	0.025871035334652525
8879	0.06043436088715773
8965	0.08915076178404716
9109	0.06164769509205371
9381	0.08567399877988693
9421	0.08878836551561672
9998	0.02316251436988539
10128	0.04600024754323294
10209	0.19958644008028847
11205	0.12932611136115157
11876	0.02367601540434298
12561	0.18182524663736768
12626	0.1515856635166721
12739	0.04635144129093179
