269
t_index	tf-idf
240	0.029363939848211857
569	0.035902469794495954
634	0.029493514621169982
639	0.02621377009931101
660	0.133078530024364
684	0.06994902794478457
697	0.03683282720453742
738	0.019692435186809538
742	0.0313211210293386
758	0.02287735137716163
790	0.0273536491828769
854	0.030026457094114063
872	0.00982740368642809
901	0.025356338236577524
902	0.013387916434959206
1100	0.049810972868049475
1157	0.020336621823647864
1208	0.033482720614350536
1271	0.04806495521994344
1301	0.012516473177589355
1507	0.028257398823273053
1781	0.054544763036696794
1867	0.03366653784239212
1879	0.051083183189847364
1996	0.36887980589619834
2057	0.012799896404470506
2069	0.018144969057233413
2076	0.09241274510420322
2087	0.07191036577751465
2214	0.06994902794478457
2219	0.030442498859418243
2277	0.023970121925838216
2332	0.16753789038271968
2335	0.06994902794478457
2440	0.025264785861062743
2493	0.049535713239252224
2615	0.033552721775729814
2626	0.030584488265672935
2631	0.028983501634333265
2635	0.061747345385563215
2640	0.026821902049321323
2664	0.027796914780383663
2716	0.026413034852293526
2729	0.026926360643244822
2808	0.06173109319149678
2813	0.021210615465804997
2824	0.043467617276752565
2909	0.023120620053581172
2971	0.09375673673198769
3000	0.02601779912985152
3061	0.035902469794495954
3077	0.0266157060048728
3167	0.009852232959827307
3187	0.02849452620202815
3195	0.1665085493303734
3224	0.0665382768555433
3241	0.02601779912985152
3242	0.06930955882815241
3252	0.03984702046665564
3294	0.04165626306265038
3325	0.045799809354787446
3347	0.05010240734896772
3359	0.026513937365292076
3360	0.0747562116088311
3422	0.040163198503084675
3432	0.05071267647315505
3438	0.05492584320708066
3474	0.03162908571336785
3522	0.03162908571336785
3546	0.08303928923872494
3563	0.08233141734589491
3639	0.04938364342623525
3692	0.026718355769177266
3729	0.03330170986607468
3871	0.021017831157758304
3886	0.034235733883139316
3900	0.01484731237450051
3993	0.044346239446672917
4045	0.05351315843820898
4130	0.029543592726098668
4158	0.03984702046665564
4207	0.14930759039076916
4426	0.02015743493103515
4457	0.021457886676897363
4532	0.03838145665391185
4553	0.03758187460149965
4598	0.18577277482552018
4620	0.016643395303010393
4644	0.016425047074318026
4708	0.057570674248769056
4739	0.03984702046665564
4805	0.05256417419996071
4878	0.026413034852293526
4895	0.015958383216998943
4920	0.02215420203780254
4921	0.0266157060048728
4936	0.09491364653986625
4949	0.012928070341636264
4973	0.09159961870957489
4979	0.29811079068581287
4992	0.031170087474567735
5172	0.0583203421022555
5329	0.03194526374979688
5548	0.015589774033915304
5556	0.025729785605288363
5652	0.11598130083811813
5693	0.042649639605886594
5769	0.04676932210174592
5842	0.022366553512385135
5885	0.029363939848211857
5888	0.05256417419996071
5898	0.06173109319149678
5925	0.027573210526430563
5934	0.01902743994451103
5944	0.048705974774162455
5976	0.04389879111011592
5978	0.073670268552496
5980	0.05256417419996071
6019	0.11327868969746906
6036	0.04687836836599384
6066	0.044346239446672917
6187	0.03810889353012121
6230	0.04806495521994344
6323	0.03194526374979688
6388	0.05282124020555111
6428	0.11164147976038931
6484	0.03732689759769229
6554	0.009105722088348088
6556	0.02272914977599671
6603	0.03054294748633689
6614	0.02039695769796183
6651	0.0747562116088311
6668	0.0313211210293386
6673	0.06994902794478457
6693	0.043467617276752565
6708	0.013556567553536198
6716	0.0790781115652528
6755	0.022582777870998844
6763	0.02975699154675252
6828	0.024994295641152707
6958	0.020216863495140017
6959	0.01633882143087753
7030	0.045295223684921185
7109	0.03243592578480985
7119	0.0313211210293386
7170	0.032604098444430185
7178	0.09741194954832491
7187	0.021945587147336257
7206	0.01980698654861496
7207	0.06389269277650872
7261	0.04082203319771798
7296	0.02180852234082627
7327	0.06416750533879544
7343	0.12408668762252877
7366	0.043891174294672514
7417	0.03524968252346477
7543	0.03102095376335753
7584	0.02341115096008006
7651	0.025825014821804833
7726	0.028225923336832055
7779	0.030442498859418243
7862	0.020216863495140017
7906	0.03758187460149965
7968	0.035902469794495954
8037	0.009365266206019117
8039	0.05351315843820898
8089	0.006994797464026293
8109	0.03162908571336785
8112	0.02082813153132519
8168	0.045799809354787446
8176	0.03568085635682813
8505	0.009679510204699107
8539	0.026926360643244822
8543	0.043467617276752565
8589	0.033853249948659514
8651	0.03483476088416784
8722	0.17390100980599962
8744	0.13989805588956913
8877	0.064795423166216
8879	0.07568058132985021
8905	0.026413034852293526
8966	0.042649639605886594
8985	0.043467617276752565
9070	0.0968103158027606
9212	0.03732689759769229
9220	0.05567475802322092
9269	0.034630969605581326
9316	0.07415457786326678
9327	0.030302189840625077
9421	0.027796914780383663
9484	0.043467617276752565
9503	0.0522307594225494
9534	0.034833640758160596
9553	0.023807708787203098
9652	0.04007892813997052
9671	0.05168555203004037
9735	0.10329511455779643
9844	0.05052957172212549
9845	0.20792867648445726
9891	0.04807183664046527
9986	0.0207033306556391
9998	0.014502946062812067
10121	0.02222456410613045
10128	0.014401267028740363
10167	0.0760690147097326
10178	0.024217991031522057
10184	0.03707728893163339
10209	0.02082813153132519
10211	0.01992265550232534
10273	0.03923888851664533
10282	0.05086757435917439
10359	0.06994902794478457
10375	0.02076556688104547
10413	0.04481123919089854
10541	0.025541591594923682
10583	0.05567475802322092
10660	0.026926360643244822
10719	0.0747562116088311
10771	0.06294820691581211
10773	0.04216348983494899
10873	0.014743678561255018
10876	0.027796914780383663
10920	0.04928596365521164
10985	0.03732689759769229
11132	0.028983501634333265
11175	0.049535713239252224
11184	0.05536907008241631
11423	0.05351315843820898
11465	0.02849452620202815
11510	0.1495124232176622
11544	0.014006629352842654
11567	0.01902743994451103
11636	0.016253218360688687
11711	0.032106572002944506
11736	0.03758187460149965
11775	0.014401267028740363
11823	0.04389879111011592
11833	0.022438191033752296
11857	0.021210615465804997
11876	0.0074122344601311296
12048	0.0747562116088311
12055	0.012641603349290213
12152	0.06994902794478457
12183	0.0584715318220922
12188	0.015038233951330469
12193	0.014999802884568434
12323	0.08809181954463557
12328	0.05086757435917439
12339	0.03404294957509263
12349	0.0747562116088311
12405	0.03102095376335753
12420	0.02849452620202815
12451	0.03102095376335753
12498	0.05086757435917439
12517	0.03524968252346477
12564	0.021539056793464725
12566	0.012516473177589355
12567	0.03330170986607468
12576	0.03659330443761074
12624	0.02215420203780254
12638	0.025264785861062743
12643	0.03194526374979688
12657	0.043467617276752565
12674	0.030026457094114063
12699	0.024217991031522057
12748	0.017751373618927244
12766	0.01887409660899494
12829	0.015109422790749439
12868	0.10105914344425097
