34
t_index	tf-idf
82	0.1110219202309565
872	0.03500334187519498
1235	0.11435749991746852
1631	0.26626740039712543
1942	0.21987440714332293
2389	0.1454003142288376
4413	0.14192750441588822
4638	0.131191521586818
4644	0.11700578431565212
5436	0.13871871665138527
6173	0.09407820400957899
6251	0.1519099004796569
6934	0.1811806202807208
7042	0.15482338129037587
7083	0.13871871665138527
7574	0.1382752043239312
7928	0.1690321739323955
8103	0.05819577282376183
8608	0.19060368734225908
9044	0.1872235860677536
9783	0.19106902232417153
10132	0.3637635250689802
10194	0.14918452119286993
10217	0.19388678093146214
10226	0.14918452119286993
10993	0.31590573253337945
11574	0.19060368734225908
11663	0.07508916375248911
12170	0.13871871665138527
12290	0.14305367041615513
12659	0.08566925448632887
12666	0.16566809502273314
12732	0.20275213369058437
12841	0.15482338129037587
