267
t_index	tf-idf
1	0.04999083439503933
15	0.11230019186616436
16	0.02689216239714481
40	0.025168727852849182
51	0.03785965660945788
56	0.017176019728866388
75	0.018412772396583357
82	0.04146197329278052
117	0.02073098664639026
185	0.044538202499898066
189	0.14414562422566649
192	0.057266546830329404
250	0.019791147358691506
277	0.1536575239221455
319	0.25296459777955754
355	0.07682876196107274
393	0.5438950945930483
433	0.10121645189279313
452	0.0338316344358906
497	0.01997036683212328
509	0.03785965660945788
554	0.018412772396583357
614	0.028909979609457508
632	0.01644762678140491
639	0.017434577888937965
653	0.08850819748847791
678	0.04406026790121861
764	0.014414562422566647
819	0.036277304485170164
872	0.006536130986422665
882	0.032393971093807
898	0.03984135064075926
902	0.008904200768207084
950	0.024497231505977816
951	0.0338316344358906
983	0.011217341355176108
1077	0.03046110271317054
1080	0.036277304485170164
1235	0.06406150601895035
1301	0.024973831579672708
1351	0.056214781520336286
1465	0.18568619060695649
1471	0.03697503060221831
1477	0.04652256319249929
1840	0.035957217156311505
1894	0.019529731681868785
1895	0.024337926746672442
1980	0.04652256319249929
2044	0.04652256319249929
2126	0.030811618969519283
2186	0.03284468332835755
2269	0.0703328822814199
2271	0.01887224123102156
2305	0.03046110271317054
2369	0.044254098744238954
2389	0.027150421884150573
2472	0.02980361226232332
2515	0.03046110271317054
2558	0.03284468332835755
2615	0.04463131697337971
2831	0.04652256319249929
2891	0.00810017495902518
2892	0.023586375728561468
2918	0.06823368116894714
2923	0.04652256319249929
3002	0.0338316344358906
3091	0.0676632688717812
3104	0.04652256319249929
3263	0.05571408439457264
3289	0.04105687767684841
3309	0.044254098744238954
3432	0.03372861303727434
3489	0.029494344490906845
3643	0.04249454101893202
3808	0.014150225356125399
3822	0.029494344490906845
3881	0.017839041795084956
3910	0.03984135064075926
3981	0.010809891151932833
4040	0.044254098744238954
4078	0.02465982112989578
4146	0.04249454101893202
4288	0.02179819613012912
4353	0.01627557666758371
4358	0.017500564193576096
4359	0.022515537474676425
4381	0.044254098744238954
4413	0.05300389675625275
4433	0.03437566512510839
4457	0.00713573810983801
4472	0.02474671255886816
4634	0.03284468332835755
4645	0.04633517579902764
4659	0.02671223597056384
4695	0.021572886019548255
4783	0.021246550454912964
4798	0.13900552739708294
4888	0.060251013291093315
4895	0.01061379855412714
4960	0.0333227277129372
4970	0.02627057909417541
5012	0.022030133950609303
5054	0.031178444057717847
5080	0.04652256319249929
5083	0.064787942187614
5152	0.032393971093807
5210	0.0333227277129372
5314	0.013135289547087705
5342	0.05673189784047944
5345	0.022148712386477868
5362	0.014971404353251566
5414	0.013059468603406704
5415	0.025345933453868406
5436	0.05180555076910664
5450	0.017500564193576096
5536	0.0333227277129372
5544	0.03159368709361045
5578	0.020831437907865426
5609	0.026501948378126375
5858	0.022391356681635444
6022	0.035591192161197535
6033	0.03984135064075926
6167	0.044254098744238954
6251	0.08509784676071916
6379	0.023586375728561468
6450	0.0656893666567151
6541	0.044254098744238954
6554	0.006056146078297232
6559	0.013646736233789427
6577	0.035591192161197535
6601	0.014237356821547422
6660	0.019194135614244903
6755	0.030039265489008194
6798	0.012068080063348844
6824	0.0206317989563285
6827	0.03124525167078591
6844	0.05839350005283292
6909	0.010288584736045906
6930	0.04249454101893202
6934	0.0338316344358906
6947	0.017239868801511904
6957	0.03984135064075926
6959	0.010866825098827365
7042	0.028909979609457508
7062	0.04652256319249929
7083	0.02590277538455332
7109	0.1078644300977413
7124	0.03984135064075926
7176	0.08211375535369682
7187	0.07297921035188416
7215	0.012727017228701266
7377	0.017770173956561847
7426	0.027614397902128742
7574	0.025819958873013683
7583	0.03284468332835755
7591	0.011552937422799992
7755	0.022030133950609303
7832	0.03600544950622064
7862	0.013446081198572405
7881	0.031178444057717847
7928	0.06312633997526051
8060	0.01142924363327264
8073	0.09853404998507263
8103	0.0326004752964821
8176	0.02373106451076558
8349	0.044254098744238954
8510	0.03496003000655772
8596	0.028107390760168143
8608	0.035591192161197535
8665	0.1167811880957889
8666	0.047172751457122936
8672	0.028909979609457508
8775	0.01790851640652118
8777	0.012068080063348844
8844	0.02344429409380663
8890	0.05105442620335718
8892	0.023032792866899382
8933	0.01887224123102156
9087	0.031967633893777256
9100	0.04249454101893202
9186	0.01698751710959899
9257	0.04249454101893202
9261	0.014734590237574738
9276	0.018412772396583357
9370	0.02671223597056384
9433	0.022269101249949033
9673	0.03984135064075926
9718	0.029494344490906845
9728	0.024497231505977816
9783	0.053517125385254875
9788	0.035591192161197535
9830	0.0676632688717812
9839	0.12748362305679606
9891	0.028774989606514857
9986	0.013769626784270309
10109	0.03284468332835755
10116	0.04337847938262562
10132	0.15849193671162087
10135	0.03277971726015625
10161	0.028107390760168143
10162	0.03496003000655772
10194	0.19499929538100422
10209	0.04155789267490503
10217	0.06034040031674422
10224	0.04815559414856153
10403	0.015265301130739383
10437	0.036277304485170164
10473	0.04931964225979156
10614	0.03878841322858808
10710	0.031178444057717847
10739	0.02344429409380663
10746	0.02316758789951382
10829	0.03437566512510839
10867	0.030233967156778185
10890	0.015727764958207893
11012	0.03284468332835755
11021	0.028107390760168143
11047	0.032393971093807
11050	0.0333227277129372
11057	0.021353835339650115
11080	0.08850819748847791
11150	0.02980361226232332
11233	0.04652256319249929
11234	0.04105687767684841
11251	0.029494344490906845
11305	0.009130156554725953
11323	0.08498908203786404
11332	0.044254098744238954
11411	0.14510921794068066
11477	0.04652256319249929
11502	0.04652256319249929
11514	0.01478138751076521
11524	0.031967633893777256
11623	0.01954940295878177
11663	0.028042614427910294
11699	0.01887224123102156
11872	0.05105442620335718
11889	0.007481401365281604
12031	0.03496003000655772
12148	0.044254098744238954
12290	0.16027341582338303
12329	0.016162927360488983
12362	0.09304512638499858
12376	0.04249454101893202
12427	0.03284468332835755
12480	0.021246550454912964
12488	0.03159368709361045
12503	0.04249454101893202
12517	0.02344429409380663
12537	0.02015799171176939
12539	0.03984135064075926
12574	0.04652256319249929
12575	0.044254098744238954
12651	0.031178444057717847
12659	0.03199382909370872
12665	0.030125506645546658
12666	0.04640249950421351
12667	0.05960722452464664
12674	0.03994073366424656
12718	0.018338731313729383
12719	0.029009362632944805
12732	0.11357896982837364
12766	0.0062765086091433895
12767	0.024497231505977816
12829	0.010049161471403128
12841	0.028909979609457508
12843	0.036277304485170164
