278
t_index	tf-idf
1	0.04714684532577429
15	0.10591141036234071
16	0.02536226162969594
40	0.023736873638631216
51	0.035705812792557905
56	0.016198872358683187
75	0.017365265907354918
82	0.03910319292310284
91	0.01253313150199696
117	0.01955159646155142
185	0.0420044148044682
189	0.1631341792629665
192	0.05400864095236365
250	0.018665224828342267
277	0.15940750662164402
319	0.254478281255344
355	0.08694954906635129
393	0.558213328571396
433	0.10909511621049658
452	0.03190694564652742
497	0.018834248468285616
509	0.035705812792557905
554	0.017365265907354918
614	0.05453056959391884
632	0.015511917839001096
639	0.016442721090718374
653	0.08347294754228857
678	0.04155367000549736
764	0.013594514938580542
819	0.034213481012992604
882	0.030551071273954886
898	0.03757476783416545
902	0.008397638916184162
951	0.03190694564652742
983	0.010579184449287352
1077	0.028728164181490157
1080	0.034213481012992604
1110	0.030551071273954886
1235	0.06041703348546869
1273	0.013940471270460197
1301	0.02355306505537354
1351	0.05301671079177843
1465	0.17512246422010402
1471	0.017435756672342557
1477	0.08775176960090822
1840	0.033911603519506776
1894	0.036837362288568265
1895	0.022953336981893918
1980	0.04387588480045411
2044	0.04387588480045411
2126	0.029058739494389585
2186	0.03097614239481014
2269	0.06633162983506921
2271	0.017798595463290903
2305	0.028728164181490157
2369	0.041736473771144283
2389	0.025605828680238762
2472	0.028108078500496934
2515	0.028728164181490157
2558	0.03097614239481014
2615	0.042092231975994855
2831	0.04387588480045411
2891	0.007639354304171539
2892	0.02224454185906592
2918	0.0643518527148204
2923	0.04387588480045411
3002	0.03190694564652742
3091	0.06381389129305484
3104	0.04387588480045411
3263	0.052544498430670473
3289	0.11616342984555326
3309	0.041736473771144283
3432	0.031809785156918
3489	0.027816405037557765
3643	0.040077017654423626
3808	0.013345216063372906
3809	0.01306455181047683
3822	0.027816405037557765
3881	0.016824174960287375
3883	0.028728164181490157
3910	0.03757476783416545
3981	0.010194914173691146
4040	0.041736473771144283
4078	0.023256918726042044
4146	0.040077017654423626
4353	0.015349655692294161
4358	0.016504953420625277
4359	0.021234623818373037
4365	0.02077683500274868
4381	0.041736473771144283
4413	0.024994246968183576
4426	0.012643853944687889
4433	0.03242002631556243
4436	0.02159746260932139
4457	0.006729784469913747
4472	0.035008300325053074
4587	0.008129434092423986
4634	0.03097614239481014
4645	0.04369915791515762
4659	0.02519257125531655
4695	0.020345600002530224
4783	0.020037829736713534
4798	0.15294705270305167
4888	0.05682332048929012
4895	0.010009977324963702
4960	0.03142699073393825
4970	0.024776040331395497
5012	0.02077683500274868
5054	0.029404695826269246
5080	0.04387588480045411
5083	0.06110214254790977
5152	0.030551071273954886
5210	0.03142699073393825
5314	0.012388020165697749
5342	0.053504408255848804
5345	0.020888667486493383
5362	0.014119678014864632
5414	0.012316512691428886
5415	0.023903997975786576
5436	0.048858322104141316
5450	0.016504953420625277
5536	0.03142699073393825
5544	0.02979631559862848
5578	0.019646333029661563
5609	0.024994246968183576
5858	0.021117507696732218
6022	0.03356640176324808
6033	0.03757476783416545
6167	0.041736473771144283
6251	0.08025661238377321
6379	0.02224454185906592
6450	0.06195228478962028
6541	0.041736473771144283
6554	0.0057116106558146905
6559	0.01287037054296408
6577	0.03356640176324808
6601	0.026854781202850363
6660	0.018102177207439032
6665	0.016631002540368374
6755	0.028330325365616946
6798	0.011381524453655215
6827	0.04420155411029548
6844	0.05507148156932339
6909	0.009703264989303987
6930	0.040077017654423626
6934	0.03190694564652742
6947	0.016259089044174457
6957	0.03757476783416545
6959	0.010248609136387922
7042	0.02726528479695942
7062	0.04387588480045411
7083	0.024429161052070658
7109	0.0813824000101209
7124	0.03757476783416545
7176	0.07744228656370217
7187	0.06882740774574585
7215	0.012002974545261561
7377	0.01675922502756347
7426	0.0260434090050964
7574	0.024351055989268046
7583	0.03097614239481014
7591	0.010895688386132451
7755	0.02077683500274868
7832	0.033957091920898415
7881	0.029404695826269246
7928	0.05953506923443519
8060	0.021558063124546164
8073	0.09292842718443042
8103	0.030745827409163772
8176	0.04476199853211736
8349	0.041736473771144283
8510	0.032971146556160784
8596	0.026508355395889215
8608	0.03356640176324808
8665	0.11013748177523257
8666	0.04448908371813184
8672	0.02726528479695942
8709	0.01302530781425689
8775	0.01688969714648591
8777	0.011381524453655215
8844	0.022110543278356404
8890	0.0481499291727104
8892	0.021722452442683383
8933	0.017798595463290903
9087	0.030148988486786592
9100	0.040077017654423626
9186	0.01602109369302072
9257	0.040077017654423626
9261	0.013896336303971258
9276	0.017365265907354918
9370	0.02519257125531655
9433	0.0210022074022341
9673	0.03757476783416545
9718	0.027816405037557765
9728	0.023103578859980583
9783	0.05047252488086212
9788	0.03356640176324808
9830	0.06381389129305484
9839	0.12023105296327088
9891	0.027137974403638705
9986	0.0259725396484301
10109	0.03097614239481014
10116	0.05454755810524829
10132	0.14947529714100344
10135	0.030914872259874885
10161	0.026508355395889215
10162	0.032971146556160784
10194	0.18390574450734665
10209	0.05225820724190732
10217	0.09105219562924172
10224	0.04541601228240923
10403	0.014396854942948406
10437	0.034213481012992604
10473	0.04651383745208409
10479	0.025605828680238762
10535	0.026508355395889215
10614	0.036581732252541264
10710	0.029404695826269246
10739	0.022110543278356404
10746	0.02184957895757881
10829	0.03242002631556243
10867	0.02851395041461059
10890	0.014833009106132106
11012	0.03097614239481014
11021	0.026508355395889215
11047	0.030551071273954886
11050	0.03142699073393825
11057	0.020139011161822897
11080	0.08347294754228857
11150	0.028108078500496934
11202	0.01765132886831092
11233	0.04387588480045411
11234	0.038721143281851084
11251	0.027816405037557765
11305	0.008610740030546156
11323	0.08015403530884725
11332	0.041736473771144283
11411	0.13685392405197042
11477	0.04387588480045411
11502	0.04387588480045411
11514	0.013940471270460197
11524	0.030148988486786592
11578	0.034213481012992604
11623	0.018437233318121603
11663	0.02644726420277973
11699	0.017798595463290903
11872	0.0481499291727104
11876	0.004649361897400291
11889	0.007055782870148888
12031	0.032971146556160784
12148	0.041736473771144283
12170	0.024429161052070658
12290	0.1511554275318993
12329	0.015243415027941944
12362	0.08775176960090822
12376	0.040077017654423626
12427	0.03097614239481014
12480	0.020037829736713534
12488	0.02979631559862848
12503	0.040077017654423626
12517	0.022110543278356404
12537	0.019011199329118218
12539	0.03757476783416545
12574	0.04387588480045411
12575	0.041736473771144283
12651	0.029404695826269246
12659	0.03017369343629168
12665	0.02841166024464506
12666	0.04376265156061417
12667	0.05621615700099387
12674	0.018834248468285616
12718	0.01729543703725677
12719	0.027359013899365205
12732	0.10711743837767372
12766	0.0059194367159940515
12767	0.023103578859980583
12829	0.014216193846716078
12841	0.02726528479695942
