183
t_index	tf-idf
15	0.023219081198923887
176	0.042132397588685706
344	0.06027972075694987
509	0.07045044035395934
633	0.03571705153552184
634	0.036501904206796915
639	0.03244281115202302
660	0.032940256984116484
664	0.0865706495205691
742	0.03876379516470991
758	0.028313576703231876
880	0.03602597340308144
1020	0.025394276207582448
1022	0.03571705153552184
1023	0.025169106877612354
1041	0.05948637907952256
1092	0.07045044035395934
1157	0.025169106877612354
1211	0.0857202914856459
1301	0.015490697219495564
1387	0.04389027015147266
1399	0.0689044595126517
1420	0.02577741146581734
1488	0.02849931648367503
1600	0.04261353074903248
1879	0.03161090638610534
1906	0.03281430559510959
1987	0.07639992992355964
1999	0.10950571262039073
2054	0.051385740562380613
2087	0.029666016600617674
2294	0.025394276207582448
2436	0.042132397588685706
2471	0.05183726070213161
2493	0.10217770938794149
2631	0.07174139900400968
2662	0.11467046026396185
2762	0.062088602736723404
2784	0.05801782979903688
2797	0.06750594972899038
2801	0.022832920840848394
2822	0.031961677991676256
2896	0.11091899906428687
2898	0.03821002202073979
3187	0.035265531395770836
3195	0.041215020965371156
3294	0.02577741146581734
3476	0.03468433673994248
3489	0.05488400433131967
3656	0.0662292103265502
3862	0.04820069952181245
3992	0.09239338600018179
4087	0.039339290365533665
4130	0.01828194105490939
4135	0.04651225885541395
4162	0.04528877993513398
4172	0.11211698145908149
4264	0.03358676008505989
4356	0.07639992992355964
4369	0.038029979924803003
4426	0.024947340741115074
4429	0.041666541105122155
4431	0.04716451053497148
4673	0.04056276928581363
4744	0.03973588874412749
4765	0.036827989775839676
4859	0.022832920840848394
4873	0.08234941949315996
4921	0.032940256984116484
5024	0.04558521924411443
5041	0.03541449964710498
5127	0.07907517910966115
5128	0.04784711020202743
5162	0.051385740562380613
5252	0.03699379093796202
5548	0.01929429048049521
5652	0.04784711020202743
5752	0.0689044595126517
5769	0.01929429048049521
5816	0.0532816961781354
5855	0.03602597340308144
5968	0.050522359388128935
6019	0.028039302423730334
6061	0.0436258801746183
6152	0.0689044595126517
6554	0.022538934384172867
6580	0.03082364688357335
6603	0.01890035415682974
6609	0.04261353074903248
6614	0.025243780050095532
6686	0.08234941949315996
6696	0.030714551609831834
6744	0.03541449964710498
6755	0.027949005235845748
6760	0.02361567957751772
6805	0.02341604048805044
6922	0.0639673193686372
6928	0.08234941949315996
6999	0.13501189945798076
7042	0.05379659977162775
7179	0.036182908019085386
7268	0.04651225885541395
7334	0.6630769283264485
7340	0.025470107108784078
7515	0.10021800231988084
7700	0.027949005235845748
7757	0.06588051396823297
7811	0.014703437716963575
7942	0.06750594972899038
7994	0.04970696925166966
8036	0.01612020916660977
8037	0.011590685420647956
8116	0.06505472392832913
8131	0.030933559357990345
8144	0.046196693000090897
8309	0.05230311718569516
8370	0.25439077480883143
8386	0.022211080046217684
8388	0.025470107108784078
8492	0.05873373991564225
8543	0.05379659977162775
8580	0.08234941949315996
8670	0.061118420265626104
8671	0.05183726070213161
8677	0.04056276928581363
8877	0.02004810514982177
8879	0.02341604048805044
8880	0.03220027262630291
8909	0.07413803896564666
8917	0.059739629940281286
8990	0.050947700668616654
9000	0.06231177106276976
9008	0.035265531395770836
9029	0.050522359388128935
9135	0.0441595115903401
9179	0.06200798029914106
9306	0.09346765659415464
9307	0.029767561965921518
9327	0.03750274068810839
9495	0.014703437716963575
9516	0.05733523013198093
9545	0.07639992992355964
9553	0.029465010077504662
9580	0.02251870654880404
9630	0.04528877993513398
9713	0.03914493988550366
9746	0.05801782979903688
9891	0.017848468708800955
9986	0.025622954810931315
10111	0.08234941949315996
10128	0.08911682386646846
10209	0.05155482293163468
10222	0.050947700668616654
10223	0.07045044035395934
10228	0.021731911044460935
10420	0.050522359388128935
10477	0.02733202109109894
10695	0.03602597340308144
10773	0.026091289674151946
10890	0.02926671994200063
11016	0.026657270178830222
11046	0.035564995804591895
11168	0.07413803896564666
11175	0.0204355418775883
11627	0.03482749150200688
11636	0.02011538561186495
11876	0.018347129916339053
11889	0.02784325415762659
11989	0.09252013909016941
12164	0.05230311718569516
12252	0.055459499532143436
12370	0.05183726070213161
12477	0.07217869989615051
12480	0.03953624965466022
12566	0.030981394438991127
12624	0.05483717833895878
12638	0.03126832475380196
12662	0.07045044035395934
12739	0.01795943913388173
12766	0.02335904944732674
12788	0.04683476077644161
12829	0.02804969382652292
12851	0.08234941949315996
