84
t_index	tf-idf
15	0.11025987869514169
82	0.0610630142712239
189	0.04245801928949182
277	0.04525974444044445
319	0.09934745578557834
355	0.04525974444044445
393	0.23559414656229197
433	0.042590362449319
633	0.05653622748054417
1080	0.10685461330347236
1234	0.08873452448753444
1235	0.06289761188561009
1670	0.1464493681661056
1852	0.11735249287737737
2139	0.08355175628049552
2369	0.13035021966261048
2530	0.07168723773804724
3091	0.09965090478399065
3309	0.13035021966261048
3819	0.07997142766334818
4409	0.1464493681661056
4413	0.0780613522950945
4457	0.021018279808338265
4472	0.036445657120018474
4620	0.03260484545442997
4645	0.06824001069838977
4659	0.07868075331430774
5101	0.12093282149452471
5320	0.08687543961552048
5400	0.11425107115911534
5436	0.07629649133205617
5769	0.030540773910077958
6249	0.11425107115911534
6251	0.08355175628049552
6385	0.0843391592018849
6765	0.11425107115911534
6934	0.09965090478399065
7042	0.08515419587038708
7083	0.07629649133205617
7109	0.12708564906750686
7198	0.0843391592018849
7215	0.07497472724498787
7579	0.10685461330347236
7928	0.09296915444858128
7975	0.046798463382114956
8089	0.0137029906546992
8103	0.03200817729570679
8176	0.06989972815136289
8298	0.07997142766334818
8349	0.13035021966261048
8608	0.10483367299102957
9257	0.12516745145557157
9502	0.0648896459569745
9783	0.1050896112470272
10132	0.5335282083977572
10178	0.04744367603025829
10194	0.08205277415212509
10217	0.035546467599643
10226	0.16410554830425017
10400	0.11151542332643893
10403	0.08992773153545754
10479	0.07997142766334818
10781	0.06745260777700039
10976	0.0423264259532901
11080	0.13035021966261048
11305	0.026892829053884678
11323	0.12516745145557157
11331	0.1464493681661056
11434	0.12516745145557157
11519	0.04744367603025829
11544	0.02743935219181593
11663	0.041299688100278564
12170	0.07629649133205617
12290	0.07868075331430774
12329	0.047607819199003046
12376	0.12516745145557157
12481	0.13035021966261048
12539	0.11735249287737737
12581	0.03439926347712853
12659	0.04711882931245839
12674	0.058822612530303985
12718	0.10803327704823774
12748	0.03477540387112481
12841	0.08515419587038708
