148
t_index	tf-idf
17	0.05520892709103755
68	0.1010544437801085
240	0.05545097122196562
463	0.14116990294941287
469	0.048057234990524694
536	0.06910292970819262
603	0.10300252967045195
660	0.05026119639794771
721	0.06322889185909189
872	0.018558105002927507
902	0.025281790277274764
1116	0.03897933180751638
1490	0.04420970295100047
1515	0.07909479097682076
1596	0.18567553809631598
1905	0.0603255527025594
1996	0.053584151715044576
2015	0.11657322177325652
2287	0.1010544437801085
2322	0.07708847653856743
2411	0.08462170770134064
2425	0.11013234696311681
2455	0.07466569730354568
2493	0.1870868434881762
2547	0.12065519432195079
2822	0.09753610456179568
3016	0.052069351432464814
3095	0.1010544437801085
3167	0.018604992693470376
3386	0.10749531859024822
3476	0.052922363710137275
3659	0.06656562917973347
3675	0.10513641632880275
3715	0.0695552453757942
3959	0.07001688779381243
3981	0.06138527379102736
4130	0.027895114186254726
4138	0.05520892709103755
4309	0.18651250510790965
4342	0.05065057776114018
4367	0.12065519432195079
4426	0.03806537372189655
4457	0.020260575773473614
4620	0.09428834537398369
4709	0.11660391247587104
4765	0.056193211484586586
4836	0.052279577052635036
4878	0.04987847145343111
4920	0.041836076016843145
4968	0.0600250265251843
4970	0.07459032971189797
4985	0.09373030158696347
4990	0.025345125154168136
5024	0.20866573612738262
5041	0.054036467382646176
5128	0.07300650398987318
5195	0.04876805228089784
5332	0.05696090488914716
5336	0.10513641632880275
5381	0.07645776260395215
5469	0.045733342687818125
5484	0.027472670256308465
5508	0.06539724944657914
5544	0.11960571449803224
5548	0.1177591448259593
5606	0.14116990294941287
5609	0.07524725893729653
5769	0.029439786206489824
5788	0.08208440717288149
5956	0.19211702629158886
6061	0.06656562917973347
6168	0.09339983714902145
6298	0.04736829250799953
6388	0.09974782286324943
6554	0.03439055767626865
6556	0.042921809424878325
6614	0.07703537877899629
6660	0.054498109800664406
6692	0.07096974921511365
6696	0.04686515079348173
6708	0.02560027166536869
6763	0.11238642296917317
6799	0.1886612115034427
6827	0.044357484768424466
7001	0.05158711604625385
7112	0.0724796828822952
7133	0.03142944845799456
7403	0.11312196315917757
7470	0.11657322177325652
7576	0.11657322177325652
7584	0.04420970295100047
7591	0.06560475187230544
7651	0.04876805228089784
7811	0.04486986067981459
7862	0.0381775988393357
8089	0.026418002140460018
8370	0.16635291366589688
8386	0.03389030804925965
8439	0.11312196315917757
8505	0.018278822412046928
8671	0.07909479097682076
8805	0.0535716828525594
8877	0.09176993526441903
8879	0.03572887152640304
8924	0.10513641632880275
9004	0.0946135689699688
9186	0.04823283482443039
9276	0.052279577052635036
9381	0.10130115552228036
9641	0.09197654059710018
9652	0.03784259711715881
9728	0.0695552453757942
9891	0.009077903183008317
9995	0.13209199976640457
9998	0.027387416297669744
10121	0.04196894800357712
10131	0.03909624520139426
10137	0.047031611516063644
10167	0.04788300170613885
10209	0.07866383926141703
10520	0.07584433069570742
10757	0.09076603693044456
10784	0.09605851314579443
10873	0.04176302464002539
11175	0.031181140581362697
11184	0.052279577052635036
11205	0.07645776260395215
11258	0.0805397351526464
11457	0.08374360048655398
11481	0.04987847145343111
11516	0.03513179976799215
11535	0.046699918574510724
11592	0.05346286942331294
11636	0.03069263689551368
11744	0.06656562917973347
11775	0.05439081047696353
11876	0.013997290617805917
12055	0.04774489984276978
12451	0.05858008234935865
12476	0.061569698545419396
12516	0.0733108790096196
12624	0.12550822805052944
12707	0.13209199976640457
12721	0.07300650398987318
12739	0.05480606286346059
12829	0.014266344582526775
12838	0.06221869656765876
12850	0.05545097122196562
