192
t_index	tf-idf
222	0.09163940348746251
240	0.0414801468837995
551	0.056735417040183034
604	0.03374561407943718
716	0.04704272736788664
717	0.05169250621279009
801	0.06140331163490908
847	0.04535444935188162
865	0.037170299373485066
1031	0.13952084042987575
1042	0.06264447262529567
1081	0.05308898215624395
1116	0.029158522802710668
1173	0.05585373931386662
1387	0.050096250456196444
1478	0.07425330789774011
1587	0.05136085163106439
1741	0.09881153443737725
1774	0.052376193347599534
1985	0.08041196585350378
1989	0.052376193347599534
1995	0.06703855170835378
2025	0.05865156264033107
2057	0.036162830035710344
2063	0.11170747862773324
2087	0.10158216337242292
2088	0.07077576193147303
2109	0.032212045891020474
2130	0.05136085163106439
2436	0.0480898188741731
2437	0.10143323602112309
2440	0.03568959185728756
2451	0.050096250456196444
2506	0.024080756584843127
2537	0.1558020931259898
2553	0.07185665366936915
2560	0.06201239726963028
2629	0.05585373931386662
2773	0.07705113122420457
2778	0.03910778273811711
2872	0.044031550722056244
2899	0.06469781742868837
2909	0.048991044159498384
2913	0.10691417017099131
2918	0.08695490025409622
3202	0.052030861338345134
3320	0.05766610141178984
3329	0.09025622225324265
3359	0.03745417072999312
3438	0.038794726724741414
3624	0.053457085085495654
3672	0.05071661801056154
3709	0.07077576193147303
3840	0.04512658176773861
3869	0.044461010382751756
3900	0.06292091946525075
3916	0.07705113122420457
3946	0.03818564109002022
3949	0.08720269916493283
4176	0.06622141359592447
4220	0.06469781742868837
4277	0.06976042021493788
4322	0.08041196585350378
4393	0.06880313058105934
4417	0.04111996076352435
4429	0.04755809138658416
4457	0.015155941194788771
4472	0.02628037313963733
4587	0.018308049180848152
4620	0.023510826046595747
4640	0.02563198213818275
4708	0.02710853330516472
4742	0.07185665366936915
4845	0.05585373931386662
4856	0.08848980808284437
5116	0.22341495725546648
5225	0.09025622225324265
5278	0.06976042021493788
5381	0.05719429530861491
5548	0.02202245748202722
5769	0.02202245748202722
5855	0.0822399215270487
5885	0.0414801468837995
5934	0.026878579911307585
5946	0.03689115942715837
5992	0.06880313058105934
6042	0.20414254941140497
6043	0.12280662326981816
6238	0.25594011448017584
6315	0.04755809138658416
6391	0.03252905237241261
6408	0.07425330789774011
6547	0.04300374305103559
6556	0.032107696587235564
6574	0.06024781839692472
6603	0.0862912779788016
6630	0.04654274967004901
6744	0.040422026065900715
6804	0.06201239726963028
6827	0.03318165476714483
6842	0.04920676661970466
6909	0.021852425472584085
6947	0.07323319150442295
6959	0.02308057829992601
7001	0.019294893342306073
7095	0.10560226774880632
7167	0.06469781742868837
7327	0.022661107129858707
7366	0.031000818794354137
7531	0.03444843086690097
7551	0.09459685425946399
7651	0.07296196720345734
7700	0.031900928416807556
7726	0.07974511948974422
7764	0.059698654146617534
7779	0.04300374305103559
7808	0.06795324952745208
7811	0.016782469004952744
7926	0.04605726613934541
8021	0.0760735378359637
8037	0.01322958090227845
8089	0.00988100465162571
8112	0.0882668292845324
8144	0.052728796035968785
8171	0.4178905790263227
8176	0.05040356199718585
8371	0.09672430045069508
8388	0.02907151996249411
8390	0.04836215022534754
8505	0.013673488882269502
8532	0.06544229595176013
8724	0.026134101388235825
8729	0.054218489339243
8777	0.02563198213818275
8805	0.04007434359700141
8877	0.01144142988060344
8879	0.026727013183865115
8894	0.05916692665902859
8950	0.05916692665902859
8965	0.03942680208040681
9111	0.056735417040183034
9186	0.036080613721457766
9212	0.052728796035968785
9267	0.052728796035968785
9280	0.039917022708887175
9416	0.0480898188741731
9443	0.020087846599878525
9501	0.08462098217979795
9539	0.03061579013442683
9549	0.04920676661970466
9704	0.0414801468837995
9820	0.11457263513605258
9826	0.04868084168339058
9890	0.0939934324763619
9891	0.02037219993428718
9986	0.05849195993582415
10128	0.020343546361723877
10148	0.05815158494249344
10228	0.04960950364706597
10452	0.01948963982820827
10558	0.027737640471353495
10853	0.03568959185728756
10873	0.020827244419165572
10890	0.03340496486318913
10920	0.03481121781163636
10948	0.018081415017855172
10982	0.04654274967004901
11016	0.030426545080456002
11081	0.06264447262529567
11092	0.06264447262529567
11135	0.056735417040183034
11175	0.09330031650064058
11180	0.15712858004279856
11400	0.04535444935188162
11519	0.03421086647128682
11535	0.03493391439760458
11541	0.03910778273811711
11577	0.03958861985206792
11660	0.02710853330516472
11711	0.04535444935188162
11871	0.08238459720391746
12045	0.06330134148523453
12098	0.06880313058105934
12183	0.04129908556274404
12193	0.04237810253638885
12202	0.05542971643590934
12371	0.0779010465629949
12434	0.05974262322271014
12504	0.03848741518375201
12581	0.024804751823532985
12590	0.03621300973960653
12766	0.01333098187244461
