266
t_index	tf-idf
16	0.023057706525506663
17	0.06668786289103291
189	0.02471848452532223
211	0.04910111768041057
268	0.08526084121057988
383	0.07287079716986013
451	0.08526084121057988
557	0.033199310204053395
572	0.07287079716986013
631	0.029785073304249093
638	0.03777787415151721
660	0.03035570469064356
682	0.0797781593808074
721	0.1145629853691427
738	0.044919172691566964
758	0.07827612640244053
764	0.09887393810128892
775	0.04173534013937336
863	0.030010444474268875
866	0.044752677685209616
953	0.1714281651777881
983	0.038471605391099506
1025	0.0797781593808074
1028	0.06492277105615143
1107	0.05555006456126792
1116	0.023541920411506392
1123	0.0730190803469199
1165	0.05412538418009312
1175	0.09235471613276884
1211	0.03949726098962836
1246	0.05481896991041636
1269	0.0495756210042839
1273	0.025347526184744423
1301	0.04282580707921514
1420	0.04750973804016594
1452	0.06651542822081287
1627	0.0425720166989369
1634	0.0797781593808074
1638	0.03949726098962836
1721	0.0797781593808074
1781	0.06220931050485624
1894	0.033490116190152894
1995	0.05412538418009312
1996	0.09708790093346957
2018	0.043463897515089236
2057	0.01459851845574945
2069	0.062084017860138854
2124	0.07588813471569637
2223	0.0516600398961569
2241	0.04094743045880282
2260	0.05555006456126792
2328	0.05555006456126792
2349	0.023125827360660777
2373	0.044092939174511424
2465	0.0704054528859239
2493	0.3578105119167995
2515	0.052235529179919894
2585	0.08526084121057988
2635	0.035211994406839475
2643	0.05346564566939493
2778	0.03157472396391932
2997	0.07588813471569637
3016	0.06289551259395729
3077	0.03035570469064356
3093	0.0339383989179104
3166	0.051108046634256867
3238	0.027431945076617417
3244	0.0797781593808074
3294	0.02375486902008297
3319	0.05346564566939493
3659	0.0402029145094004
3732	0.08526084121057988
3822	0.050577705830433986
3881	0.06118175018175376
3890	0.051108046634256867
3900	0.01693363421611139
3927	0.08526084121057988
3959	0.042287333401273386
4085	0.06220931050485624
4130	0.01684750680913569
4134	0.03440205430122609
4155	0.042287333401273386
4198	0.0704054528859239
4239	0.0797781593808074
4304	0.024265192119021513
4309	0.056322958185681345
4330	0.035896796793443764
4349	0.05412538418009312
4358	0.030010444474268875
4421	0.03861025734473895
4426	0.022989927149606355
4453	0.0704054528859239
4510	0.09390050338159568
4560	0.07588813471569637
4587	0.04434449299318457
4620	0.11389259998032704
4709	0.17605997203419735
4717	0.03472023267962792
4737	0.03472023267962792
4744	0.03661813886025924
4836	0.06314944792783864
4842	0.07287079716986013
4859	0.021041408468787787
4894	0.05283660400997273
4920	0.025267276945171595
4949	0.05897881280154355
4970	0.09009901012243177
4971	0.1408109057718478
4985	0.02830463219589219
5041	0.03263581378775494
5109	0.035211994406839475
5139	0.04146756986102537
5195	0.029453906780405426
5216	0.025509467727256128
5231	0.07287079716986013
5252	0.03409119102020573
5257	0.052235529179919894
5425	0.03926999585543715
5484	0.049777103916967984
5508	0.03949726098962836
5548	0.05334127638929686
5578	0.035722317505778006
5753	0.05006738273149545
5823	0.05714272172592938
5934	0.02170114697948598
6019	0.025839287911955968
6078	0.056322958185681345
6109	0.11428544345185876
6155	0.031832292840666986
6168	0.02820483870103084
6195	0.05412538418009312
6307	0.052235529179919894
6388	0.04016240057104385
6391	0.02626320843461487
6517	0.040694676236611944
6554	0.020770488722588052
6583	0.0704054528859239
6609	0.03926999585543715
6614	0.02326310729287143
6625	0.059917768811310314
6660	0.03291462690638989
6696	0.05660926439178438
6702	0.0425720166989369
6708	0.015461515888346688
6717	0.06220931050485624
6720	0.06651542822081287
6798	0.020694672620046286
6799	0.03798121568531676
6828	0.08551936859701166
6985	0.02226595119182781
7001	0.015578252934364928
7141	0.07287079716986013
7213	0.03949726098962836
7377	0.030472778644316637
7418	0.0402029145094004
7472	0.06190296397196845
7504	0.08526084121057988
7531	0.08343861140604192
7559	0.06103274639104039
7726	0.016096093661328248
7811	0.054199117327910926
7921	0.0589483274991674
7975	0.027245432365375737
8036	0.044566164973967926
8060	0.019599178497635112
8089	0.023933087420259028
8212	0.02471848452532223
8226	0.14574159433972025
8292	0.035722317505778006
8308	0.08526084121057988
8370	0.033490116190152894
8532	0.05283660400997273
8589	0.0772205146894779
8622	0.06220931050485624
8647	0.07287079716986013
8653	0.08771265254956634
8657	0.07287079716986013
8672	0.0495756210042839
8702	0.17052168242115975
8758	0.0797781593808074
8877	0.07390037786631834
8879	0.021578775491100724
8929	0.038397308736162365
9179	0.05714272172592938
9186	0.058261314702122056
9261	0.025267276945171595
9328	0.056322958185681345
9364	0.03926999585543715
9451	0.0495756210042839
9467	0.06220931050485624
9495	0.013549779331977731
9595	0.04120499933555049
9641	0.05555006456126792
9722	0.042287333401273386
9764	0.04695025169079784
9826	0.01965189574639536
9891	0.05482681829772475
9922	0.06492277105615143
9986	0.09445012525766094
9998	0.016540878072009605
10090	0.05555006456126792
10120	0.03440205430122609
10131	0.023612531314415236
10166	0.03926999585543715
10179	0.03291462690638989
10180	0.052235529179919894
10181	0.03996358158576038
10211	0.022722156871258368
10216	0.044752677685209616
10255	0.04864270235032064
10328	0.0797781593808074
10375	0.0236835128799296
10403	0.026177354449818765
10419	0.05681033531326742
10430	0.05412538418009312
10474	0.08950535537041923
10532	0.0495756210042839
10535	0.09639863954034486
10660	0.030710012048166726
10696	0.029345296098653606
10722	0.028506456199003886
10723	0.05412538418009312
10727	0.0308302080145169
10747	0.03625265830960089
10783	0.04695025169079784
10801	0.08526084121057988
10831	0.03699377293659074
10873	0.016815437936430904
10948	0.0291970369114989
10974	0.03777787415151721
10976	0.02464187266497238
11039	0.051108046634256867
11305	0.01565664131145909
11374	0.07323627772051848
11401	0.025108193261104403
11445	0.0683210339940509
11465	0.03249853385554428
11544	0.031949639379721846
11592	0.05381564017693485
11623	0.01676192451598166
11636	0.018537095981571335
11660	0.021886806058759957
11687	0.08526084121057988
11714	0.050577705830433986
11735	0.0683210339940509
11857	0.0483821980351673
12000	0.08526084121057988
12055	0.028835964600529354
12164	0.04819931977017243
12397	0.0704054528859239
12467	0.03236263364448986
12476	0.03718557696356415
12488	0.018059238581733913
12498	0.05801540884520415
12516	0.06641515383580426
12566	0.014275269026405048
12581	0.02002678589748365
12624	0.07580183083551478
12659	0.027431945076617417
12670	0.043463897515089236
12685	0.04509502400066151
12737	0.03334393144551646
12766	0.01076312803538697
12829	0.017232575990961826
12839	0.025509467727256128
12850	0.06698023238030579
