52
t_index	tf-idf
661	0.15871349083007538
764	0.08699755802293263
875	0.12219905528679559
918	0.08514140655608447
1009	0.19293725352188337
1116	0.08285660008295313
1420	0.08360608004850545
1471	0.11157943182445307
1999	0.11838974324800679
2322	0.1638634829119502
2493	0.3314016910343909
3318	0.08566438977754624
3721	0.1818192904880093
4099	0.19293725352188337
4417	0.11684611622689371
4587	0.05202399036262404
4620	0.13361631002662228
4949	0.10378898195740179
5484	0.05839741080935756
5548	0.06257882008558191
5594	0.10482959181211914
5970	0.06490079250689404
6019	0.09094226416222202
6323	0.12823129497810531
6614	0.08187530770472698
6625	0.07029421731507063
6763	0.11944736442242934
7152	0.26709090504385846
7584	0.2819236893504817
7811	0.0476889152498033
8036	0.10456810217499425
8089	0.02807777528295918
8212	0.08699755802293263
8370	0.23573923583081
8397	0.15518661875514764
8646	0.21894781189634085
8672	0.1744831063742927
8877	0.06502373157985772
8879	0.07594724389060821
8913	0.20111577810715436
9272	0.1275924800949722
9998	0.05821619033099485
10131	0.0831051175888128
10419	0.09997296633730042
10948	0.10275997746559745
11205	0.16252280286886422
11623	0.11798834181450467
12188	0.06036488629007101
12516	0.07791680747408952
12525	0.10724999445306246
12624	0.17785810370916488
12850	0.117869617915405
