170
t_index	tf-idf
15	0.01940946055498819
34	0.0307855168234132
43	0.05889143637583281
68	0.055362795556301726
82	0.032247455218311176
89	0.07734009691545808
149	0.07236675700876001
174	0.055362795556301726
177	0.044970038750210675
181	0.03810592276365069
185	0.03464002256905656
189	0.02242213379140867
307	0.044539616852725145
320	0.026138041842827416
355	0.023901728394093363
393	0.024883513470916233
639	0.027119826919650283
792	0.06386477628253087
880	0.03011508955636755
983	0.0174487938847106
1022	0.05971370675522861
1171	0.027119826919650283
1211	0.07165591963345405
1301	0.012949094500130308
1475	0.027535655400266854
1664	0.11519821801007156
1691	0.045879029753249714
1944	0.02277563853011695
2051	0.07734009691545808
2057	0.013242314011436987
2167	0.04569515741909517
2275	0.6197400020266897
2277	0.024798628942302836
2353	0.03373103156601751
2420	0.05889143637583281
2430	0.019740987910422305
2440	0.026138041842827416
2464	0.021613108830138405
2493	0.08541312220641233
2643	0.193994718278967
2701	0.04636010182084262
2793	0.045879029753249714
2822	0.0267176346443642
2907	0.041887474923374524
2914	0.040292273758653976
2918	0.08491106054556372
3157	0.04295473606339803
3164	0.035621807645879425
3167	0.010192767069762817
3193	0.10069723441579478
3197	0.13767623237845789
3214	0.0449840487636487
3433	0.04258230849222238
3587	0.04090568984655164
3741	0.07999339768702521
3809	0.021548038303887324
3869	0.06512395851461394
4130	0.01528237102639223
4148	0.025950774610939743
4182	0.06677098839429076
4200	0.021613108830138405
4353	0.10126791140092381
4457	0.033299340606154644
4575	0.06197400020266895
4859	0.019086658624379766
4895	0.016509971252621856
4949	0.013374918172470536
4953	0.12367289720922671
4990	0.04165606963249521
5127	0.06610108973126493
5302	0.15468019383091616
5362	0.023288312306195692
5369	0.01532137190323028
5556	0.02661911391042031
5565	0.3093603876618323
5787	0.05889143637583281
5842	0.023139634541195737
5856	0.05889143637583281
5864	0.039996698843512604
5868	0.08744319219364496
5945	0.05262576909833771
6078	0.051090547346199035
6187	0.03942609524386696
6213	0.10449057985293711
6218	0.04636010182084262
6227	0.07083812621080006
6315	0.034830193284312375
6348	0.02281638567597804
6580	0.025766323534599164
6587	0.033216308543349525
6609	0.035621807645879425
6629	0.05438101047947886
6668	0.032403709120322505
6696	0.025675127832483283
6726	0.04733617540538005
6732	0.031349559435776726
6947	0.026816953125726763
6952	0.03810592276365069
7049	0.06386477628253087
7082	0.04849867956974175
7133	0.01721866020274687
7161	0.07734009691545808
7168	0.05262576909833771
7632	0.03714340833561724
7700	0.023363332512117148
7757	0.027535655400266854
7930	0.05643005669632524
7944	0.03355704616047523
8023	0.03256197925730697
8058	0.053472019476439814
8089	0.014473133459531462
8131	0.02585820235695311
8167	0.02103953997834935
8277	0.051090547346199035
8278	0.044970038750210675
8341	0.10218109469239807
8370	0.030378879624928825
8385	0.051090547346199035
8505	0.020028148597009944
8539	0.08357114266139949
8565	0.051090547346199035
8709	0.021483311159319927
8825	0.09372162966014518
8877	0.02513813333787873
8917	0.04993797906823375
8938	0.02923409194417391
8985	0.044970038750210675
8990	0.04258856661996989
9000	0.0260440508431991
9068	0.04348858947533226
9301	0.05889143637583281
9306	0.0260440508431991
9416	0.07043923074118669
9467	0.05643005669632524
9498	0.06883811618922894
9593	0.04636010182084262
9656	0.05889143637583281
9747	0.053472019476439814
9826	0.017826231831854087
9891	0.03978671925358456
9986	0.04283784758270843
10026	0.03194079510997838
10178	0.025055065434246092
10179	0.17914112026568585
10217	0.01877213458538396
10228	0.01816629463449767
10392	0.07734009691545808
10452	0.014273657803887809
10518	0.05438101047947886
10837	0.06033613546299979
11180	0.03835883410384344
11441	0.15468019383091616
11459	0.04909712827880664
11536	0.028526255256794614
11544	0.028981513329650363
11592	0.00976323190753387
11599	0.06610108973126493
11715	0.047382841077387106
11777	0.031641615267424886
11857	0.021943742472472817
11889	0.02327493231385963
12149	0.07734009691545808
12434	0.04375379779739935
12638	0.026138041842827416
12649	0.051901549221879485
12690	0.03256197925730697
12699	0.025055065434246092
12766	0.02928969572260161
12792	0.039996698843512604
12829	0.007815833613183977
