352
t_index	tf-idf
15	0.03223651154292998
67	0.028011360371203286
102	0.02652468901276494
117	0.02677934967409604
160	0.05303541517771203
166	0.032287947930295144
167	0.045975090161404004
169	0.04027490200816129
170	0.05146525240191299
171	0.04129434169714287
175	0.08369012956792066
176	0.029247529425538366
178	0.032287947930295144
181	0.06328882843210845
182	0.0245840891997462
183	0.033711548524446
185	0.028766216460038713
189	0.05586023676980336
190	0.018620078923267783
211	0.03698716583912361
304	0.02958152314700233
338	0.034234016680834846
342	0.03664184816331035
344	0.04184506478396033
361	0.03809945845813236
364	0.04077187354075403
367	0.04370217317961838
385	0.03536694942015449
393	0.020664089735036247
400	0.05010511553884769
445	0.04890538980026836
452	0.04370217317961838
497	0.025796815445371903
604	0.020523592391845362
625	0.05303541517771203
634	0.025338945288581625
732	0.04890538980026836
810	0.05716544055515571
865	0.02260643625060374
871	0.019277461580346503
872	0.03377231198623808
956	0.04440492738560497
983	0.014490053545824104
1090	0.04890538980026836
1100	0.04279440861783805
1105	0.02117167710588859
1107	0.04184506478396033
1122	0.046814973915580364
1168	0.04686137898849989
1171	0.022521198130694302
1211	0.029752718704351828
1265	0.02958152314700233
1378	0.028011360371203286
1380	0.05303541517771203
1387	0.03046781197409821
1420	0.017894201220657872
1601	0.04783219855706206
1613	0.05716544055515571
1737	0.029291132854845317
1764	0.09196414317062586
1822	0.05716544055515571
1860	0.0334600321433955
1880	0.05146525240191299
1905	0.027445331652823625
1966	0.05146525240191299
2012	0.03251182278586667
2076	0.0595463491442179
2111	0.07397433167824723
2119	0.054892523573370086
2121	0.024378306526352353
2163	0.04686137898849989
2167	0.018973382405752807
2294	0.10576941495790414
2346	0.05146525240191299
2353	0.028011360371203286
2411	0.07699791311793681
2425	0.15031534661654306
2430	0.016393567014401682
2440	0.04341178288746137
2455	0.033969433080688685
2493	0.08511584622738246
2546	0.04890538980026836
2634	0.025451497769558643
2636	0.045975090161404004
2643	0.12082470602448386
2645	0.027040540802641115
2664	0.023881334993759613
2681	0.07869654589320633
2707	0.03103913344182434
2712	0.029247529425538366
2737	0.02815792255285146
2762	0.021550378562132128
2771	0.05146525240191299
2772	0.16517736678857148
2792	0.04783219855706206
2813	0.018222807004472756
2822	0.11093602204615169
2898	0.02652468901276494
2907	0.0347847397676523
2913	0.03251182278586667
2918	0.017628235826317357
2972	0.054892523573370086
2992	0.023784785494688744
3051	0.05716544055515571
3167	0.008464409723493356
3181	0.019215915194374954
3182	0.030654714390208622
3187	0.04896135640199294
3193	0.016724460478380717
3207	0.02665122350813798
3214	0.018678118373109634
3241	0.022352832381916436
3242	0.01984878304807263
3294	0.017894201220657872
3318	0.018334741052743353
3377	0.045975090161404004
3386	0.19562155920107344
3476	0.024077223644143286
3498	0.054892523573370086
3586	0.037715039406516646
3587	0.033969433080688685
3596	0.04890538980026836
3735	0.030845110510996768
3741	0.03321457699185326
3808	0.018278620272273595
3881	0.023043666287083136
3988	0.032068887962966475
4083	0.02591457277872998
4124	0.1591062455331361
4127	0.04370217317961838
4155	0.03185444012878795
4219	0.016163627320372864
4236	0.03536694942015449
4292	0.036307854441846386
4298	0.016628817560761046
4344	0.023315306275379942
4353	0.02102405284239929
4419	0.0334600321433955
4443	0.04515978347444039
4457	0.009217623323268042
4472	0.06393336508310045
4501	0.027583917408153392
4587	0.011134689621978059
4620	0.057195771804898196
4627	0.04440492738560497
4640	0.031177998560688668
4644	0.014111352089580566
4663	0.034234016680834846
4732	0.10607083035542406
4859	0.015850190408889412
4895	0.013710424288989484
4909	0.06009574019402006
4919	0.04515978347444039
4968	0.0273086061652167
4987	0.026909108064380655
4990	0.02306171545806509
5009	0.09031956694888078
5109	0.02652468901276494
5128	0.19928746195111954
5290	0.17149632166546713
5329	0.027445331652823625
5336	0.09566439711412413
5359	0.05303541517771203
5360	0.054892523573370086
5362	0.019339382110779443
5381	0.0347847397676523
5418	0.034234016680834846
5484	0.024997584366634722
5548	0.02678747761198898
5594	0.02243666738922801
5673	0.06502364557173335
5703	0.039801053972191865
5720	0.04370217317961838
5727	0.033711548524446
5767	0.05010511553884769
5848	0.06009574019402006
5887	0.04440492738560497
5934	0.01634716194148216
5935	0.04129434169714287
5970	0.013890710338587235
6019	0.019464363996456912
6168	0.021246299387538435
6173	0.0226923936880438
6205	0.037715039406516646
6213	0.028924140489923606
6227	0.02941315739822446
6298	0.021550378562132128
6340	0.05146525240191299
6342	0.03598446550623164
6348	0.009473739341284542
6472	0.04890538980026836
6517	0.030654714390208622
6530	0.03809945845813236
6547	0.026154251975545235
6559	0.017628235826317357
6587	0.027583917408153392
6603	0.026240551024488617
6614	0.01752376418343817
6625	0.0300901290565174
6682	0.03664184816331035
6692	0.06457589586059029
6717	0.04686137898849989
6721	0.05010511553884769
6744	0.0245840891997462
6768	0.04242727443646251
6771	0.03934827294660317
6779	0.03143863154266038
6896	0.21957009429348034
7030	0.03891476514509598
7033	0.02958152314700233
7052	0.04783219855706206
7112	0.03297489779503801
7133	0.014298942951224549
7136	0.036307854441846386
7153	0.09031956694888078
7179	0.02511750404809468
7205	0.054892523573370086
7206	0.01701689862783526
7264	0.04370217317961838
7340	0.035361752464608036
7396	0.04890538980026836
7429	0.05146525240191299
7453	0.04515978347444039
7459	0.05303541517771203
7483	0.022866515806507556
7501	0.02837194874246082
7574	0.016676526762212925
7671	0.02652468901276494
7726	0.036374867644884706
7737	0.054892523573370086
7805	0.029247529425538366
7811	0.020413707830334638
7826	0.029752718704351828
8010	0.029247529425538366
8035	0.0217845474012863
8036	0.022380700787503417
8060	0.014763779311928566
8089	0.006009483526200402
8131	0.0429470070225682
8282	0.04515978347444039
8370	0.050455245827974234
8390	0.05882631479644892
8430	0.04890538980026836
8454	0.032068887962966475
8457	0.04370217317961838
8504	0.022024226598101555
8505	0.008316017356611959
8528	0.10293050480382598
8539	0.023133410443734098
8559	0.037715039406516646
8671	0.1799223275311582
8719	0.016676526762212925
8721	0.04370217317961838
8722	0.02490077468274119
8776	0.04077187354075403
8877	0.02087553446471181
8895	0.03734460236929694
8913	0.043044790522539664
8917	0.16588057500134812
8930	0.05303541517771203
8931	0.03567102859474819
8938	0.024276953492229914
8964	0.08054980401632258
8974	0.04077187354075403
8991	0.029247529425538366
9000	0.043255676439481236
9145	0.0732836963266207
9154	0.07699791311793681
9306	0.021627838219740618
9381	0.06913099886124942
9386	0.03567102859474819
9421	0.023881334993759613
9443	0.012217136564038477
9458	0.02652468901276494
9469	0.05303541517771203
9525	0.026033707422060834
9553	0.020454063822302516
9612	0.16467757072011027
9629	0.03507168538751132
9662	0.07014337077502264
9701	0.06056855470597784
9713	0.02717369166452682
9716	0.054892523573370086
9728	0.031644414216054226
9735	0.05916304629400466
9765	0.1434965956711862
9809	0.04686137898849989
9826	0.014803490457307555
9891	0.00826005075488736
9938	0.027445331652823625
9986	0.01778698027389736
10120	0.02591457277872998
10121	0.01909392695923721
10167	0.0217845474012863
10179	0.19835292089983947
10209	0.12525940854460513
10211	0.017116274010094752
10217	0.015588999280344334
10224	0.04147014375033703
10235	0.04783219855706206
10236	0.043044790522539664
10325	0.039801053972191865
10442	0.03185444012878795
10451	0.05716544055515571
10452	0.011853315893331431
10460	0.030845110510996768
10486	0.045975090161404004
10715	0.04027490200816129
10747	0.0273086061652167
10817	0.05716544055515571
10873	0.012666827579372928
10982	0.028306624403846462
11125	0.05010511553884769
11127	0.024688560842625384
11175	0.02837194874246082
11205	0.0695694795353046
11249	0.04184506478396033
11251	0.03809945845813236
11264	0.054892523573370086
11305	0.011793922746113931
11364	0.03321457699185326
11387	0.04242727443646251
11401	0.018913640909639456
11437	0.06583111578799627
11445	0.05146525240191299
11457	0.07619891691626472
11465	0.02448067820099647
11592	0.03243083827001388
11711	0.027583917408153392
11712	0.045975090161404004
11777	0.05255248042136597
11779	0.04686137898849989
11876	0.03820871249774804
11889	0.019328270924145387
11964	0.054892523573370086
12058	0.05716544055515571
12066	0.04370217317961838
12087	0.054892523573370086
12111	0.054892523573370086
12193	0.025773746500783155
12516	0.016676526762212925
12551	0.02717369166452682
12626	0.04077187354075403
12659	0.041328179470072494
12670	0.03274072895588384
12742	0.020806552139656608
12763	0.037715039406516646
12766	0.01621541913500694
12791	0.04890538980026836
12807	0.03664184816331035
12829	0.09735788757828467
12850	0.050455245827974234
