410
t_index	tf-idf
15	0.01373037875668867
68	0.03916400200116771
102	0.02259512640278319
117	0.022812059759846237
156	0.10693748692071957
161	0.03351893025142898
166	0.02750457373582802
167	0.03916400200116771
169	0.03430828166528805
171	0.03517669405728509
175	0.07129165794714637
178	0.02750457373582802
181	0.02695637784140194
182	0.04188404265160196
183	0.028717271662519486
185	0.024504577479931903
189	0.01586156341733404
277	0.016908238271777235
304	0.025199098634924966
307	0.031507614924853954
320	0.018490220964330943
367	0.03722781166612689
385	0.030127429288413343
445	0.041660185489174155
573	0.05471088805996415
616	0.03038645993654242
632	0.018098716257211416
634	0.02158504747909306
635	0.03473162817812045
665	0.028503016768919337
731	0.02227956863408612
742	0.0229225947873782
758	0.01674295932562342
760	0.045178358516768664
792	0.09035671703353733
847	0.04699486581887645
864	0.028717271662519486
865	0.01925735243693272
872	0.03596129147244874
901	0.018557224249551207
902	0.019596091927769115
908	0.026440767814972718
932	0.028936951302979165
957	0.054635933847986484
977	0.016421556570299676
984	0.026440767814972718
1001	0.03916400200116771
1022	0.021120932454364815
1075	0.015335530708187094
1090	0.041660185489174155
1091	0.042682175028762225
1095	0.031507614924853954
1105	0.01803514906946679
1107	0.035645828973573185
1157	0.01488350755296948
1171	0.019184742119324003
1240	0.012610392450757405
1301	0.01832054750200155
1378	0.07158465397991948
1471	0.020343378299045308
1596	0.023986400708233498
1664	0.04074598469372141
1683	0.041660185489174155
1737	0.012475864448729976
1880	0.04384081120848353
1905	0.04675875653534862
1966	0.04384081120848353
1999	0.06475514243727919
2012	0.02769528212293141
2025	0.03038645993654242
2069	0.013279530216650758
2076	0.03381647654355447
2111	0.031507614924853954
2121	0.020766724811877704
2130	0.026609256260818823
2163	0.0399189894797379
2167	0.03232505184434121
2261	0.02579774166168064
2275	0.1315224336254506
2294	0.0600666370206301
2346	0.04384081120848353
2349	0.029679147755491936
2411	0.03279543784307964
2425	0.08536435005752445
2436	0.024914585201022594
2455	0.028936951302979165
2464	0.015289253892791317
2471	0.030653461997560298
2493	0.16918103638254636
2506	0.012475864448729976
2515	0.03351893025142898
2546	0.041660185489174155
2555	0.042682175028762225
2636	0.03916400200116771
2640	0.019629807998488638
2643	0.10292484499586414
2681	0.03351893025142898
2689	0.02026113235321794
2712	0.024914585201022594
2737	0.047972801416466995
2771	0.04384081120848353
2772	0.03517669405728509
2792	0.04074598469372141
2814	0.02987590784224079
2822	0.15120182948337305
2833	0.023497432909438225
2898	0.02259512640278319
2907	0.02963147245797222
2918	0.015016659255157525
2990	0.028936951302979165
2992	0.04052226470643588
3077	0.01947890189365202
3164	0.025199098634924966
3167	0.01442085956485588
3181	0.016369128118829714
3187	0.10426965196673464
3193	0.014246775837616975
3197	0.04869653154436319
3212	0.02042641129937175
3214	0.015911004475998046
3241	0.019041319311474892
3245	0.04384081120848353
3318	0.01561849759858315
3386	0.12498055646752249
3476	0.02051024656333145
3522	0.02314798102608316
3586	0.03212765594597867
3741	0.05658785029937417
3869	0.02303455611265631
3871	0.015382055657827111
3981	0.023790076870100423
3993	0.032455124330573674
4017	0.05119271503236963
4023	0.024113072772812383
4025	0.045178358516768664
4063	0.03916400200116771
4083	0.022075397277145723
4124	0.045178358516768664
4127	0.03722781166612689
4135	0.02750457373582802
4155	0.08140586690989735
4182	0.04723423188474252
4236	0.030127429288413343
4260	0.015335530708187094
4276	0.01947890189365202
4292	0.030928941716623557
4296	0.04384081120848353
4342	0.039259615996977276
4353	0.0716375798026047
4368	0.03782645469288256
4410	0.05119271503236963
4417	0.04260722081678456
4426	0.029504736592553482
4429	0.04927821096391866
4443	0.03846948084617464
4457	0.007852056777074852
4501	0.023497432909438225
4553	0.02750457373582802
4620	0.13398651557384209
4627	0.03782645469288256
4644	0.012020792553865829
4663	0.02916233754168412
4673	0.09594560283293399
4684	0.028503016768919337
4708	0.01404450834954197
4734	0.02337937826767431
4836	0.02026113235321794
4895	0.011679261147846863
4920	0.016213717116784175
4953	0.02916233754168412
4987	0.0229225947873782
4990	0.009822591616234031
4992	0.022812059759846237
4994	0.03666781851316126
5012	0.024241621528718837
5030	0.035645828973573185
5031	0.04869653154436319
5059	0.05119271503236963
5109	0.02259512640278319
5128	0.05658785029937417
5195	0.01890022868542163
5248	0.020766724811877704
5276	0.05119271503236963
5320	0.032455124330573674
5336	0.08149196938744283
5359	0.09035671703353733
5381	0.02963147245797222
5425	0.025199098634924966
5447	0.030928941716623557
5469	0.017724116402472907
5473	0.04074598469372141
5484	0.0106471291379991
5544	0.034765208733507996
5548	0.022818983565210994
5556	0.018830534476836896
5566	0.041660185489174155
5584	0.025055675827075855
5586	0.042682175028762225
5612	0.0465258165997683
5665	0.03038645993654242
5673	0.02769528212293141
5734	0.03846948084617464
5769	0.03422847534781649
5795	0.02678108132747867
5798	0.05427057793993156
5842	0.03273825623765943
5916	0.03121345515052593
5965	0.045178358516768664
5970	0.04733135318175159
6018	0.02337937826767431
6046	0.030127429288413343
6061	0.02579774166168064
6071	0.0256441645140896
6087	0.029393734783275272
6168	0.018098716257211416
6179	0.03846948084617464
6213	0.04927821096391866
6241	0.03722781166612689
6246	0.02051024656333145
6315	0.02463910548195933
6342	0.061306923995120596
6348	0.016140459767149628
6391	0.016852794745630777
6476	0.033149645485566745
6547	0.02227956863408612
6556	0.016634496884347393
6559	0.045049977765472586
6580	0.03645453002623575
6603	0.022353082706894938
6614	0.014927664810200015
6625	0.025632355922471862
6653	0.03846948084617464
6662	0.04676034120932238
6675	0.04869653154436319
6682	0.03121345515052593
6689	0.03473162817812045
6692	0.02750457373582802
6721	0.042682175028762225
6744	0.04188404265160196
6760	0.01396490336624274
6771	0.03351893025142898
6896	0.09352068241864477
6909	0.0226428017003029
6959	0.01195768767703157
6985	0.028575602724725487
7030	0.033149645485566745
7153	0.2308168850770479
7179	0.021396412173428074
7205	0.04676034120932238
7268	0.02750457373582802
7296	0.015960728866057504
7327	0.011740366205446088
7334	0.035645828973573185
7396	0.12498055646752249
7403	0.08768162241696706
7429	0.04384081120848353
7441	0.03212765594597867
7453	0.03846948084617464
7486	0.03038645993654242
7501	0.02416871948322091
7632	0.026275488868818902
7651	0.01890022868542163
7655	0.04074598469372141
7671	0.02259512640278319
7726	0.020657351393768616
7730	0.07035338811457018
7735	0.02678108132747867
7737	0.14028102362796716
7743	0.01350202656946083
7942	0.0399189894797379
7989	0.03782645469288256
8036	0.009532529543195483
8037	0.006854039550992287
8060	0.012576564406665889
8089	0.030715166498184794
8131	0.073169042760814
8167	0.02976701510593896
8277	0.03614178580401431
8286	0.03430828166528805
8370	0.2363923894224976
8386	0.013134307038981063
8390	0.025055675827075855
8397	0.08488177544906125
8430	0.041660185489174155
8457	0.03722781166612689
8487	0.03846948084617464
8504	0.0187613956064916
8505	0.007084021352708755
8539	0.03941251359079743
8559	0.03212765594597867
8670	0.07228357160802862
8671	0.061306923995120596
8721	0.03722781166612689
8732	0.04384081120848353
8777	0.013279530216650758
8825	0.033149645485566745
8877	0.035565758356587915
8917	0.26494838625521144
8931	0.03038645993654242
8933	0.020766724811877704
8991	0.1494875112061356
9000	0.018423731119290663
9109	0.0282497008530079
9145	0.03121345515052593
9154	0.06559087568615928
9178	0.021490217220227054
9235	0.02463910548195933
9306	0.018423731119290663
9327	0.04435376487554314
9381	0.019629807998488638
9426	0.01702019959705535
9443	0.020814400109397425
9469	0.045178358516768664
9476	0.028503016768919337
9503	0.019112734383910684
9509	0.0256441645140896
9519	0.03473162817812045
9525	0.02217688243777157
9549	0.025493258409252983
9580	0.02663243798295815
9612	0.04676034120932238
9629	0.02987590784224079
9652	0.014666030446426741
9662	0.05975181568448158
9701	0.02579774166168064
9713	0.02314798102608316
9716	0.04676034120932238
9722	0.02713528896996578
9728	0.05391275568280388
9735	0.025199098634924966
9747	0.03782645469288256
9764	0.030127429288413343
9765	0.08149196938744283
9891	0.017590865137972592
9938	0.02337937826767431
9986	0.03030377226433147
9991	0.023738472918073874
9997	0.02059489974521786
10006	0.024113072772812383
10120	0.022075397277145723
10121	0.016265212118485157
10167	0.018557224249551207
10178	0.05317234920741873
10179	0.14784652718055372
10209	0.01524322257889708
10222	0.060254858576826685
10228	0.012850955091235192
10235	0.04074598469372141
10357	0.04188404265160196
10419	0.03645453002623575
10452	0.030291835365879476
10477	0.016162525922170604
10520	0.029393734783275272
10572	0.06780926592827387
10687	0.053218512521637645
10716	0.16298393877488565
10750	0.04606911222531262
10831	0.023738472918073874
10835	0.02678108132747867
10923	0.042682175028762225
10976	0.015812402479485524
11016	0.015763518506136415
11070	0.05471088805996415
11125	0.042682175028762225
11205	0.05926294491594444
11249	0.035645828973573185
11251	0.032455124330573674
11264	0.04676034120932238
11266	0.10238543006473926
11364	0.028293925149687087
11374	0.023497432909438225
11435	0.04074598469372141
11437	0.037385606588392524
11457	0.06491024866114735
11459	0.0694632563562409
11465	0.02085393039334693
11516	0.013615451482887678
11592	0.013813147624587305
11655	0.04074598469372141
11663	0.015428831417032532
11699	0.04153344962375541
11712	0.03916400200116771
11713	0.02750457373582802
11777	0.022383484634430677
11780	0.04074598469372141
11857	0.015523146283880376
11876	0.037972891451628334
11889	0.024697257966048047
11964	0.04676034120932238
12193	0.02195543404027193
12332	0.030928941716623557
12370	0.030653461997560298
12480	0.02337937826767431
12489	0.014839573877745968
12561	0.041660185489174155
12565	0.04869653154436319
12581	0.012850955091235192
12584	0.016688558631317556
12612	0.014666030446426741
12626	0.24312139724684315
12649	0.018357746905340488
12659	0.017602759426770295
12670	0.027890276448535974
12680	0.035645828973573185
12721	0.028293925149687087
12742	0.017724116402472907
12748	0.012991474475159201
12763	0.03212765594597867
12807	0.03121345515052593
12829	0.027644857904279823
