231
t_index	tf-idf
3	0.030187275973828552
15	0.01696904274840122
17	0.026443307884456042
56	0.023358335134144967
68	0.04840184207100199
75	0.025040243035195538
102	0.05584953956897618
172	0.04531686932069092
180	0.03576247766868444
181	0.06662946973840378
182	0.07764521170452034
211	0.03893949861358031
355	0.02089648239996087
578	0.0344689175518471
632	0.022367765325497235
690	0.046748799729308184
731	0.027534779576533913
875	0.027534779576533913
957	0.033761614063765835
965	0.04840184207100199
977	0.02029500426570225
984	0.032677504918373367
1022	0.026102849167916647
1034	0.12653567467945112
1093	0.06761586222377626
1095	0.07787899722716062
1123	0.019302523121370634
1166	0.04405381718695128
1301	0.011320960595647632
1378	0.02948991369285226
1381	0.05778997382168212
1596	0.02964421202146482
1974	0.052749866955052696
1999	0.08002931307788655
2157	0.03825248327358393
2167	0.019974874557764876
2294	0.018558725680805393
2389	0.03692291132721404
2471	0.03788387168632914
2493	0.1344129092202191
2626	0.027663206845973273
2640	0.048520009093994544
2645	0.028467850326102585
2702	0.022133787705423284
2762	0.02268789503343461
2772	0.08694804939954308
2792	0.05035697618732034
2801	0.0166868278076901
2822	0.18686668107315973
2891	0.011015741966116542
2892	0.09622808035234423
2896	0.04053108778522619
2898	0.05584953956897618
2990	0.03576247766868444
2992	0.025040243035195538
3093	0.026914748585007305
3187	0.05154573556749137
3195	0.030120892667796394
3207	0.028057983284234988
3294	0.0188387298084325
3318	0.019302523121370634
3374	0.09866982564114132
3433	0.018614144661130934
4099	0.04347402469977154
4130	0.013360866290389064
4260	0.018952811191015204
4276	0.02407350334485674
4292	0.07644866080573706
4353	0.022133787705423284
4367	0.05778997382168212
4368	0.09349759945861637
4419	0.03522618848184161
4426	0.018232094882140847
4431	0.0689378351036942
4454	0.07510778060431635
4457	0.009704166904219498
4620	0.09032219526848698
4644	0.014856206542506632
4673	0.11857684808585928
4709	0.02792476978448809
4744	0.02903990855486842
4895	0.014434116144903131
4949	0.023386488004860366
4987	0.028329480034322653
4990	0.012139503213250075
5024	0.03331473486920189
5030	0.04405381718695128
5041	0.02588173723484011
5108	0.12653567467945112
5128	0.17483888605447848
5155	0.037233760594220795
5329	0.028894007680738253
5425	0.06228591206909214
5469	0.021904806432574774
5484	0.02631705835535555
5521	0.05148681482131308
5544	0.014321826649504156
5548	0.014100714716427619
5566	0.10297362964262616
5584	0.03096570325801202
5600	0.040110502552735135
5612	0.05750013053362742
5740	0.03114295603454607
5769	0.014100714716427619
5792	0.02588173723484011
5868	0.07644866080573706
5946	0.02362096578300328
5970	0.05849567369651478
5978	0.02221121438710304
6071	0.03169300218135906
6144	0.032677504918373367
6155	0.025244507284011578
6213	0.03045087405196735
6233	0.034967777210895695
6241	0.04600895130326964
6246	0.025348117257426375
6303	0.052749866955052696
6353	0.02407350334485674
6388	0.01592533749978318
6517	0.0322727946685388
6554	0.008235987845336558
6580	0.06757990686382818
6642	0.04840184207100199
6665	0.02398145515027195
6696	0.022446906266444654
6701	0.053352875385257695
6708	0.012261710220464609
6732	0.027407872192126658
6744	0.02588173723484011
6755	0.020425780872170618
6760	0.017258886036455926
6763	0.026914748585007305
6771	0.08285046907975462
6798	0.016411849950989803
6913	0.12036572917882896
6959	0.014778216752741257
7001	0.012354288195393158
7033	0.03114295603454607
7153	0.47543500187096926
7296	0.019725478460806033
7390	0.06326783733972556
7396	0.05148681482131308
7501	0.08960860614681272
7735	0.03309809015086441
7946	0.027663206845973273
8036	0.011781022518412489
8037	0.008470741572468481
8089	0.006326688464172384
8330	0.1582496008651581
8370	0.18591467489807625
8397	0.1049033316326871
8494	0.04840184207100199
8505	0.01750994102855943
8671	0.15153548674531656
8724	0.016733350869059607
8811	0.03549098091859677
8877	0.021977429924802644
8917	0.08731821259811819
8930	0.11166967941072754
8933	0.02566509251650263
8948	0.07446752118844159
9026	0.020230209211611488
9067	0.02980076295985902
9109	0.01745656073656071
9261	0.04007628103211161
9272	0.02875006526681371
9381	0.024260004546997272
9411	0.04292397855295856
9426	0.021034852691740803
9652	0.018125392023401715
9704	0.026559239271153747
9713	0.028608029431047982
9722	0.06707169360455685
9764	0.037233760594220795
9826	0.03116975756648757
9843	0.06761586222377626
9891	0.05217629860860848
9914	0.06018286458941448
9986	0.05617754791441066
9991	0.029337804066936556
9997	0.02545273807580831
10133	0.026443307884456042
10179	0.15661709500749987
10209	0.11303237885059501
10211	0.018019740441446528
10452	0.024957964057169574
10572	0.12570574555862665
10658	0.03309809015086441
10687	0.032885735710170096
10815	0.06326783733972556
10865	0.13523172444755252
10876	0.025141888808801555
10916	0.04531686932069092
10923	0.052749866955052696
10948	0.011577312615732476
10971	0.04347402469977154
10976	0.01954216547002421
11205	0.07324163910517902
11374	0.02903990855486842
11376	0.04933491282057066
11400	0.02903990855486842
11437	0.023101983114060122
11514	0.0603053458265164
11516	0.03365401382527099
11544	0.038006352923431054
11553	0.029337804066936556
11592	0.025607002183105933
11696	0.032677504918373367
11699	0.05133018503300526
11777	0.05532641369194655
11830	0.13523172444755252
11876	0.006704253910685692
11933	0.04600895130326964
12057	0.09036267800338918
12094	0.05583483970536377
12434	0.019126241636791965
12451	0.028057983284234988
12455	0.11557994764336424
12488	0.028643653299008313
12517	0.03188280446058462
12561	0.05148681482131308
12601	0.06018286458941448
12612	0.018125392023401715
12626	0.2146198927647928
12632	0.02964421202146482
12718	0.024939551696090266
12721	0.034967777210895695
12737	0.052886615768912085
12739	0.013125174411047451
12766	0.025607002183105933
12829	0.027332488570873788
