171
t_index	tf-idf
3	0.022900441136792883
68	0.14687294557088168
91	0.05483989478255528
169	0.06433150505796227
191	0.043620310616461336
395	0.05556201382809492
410	0.06357462283596467
536	0.10043448317725173
612	0.03442263589343735
774	0.08003340375760537
871	0.03079208279412899
872	0.026972426387548938
1157	0.027908085014727507
1211	0.04752431609713858
1420	0.028582587143270412
1561	0.03597333573058829
1596	0.044976932203668774
1601	0.15280570131659404
1781	0.07485215082114607
2012	0.05193146072878656
2120	0.04752431609713858
2129	0.041393607101811794
2167	0.09091912223312176
2199	0.034299842603426146
2277	0.032894362019447856
2287	0.07343647278544084
2294	0.08447327385133425
2305	0.06285139116101471
2431	0.043838703609590274
2493	0.11329699595917109
2506	0.023393510194302695
2634	0.04065393274360516
2645	0.0431921271233047
2763	0.05907997108911901
2809	0.05088141681507805
2892	0.04866654175147492
2896	0.06149476957380726
2898	0.042368151883765866
2996	0.04866654175147492
3167	0.01352028657522829
3200	0.06980591968613249
3294	0.028582587143270412
3308	0.06980591968613249
3395	0.06875587577242398
3432	0.03479667612964727
3675	0.07640285065829702
3871	0.028842913236151842
3946	0.037095852074582616
3992	0.05122395649217842
4119	0.04989505217521387
4127	0.06980591968613249
4136	0.03738901376629352
4155	0.05088141681507805
4212	0.05556201382809492
4280	0.05122395649217842
4431	0.05229709485078328
4457	0.014723402215182226
4501	0.044060068027017084
4620	0.022839845038078888
4734	0.043838703609590274
4737	0.08355289817519895
4744	0.044060068027017084
4836	0.037991676504738746
4892	0.20517691945593633
4895	0.04379959654850085
4919	0.07213417523433664
4970	0.027102473246322853
4985	0.03405700177144063
5024	0.10109188063493366
5336	0.07640285065829702
5464	0.08768037864347843
5534	0.05799490017867916
5544	0.021729429872550735
5769	0.02139395337493951
5798	0.05088141681507805
5838	0.05054594031746683
5983	0.0659598663012675
6014	0.0677695111325598
6048	0.12866301011592454
6188	0.20517691945593633
6388	0.024162316223134975
6391	0.03160069807623937
6554	0.02499168921620999
6580	0.06835593824394856
6614	0.027990884347104037
6744	0.039268412332285445
6828	0.034299842603426146
6909	0.021228773949108284
6958	0.02774373984264331
6985	0.026791075536142912
6986	0.04083572272085128
7001	0.01874423183137544
7030	0.1243178896005189
7074	0.07213417523433664
7136	0.05799490017867916
7296	0.02992798414659168
7340	0.028241840999071358
7377	0.03666578209134355
7483	0.03652491511875621
7584	0.06425456469144665
7700	0.030990500298318163
7808	0.033006957857732125
7811	0.04891053049388506
7821	0.018418354740318995
8034	0.0677695111325598
8036	0.017874458957345928
8037	0.012852018773305468
8049	0.05054594031746683
8089	0.019198016659763038
8275	0.09599152875580363
8309	0.23197960071471663
8370	0.20148167595325958
8439	0.0822059640153082
8505	0.026566515917559565
8543	0.0596509080449454
8877	0.0444596008611728
8899	0.056977691863800146
8922	0.04752431609713858
8991	0.046717372193497766
9026	0.030693774134318334
9109	0.026485526017322042
9122	0.14687294557088168
9135	0.04896508285593038
9145	0.05852839170095109
9179	0.06875587577242398
9260	0.052971052034644084
9280	0.03877782138516009
9307	0.033006957857732125
9327	0.041583902062888645
9353	0.0596509080449454
9443	0.019514554808947596
9629	0.5041831945107335
9781	0.0677695111325598
9858	0.10258845972796816
9891	0.006596930972164532
9998	0.029853737891780675
10342	0.05229709485078328
10452	0.01893342040139426
10620	0.05602035494563704
10746	0.04780244310393761
10747	0.130860931849384
10873	0.010116425389758111
11205	0.05556201382809492
11251	0.12171329449831048
11364	0.05305397707278088
11495	0.10258845972796816
11516	0.025530351373558788
11592	0.01295052583727319
11658	0.03814589598829112
11660	0.026334876480837793
11689	0.0564919831473784
11702	0.03652491511875621
11711	0.044060068027017084
11712	0.07343647278544084
11775	0.03952591418998867
11777	0.04197130211949973
11889	0.015436620534375957
11966	0.07640285065829702
12055	0.01734815861030608
12140	0.09599152875580363
12193	0.04116866387512947
12257	0.06215894480025945
12262	0.03369940421848738
12581	0.0481936863243076
12584	0.06258547743514287
12624	0.030402362755523715
12649	0.03442263589343735
12766	0.01295052583727319
12829	0.04146952816690172
12838	0.045214455162197006
12850	0.12088900557195574
