185
t_index	tf-idf
1	0.038988240027967636
15	0.0778522594507055
16	0.02097340632736087
75	0.028720528411486784
82	0.06467303001977984
158	0.060502769500092764
182	0.059371402150295155
183	0.040707261682379835
184	0.028605037980283746
189	0.08993623354042982
277	0.14380643565431508
319	0.026305207280920718
355	0.047935478551438364
393	0.14971341485467218
678	0.03436294515619712
738	0.02042935319059068
863	0.027297651886030855
875	0.03158169902825358
880	0.06039652052362214
969	0.07256661675746881
972	0.0480604419018501
994	0.05052861932585468
1116	0.021413849723983535
1235	0.13323217630831807
1301	0.012984856815311701
1391	0.046488137381409556
1465	0.032181800510132294
1466	0.043451847155597675
1471	0.02883711355503575
1555	0.029193649839136856
1589	0.0326519076893775
1840	0.028043312943125075
1894	0.030462778855720084
1993	0.056585903074097645
2063	0.041018661620214274
2389	0.04234964981440234
2451	0.036790395256384716
2483	0.05551569441297373
2918	0.02128639116830355
3018	0.05905408049810223
3162	0.11777571804116789
3201	0.07755369184458787
3231	0.036790395256384716
3241	0.026991420950396677
3252	0.0413381507662025
3385	0.05453119787958086
3439	0.031436139453038074
3640	0.03981774354028731
3671	0.07744744286811725
3715	0.03821116224739512
3886	0.03551688212264422
3931	0.05453119787958086
4062	0.037016083066488084
4130	0.015324577295669153
4138	0.03032980847357345
4140	0.05551569441297373
4173	0.057758184026874944
4260	0.021738397328013238
4304	0.022071741322613178
4358	0.05459530377206171
4415	0.032493200447966726
4426	0.02091175386466691
4436	0.03572018659526079
4457	0.011130435151556007
4514	0.03771911101138441
4564	0.0398166986964398
4596	0.05197730832784522
4645	0.14454865398044497
4798	0.07227432699022249
4805	0.05453119787958086
4895	0.01655556786137053
4949	0.02682371302244998
4960	0.05197730832784522
4968	0.032975601122042966
4970	0.020488628681481994
4985	0.07723810926306811
5012	0.13745178062478847
5041	0.029685701075147577
5195	0.026791422388444952
5239	0.024782582904831974
5240	0.04166616061953149
5314	0.04097725736296399
5362	0.02335262907867183
5415	0.039534980729602556
5436	0.08080710284633384
5568	0.07256661675746881
5581	0.06628364519912248
5769	0.01617316481578098
6033	0.06214515763211527
6351	0.04863262137274867
6388	0.0365319224323948
6431	0.5226507132023669
6554	0.018892941460366405
6601	0.0444153006717884
6671	0.028605037980283746
6701	0.030597202494860726
6708	0.014063872953041474
6724	0.12032148060150337
6726	0.02373345332436774
6763	0.030870539089305992
6824	0.032181800510132294
6827	0.04873682892541364
6841	0.03771911101138441
6842	0.036137163495111244
6857	0.06628364519912248
6909	0.048144882887993595
6957	0.06214515763211527
6958	0.02097340632736087
6959	0.01695024259635349
7042	0.04509423528762017
7083	0.08080710284633384
7109	0.13459889092142815
7175	0.056585903074097645
7198	0.04466262466735879
7591	0.018020451257477418
7832	0.01872061981829612
7878	0.03846477206847863
8014	0.04923272285462738
8060	0.017827511763091226
8073	0.051231647270750996
8098	0.03771911101138441
8103	0.10170145557812095
8376	0.03821116224739512
8598	0.0353168835606925
8608	0.05551569441297373
8665	0.10408977788094383
8666	0.14716158102553886
8709	0.021542642948489572
8927	0.038988240027967636
8943	0.04200315815360713
9096	0.08690369431119535
9099	0.09108308847747126
9186	0.026497393074678296
9215	0.08021432040100225
9261	0.04596648548465266
9276	0.05744105682297357
9327	0.031436139453038074
9444	0.06214515763211527
9553	0.024698625988028525
9589	0.053619696459867715
9652	0.020789368371774662
9676	0.26513458079648994
9783	0.22260491605468727
9826	0.01787546363885503
9891	0.034909525609833306
9998	0.007522833123750322
10116	0.06766242599006823
10131	0.021478077757947394
10132	0.1765844178034625
10159	0.05277110893975589
10162	0.05453119787958086
10209	0.021607548854015488
10224	0.025037947936843108
10460	0.03724598958373433
10479	0.04234964981440234
10503	0.14370763243723647
10867	0.023579705815495032
10948	0.013278886129078358
11146	0.046990233240726174
11153	0.041578736743549324
11235	0.0480604419018501
11305	0.01424136002354467
11519	0.025124261558109495
11544	0.014530776683758486
11592	0.058741173773687774
11612	0.07543822202276881
11614	0.07256661675746881
11660	0.0199083493482199
11689	0.08541237219700688
11693	0.038723721434058625
11889	0.01166960606699169
12112	0.05453119787958086
12170	0.04040355142316692
12262	0.07642711130580312
12427	0.051231647270750996
12517	0.03656877411537262
12566	0.012984856815311701
12581	0.018216465613973526
12665	0.14097069972217852
12666	0.024126446517129956
12674	0.09345026522397659
12717	0.0353168835606925
12748	0.018415654429682193
12829	0.03918709542141073
12838	0.0341807249262559
