262
t_index	tf-idf
15	0.01546828339866789
44	0.03455321069677769
56	0.042585000572298935
67	0.02688179581881681
91	0.016474091540672683
181	0.030368345931407963
183	0.03235212257316597
189	0.10721531973722641
272	0.032853522080928434
277	0.07619350521780605
319	0.08362432205880883
355	0.03809675260890302
393	0.21813886117827255
433	0.035849837903752985
469	0.04196430416755044
614	0.03583867268575712
642	0.03962913786637212
659	0.04590335414405335
726	0.09170970750265114
748	0.02941855597876964
902	0.01103822075182809
950	0.060736691862815925
972	0.03819606731253547
977	0.01850009350637258
983	0.027811477604851035
1173	0.032599607875338894
1235	0.07941476877481975
1257	0.04808461522554997
1273	0.018323959961090864
1301	0.010319723359476398
1422	0.04071638483229073
1466	0.034533383654662596
1497	0.01904837630445151
1517	0.046933268703435914
1549	0.05767236564265847
1555	0.0696050163228734
1561	0.0432260512678868
1591	0.03235212257316597
1627	0.030775702676804507
1665	0.031645177453924776
1669	0.05767236564265847
1691	0.03656308902911777
1840	0.022287441114869744
1868	0.03694647727711303
1894	0.024210313215101236
1895	0.030170861491669344
2063	0.032599607875338894
2114	0.033940769046847036
2154	0.05089674985721478
2269	0.05812611380062687
2271	0.02339524570622565
2460	0.10535793985899408
2634	0.024425160265608207
2637	0.03235212257316597
2664	0.02291831466503793
2820	0.05089674985721478
2891	0.010041498575076893
2892	0.029239190445595156
2909	0.009531375151257808
2914	0.06422149729611054
2918	0.016917373160361727
2941	0.06846517231751319
2971	0.03865080731742193
3012	0.043338704814561466
3093	0.049068761849399394
3149	0.06163584679643736
3157	0.034232586158756594
3162	0.031200776051051895
3167	0.01624616090746339
3218	0.030368345931407963
3238	0.05949241668498343
3241	0.04290289854545196
3356	0.03235212257316597
3378	0.02291831466503793
3432	0.02090608051470221
3439	0.024983892179906726
3489	0.03656308902911777
3557	0.03516425720483078
3640	0.031645177453924776
3642	0.04071638483229073
3651	0.04492714932030292
3735	0.029601274332176835
3739	0.06163584679643736
3886	0.02822706505816967
3917	0.034232586158756594
3931	0.043338704814561466
3981	0.013400637288448525
4130	0.03653765317744606
4134	0.02486956166848109
4268	0.07469103657265481
4276	0.021944418295021844
4358	0.021694826507054187
4366	0.03235212257316597
4413	0.032853522080928434
4426	0.03323925984156392
4431	0.03142045152709178
4457	0.008845920541780919
4572	0.022642940193325953
4596	0.041308999440106284
4644	0.027084617139088517
4695	0.02674313892247826
4709	0.05091014964998153
4737	0.025099575746534552
4798	0.028720034080465535
4895	0.013157548274765549
4920	0.01826594704724188
4970	0.016283350907543473
4985	0.020461679111829324
5012	0.027309972907106034
5152	0.040157652917992205
5155	0.033940769046847036
5223	0.032599607875338894
5239	0.01969597380616289
5254	0.05486023101099367
5380	0.043338704814561466
5536	0.041308999440106284
5544	0.013055189776217455
5558	0.08143276966458146
5599	0.044121134071771095
5811	0.0493899042566445
5896	0.05294317918321315
6117	0.031200776051051895
6211	0.042614288471200815
6388	0.029033769001411556
6391	0.018985915086865868
6431	0.03776154478598861
6450	0.04071638483229073
6544	0.021944418295021844
6554	0.015015177455623183
6560	0.02822706505816967
6601	0.07059817792065806
6625	0.014438368839285337
6708	0.033531816400254946
6724	0.03187519153197824
6755	0.018619304097138484
6824	0.10230602715088911
6826	0.05582342075639871
6827	0.05810043950603888
6958	0.05000588476625272
7001	0.03378498725507017
7025	0.03583867268575712
7082	0.46380968780906323
7109	0.1337156946123913
7110	0.0493899042566445
7133	0.013722334786527764
7198	0.03549564986590922
7215	0.015777230246686272
7247	0.025335132862611583
7296	0.017980937141242964
7318	0.04808461522554997
7353	0.032599607875338894
7356	0.030569902500883712
7486	0.034232586158756594
7769	0.016096261037900177
7803	0.050670265725223165
7832	0.02975644943807718
8103	0.06735608137939332
8109	0.02607790629548475
8176	0.02941855597876964
8185	0.05267896992949704
8311	0.034533383654662596
8392	0.03187519153197824
8419	0.042614288471200815
8431	0.029063056900313435
8558	0.09779882362601666
8665	0.08272541835147683
8666	0.08771757133678547
8672	0.03583867268575712
8709	0.05136308828563329
8749	0.0493899042566445
8792	0.029977287893068163
8865	0.02090608051470221
8890	0.031645177453924776
8933	0.02339524570622565
9006	0.030775702676804507
9068	0.017329019132370588
9099	0.10858251529263999
9165	0.07167734537151424
9204	0.03235212257316597
9261	0.01826594704724188
9290	0.04808461522554997
9306	0.020755690666961157
9327	0.024983892179906726
9337	0.05767236564265847
9339	0.025099575746534552
9381	0.022114425141705862
9443	0.023448955441857787
9570	0.02389664521398812
9580	0.03000340381121394
9788	0.044121134071771095
9840	0.028890040927149557
9886	0.07032851440966156
9891	0.03170784923023105
9934	0.48781224599851586
10055	0.06163584679643736
10101	0.03865080731742193
10116	0.017924918951876492
10131	0.03413943240313189
10132	0.056136232143186325
10152	0.03484373185703685
10185	0.027309972907106034
10209	0.12020829407283752
10211	0.01642605632218078
10217	0.05984147718933465
10257	0.05767236564265847
10377	0.043338704814561466
10419	0.04106871424332468
10448	0.030775702676804507
10452	0.011375328202483295
10503	0.05710586695298871
10557	0.05267896992949704
10558	0.01618935838247024
10589	0.04590335414405335
10671	0.02389664521398812
10768	0.044121134071771095
10840	0.03619417176421333
10948	0.021106806693853793
11012	0.08143276966458146
11057	0.026471589591606576
11153	0.04956709191324558
11186	0.03549564986590922
11269	0.046933268703435914
11305	0.01131833009759371
11316	0.018923850451112542
11516	0.015338809356262174
11519	0.03993504627406914
11544	0.034645032526941524
11567	0.015687958874707777
11591	0.041308999440106284
11592	0.03112305725443542
11612	0.029977287893068163
11623	0.024234698996901123
11624	0.03819606731253547
11663	0.01738171547180877
11696	0.11914989297469633
11775	0.011873719509793454
11794	0.06163584679643736
11833	0.01850009350637258
11876	0.024445291582964383
11889	0.00927442697584577
11909	0.03694647727711303
12170	0.06422149729611054
12202	0.03235212257316597
12262	0.020246832061322353
12313	0.03187519153197824
12329	0.08014642295032774
12427	0.04071638483229073
12470	0.034232586158756594
12517	0.029063056900313435
12535	0.05767236564265847
12555	0.030368345931407963
12581	0.028955095677596573
12588	0.03694647727711303
12638	0.02083059637673377
12665	0.07469103657265481
12666	0.05752352696189678
12674	0.0495131058533733
12699	0.01996752313703457
12718	0.022733872451773933
12748	0.02927170655804791
12766	0.007780764313608855
12829	0.02491517556256736
