670
t_index	tf-idf
3	0.027541128736000797
15	0.030963150916008052
16	0.008341475891884961
34	0.012277731788708484
56	0.010655398578292908
67	0.026904895629951398
102	0.012738474319851522
113	0.0308444055653647
117	0.012860775029695149
149	0.028860962057861827
158	0.024062967421696908
160	0.05094048597205586
166	0.015506277768339944
167	0.022079523914194037
169	0.01934201018223435
170	0.09886469104628447
173	0.022079523914194037
174	0.022079523914194037
175	0.040192160813382324
176	0.014046117650126803
177	0.05380420385370997
179	0.016440876729763597
180	0.01631381053138918
181	0.07598610442971819
182	0.011806501814109745
183	0.03237992309387077
184	0.01137670395426965
185	0.05525986894385771
189	0.02682686274853297
190	0.008942287582844325
211	0.01776307582641293
250	0.012277731788708484
278	0.05854171351250794
282	0.01868880484236014
304	0.014206518039432514
320	0.010424248164130531
327	0.019580680618769282
338	0.016440876729763597
342	0.035194474222532815
344	0.020096080406691162
361	0.01829725403889205
364	0.039161361237538564
367	0.020987956183100304
371	0.015401074281619293
385	0.03396993470824962
393	0.009923923191189475
394	0.014906534967058158
395	0.016705361334857265
400	0.024062967421696908
402	0.017597237111266407
410	0.019114444798346012
434	0.034563058556058235
445	0.023486799478525063
452	0.020987956183100304
497	0.012388913247076161
596	0.010616107012914025
604	0.009856449382264397
607	0.010577128531063684
625	0.05094048597205586
627	0.0308444055653647
634	0.024338042470196945
665	0.016069170876798138
731	0.012560572038566557
732	0.023486799478525063
792	0.02547024298602793
810	0.0274536864935308
865	0.010856734550331228
871	0.009257995416081617
872	0.01621914318209993
899	0.028860962057861827
918	0.00875149785734997
946	0.07908635628731121
956	0.021325453689737223
983	0.006958844075341452
1012	0.013452447814975699
1022	0.0238147333973847
1031	0.020375686425958706
1034	0.028860962057861827
1081	0.015506277768339944
1090	0.046973598957050125
1091	0.024062967421696908
1095	0.03552615165282586
1100	0.02055200251166819
1105	0.010167691881015467
1107	0.020096080406691162
1113	0.0274536864935308
1122	0.033724316770753465
1141	0.0308444055653647
1168	0.04501032774035981
1171	0.03244739690279585
1206	0.01110981375601711
1207	0.01352283426083707
1211	0.014288734656936296
1265	0.014206518039432514
1301	0.010328591206779897
1378	0.0672622390748785
1380	0.02547024298602793
1381	0.07908635628731121
1387	0.014632157995418386
1471	0.011469004307472828
1511	0.006449006281867537
1555	0.011610804774788042
1561	0.010815798967598617
1591	0.016189961546935385
1596	0.04056850278251121
1599	0.026362118762437076
1601	0.02297139969060318
1613	0.0274536864935308
1638	0.014288734656936296
1675	0.012560572038566557
1737	0.0211005872768899
1764	0.044165753482063176
1822	0.0274536864935308
1880	0.024716172761571117
1885	0.014457433222260724
1903	0.09253321669609409
1905	0.026361225369394687
1966	0.024716172761571117
1999	0.04867608494039389
2006	0.0616888111307294
2012	0.015613793603763535
2057	0.01056247199791228
2076	0.02859711716316416
2087	0.009890069951651407
2111	0.03552615165282586
2119	0.026362118762437076
2121	0.011707674744007758
2151	0.05094048597205586
2163	0.022505163870179905
2167	0.06378373035554302
2199	0.02062528785194003
2233	0.009856449382264397
2261	0.014544015546069431
2275	0.07414851828471335
2277	0.009890069951651407
2294	0.06772764175135483
2298	0.01848911288767555
2317	0.016069170876798138
2329	0.07218890226509071
2338	0.028860962057861827
2346	0.024716172761571117
2353	0.013452447814975699
2397	0.020096080406691162
2411	0.0369782257753511
2425	0.07218890226509071
2427	0.0308444055653647
2428	0.028860962057861827
2430	0.03149202349904609
2431	0.013180612684697343
2436	0.014046117650126803
2440	0.020848496328261062
2449	0.07975645555200227
2455	0.03262762106277836
2461	0.01848911288767555
2476	0.0616888111307294
2480	0.04594279938120636
2493	0.06812810138623125
2546	0.023486799478525063
2590	0.016705361334857265
2634	0.01222307453192964
2636	0.022079523914194037
2640	0.044266856601707316
2643	0.11605206109340607
2645	0.03895863598365728
2664	0.011469004307472828
2665	0.015951291110400452
2681	0.03779399368034768
2689	0.011422636438129782
2701	0.01848911288767555
2707	0.014906534967058158
2712	0.014046117650126803
2737	0.01352283426083707
2762	0.010349563147175347
2771	0.07414851828471335
2772	0.13882117061118246
2792	0.04594279938120636
2801	0.007612049415215661
2805	0.026362118762437076
2813	0.00875149785734997
2822	0.17048637725268653
2847	0.0274536864935308
2891	0.0050250636704419534
2894	0.04717117717953635
2898	0.03821542295955456
2899	0.01889699684017384
2907	0.06682144533942906
2918	0.042329776094596774
2971	0.01934201018223435
2972	0.026362118762437076
2992	0.011422636438129782
3005	0.019831595801597494
3051	0.0274536864935308
3075	0.02297139969060318
3156	0.026362118762437076
3157	0.01713100129084314
3164	0.028413036078865028
3181	0.009228437781803569
3187	0.01175683871150637
3193	0.008031917366295889
3207	0.01279924247510149
3240	0.0274536864935308
3241	0.01073494136485284
3242	0.009532372387721389
3258	0.0274536864935308
3294	0.008593685023560812
3318	0.00880525415205057
3374	0.022505163870179905
3386	0.09394719791410025
3390	0.02361300362821949
3432	0.020924045330546696
3433	0.008491235758854241
3476	0.011563079775851061
3498	0.026362118762437076
3514	0.016440876729763597
3586	0.018112636899188288
3587	0.01631381053138918
3596	0.023486799478525063
3635	0.04589425731157872
3648	0.016705361334857265
3735	0.014813355509963677
3741	0.07975645555200227
3752	0.0308444055653647
3808	0.008778302163264575
3881	0.011066714150426829
3895	0.0616888111307294
3900	0.006125999627041728
3967	0.019580680618769282
3988	0.015401074281619293
3998	0.028860962057861827
4045	0.022079523914194037
4083	0.012445466172776221
4087	0.013114950308338782
4090	0.016843166886809598
4099	0.019831595801597494
4124	0.07641072895808378
4127	0.020987956183100304
4136	0.01124143892358449
4155	0.015298085770526241
4182	0.03994392678907011
4219	0.007762577402401639
4236	0.01698496735412481
4240	0.019114444798346012
4260	0.00864572565894002
4277	0.020375686425958706
4292	0.06974734688784279
4293	0.0308444055653647
4298	0.007985984882435754
4313	0.02297139969060318
4353	0.15145193055980022
4368	0.04265090737947445
4400	0.0823610594805924
4410	0.028860962057861827
4419	0.04820751263039441
4428	0.047853873331201356
4429	0.01389081020619522
4431	0.06289490290604847
4442	0.01038676312561036
4443	0.02168797311072595
4457	0.030987326771637146
4472	0.04605597047155759
4476	0.040192160813382324
4501	0.026494336908196584
4504	0.016571331756531235
4564	0.00791788484633322
4569	0.014046117650126803
4575	0.024716172761571117
4587	0.005347431509595649
4620	0.061803569401995384
4640	0.014973224900716762
4644	0.006776972809181571
4663	0.016440876729763597
4673	0.04056850278251121
4709	0.012738474319851522
4732	0.05094048597205586
4744	0.03974150536229487
4754	0.028860962057861827
4812	0.046973598957050125
4859	0.007612049415215661
4895	0.006584427347499202
4919	0.02168797311072595
4920	0.009140821584253302
4921	0.010981637682745139
4949	0.005334120552838258
4960	0.020672248349863014
4964	0.05272423752487415
4987	0.012923091459555286
4990	0.016613073389450957
4992	0.012860775029695149
4999	0.024716172761571117
5009	0.02168797311072595
5012	0.01366672032766799
5024	0.045591662657830906
5036	0.0308444055653647
5091	0.016982471517708483
5093	0.014046117650126803
5094	0.020096080406691162
5108	0.028860962057861827
5109	0.012738474319851522
5115	0.0274536864935308
5128	0.17546420221440498
5195	0.03196619573487872
5239	0.019712898764528794
5285	0.0823610594805924
5290	0.0823610594805924
5324	0.014632157995418386
5329	0.013180612684697343
5336	0.04594279938120636
5359	0.02547024298602793
5360	0.026362118762437076
5362	0.009287732733130348
5381	0.016705361334857265
5411	0.014544015546069431
5414	0.008101635034578806
5418	0.016440876729763597
5425	0.014206518039432514
5448	0.01190736669869235
5461	0.0308444055653647
5484	0.02401016549973152
5548	0.025729356939091903
5555	0.020987956183100304
5556	0.010616107012914025
5594	0.010775203103161221
5620	0.057721924115723654
5666	0.02297139969060318
5672	0.017281529278029117
5673	0.03122758720752707
5703	0.038228889596692024
5727	0.016189961546935385
5769	0.006432339234772976
5798	0.015298085770526241
5842	0.009228437781803569
5868	0.017436836721960697
5887	0.021325453689737223
5906	0.022079523914194037
5913	0.022394338354388945
5934	0.007850719851750594
5935	0.019831595801597494
5970	0.006671009671307909
5988	0.028860962057861827
6019	0.028043265744052873
6054	0.0308444055653647
6061	0.029088031092138863
6071	0.014457433222260724
6076	0.02297139969060318
6085	0.07558798736069536
6133	0.07641072895808378
6155	0.011515815895224263
6168	0.030610587631371054
6173	0.010898015585102401
6194	0.016440876729763597
6205	0.018112636899188288
6213	0.05556324082478088
6227	0.02825132087337347
6241	0.020987956183100304
6246	0.011563079775851061
6257	0.0308444055653647
6298	0.010349563147175347
6340	0.024716172761571117
6342	0.017281529278029117
6348	0.009099521223705415
6472	0.023486799478525063
6499	0.024716172761571117
6517	0.014721917827354394
6529	0.0616888111307294
6530	0.01829725403889205
6547	0.025121144077133114
6559	0.025397865656758063
6580	0.010276001255834095
6584	0.022505163870179905
6587	0.026494336908196584
6603	0.006301008566082298
6606	0.020672248349863014
6611	0.0308444055653647
6614	0.00841578274227585
6625	0.014450775882160264
6682	0.017597237111266407
6692	0.03101255553667989
6696	0.010239631024426767
6717	0.022505163870179905
6721	0.024062967421696908
6726	0.00943919293062691
6744	0.011806501814109745
6755	0.00931765193092458
6768	0.020375686425958706
6771	0.17007297156156453
6774	0.024062967421696908
6779	0.015098393815841655
6818	0.0308444055653647
6836	0.013740282219009243
6849	0.0308444055653647
6896	0.1054484750497483
6913	0.0274536864935308
6922	0.021325453689737223
6959	0.00674139611716928
6985	0.024165139087583772
6986	0.012277731788708484
6993	0.024062967421696908
7018	0.0433759462214519
7030	0.01868880484236014
7033	0.014206518039432514
7049	0.07641072895808378
7052	0.02297139969060318
7109	0.013383059792138507
7112	0.015836185244610116
7133	0.006867063266888377
7136	0.034873673443921394
7153	0.06506391933217784
7162	0.024716172761571117
7173	0.04501032774035981
7187	0.009054747100942326
7199	0.024062967421696908
7205	0.026362118762437076
7206	0.016344721408034328
7215	0.015790787787312716
7264	0.020987956183100304
7327	0.006618876599659388
7340	0.06792988607083393
7390	0.028860962057861827
7396	0.046973598957050125
7429	0.024716172761571117
7433	0.028860962057861827
7449	0.020096080406691162
7453	0.02168797311072595
7459	0.02547024298602793
7483	0.043926550730980556
7501	0.06812810138623125
7529	0.09253321669609409
7549	0.02297139969060318
7574	0.008008897212801739
7632	0.014813355509963677
7643	0.026362118762437076
7662	0.0616888111307294
7663	0.0308444055653647
7671	0.012738474319851522
7700	0.00931765193092458
7726	0.034938039587146204
7737	0.05272423752487415
7738	0.011286112965490255
7754	0.008778302163264575
7805	0.014046117650126803
7808	0.009923923191189475
7811	0.024509193382486628
7826	0.028577469313872592
7903	0.019831595801597494
7930	0.022505163870179905
7932	0.014125660436686735
8008	0.0274536864935308
8010	0.028092235300253607
8023	0.01298621199455243
8033	0.021325453689737223
8034	0.020375686425958706
8035	0.010462022665273348
8036	0.010748325158673537
8039	0.022079523914194037
8060	0.00709030079630528
8089	0.020202369225163774
8103	0.00674139611716928
8111	0.015836185244610116
8131	0.051563219629850075
8277	0.020375686425958706
8282	0.02168797311072595
8285	0.019114444798346012
8309	0.017436836721960697
8330	0.048125934843393815
8370	0.024231117393012095
8390	0.02825132087337347
8397	0.031902582220800904
8430	0.023486799478525063
8442	0.01829725403889205
8454	0.030802148563238586
8457	0.020987956183100304
8462	0.0616888111307294
8501	0.0274536864935308
8504	0.010577128531063684
8505	0.007987529918986859
8528	0.024716172761571117
8539	0.04443925502406844
8559	0.018112636899188288
8593	0.01829725403889205
8617	0.020375686425958706
8645	0.007895393893656358
8671	0.1900968220583203
8709	0.008567870855002074
8719	0.008008897212801739
8721	0.020987956183100304
8722	0.011958589926835971
8776	0.019580680618769282
8778	0.012010355209785396
8791	0.0274536864935308
8805	0.005852475202577548
8877	0.023392762078473697
8895	0.017934734617903327
8913	0.020672248349863014
8917	0.1593281974993162
8927	0.015506277768339944
8930	0.05094048597205586
8931	0.01713100129084314
8935	0.02547024298602793
8938	0.011658999978328645
8948	0.01698496735412481
8964	0.058026030546703036
8974	0.019580680618769282
8990	0.01698496735412481
8991	0.07023058825063402
8994	0.09253321669609409
9000	0.02077352625122072
9006	0.015401074281619293
9029	0.016843166886809598
9035	0.0308444055653647
9051	0.01889699684017384
9065	0.016571331756531235
9067	0.013594248282290916
9135	0.014721917827354394
9145	0.035194474222532815
9154	0.0369782257753511
9178	0.012115558696506048
9179	0.020672248349863014
9204	0.03237992309387077
9212	0.04620322284485787
9249	0.0616888111307294
9272	0.013114950308338782
9306	0.01038676312561036
9327	0.012502680551197184
9353	0.05380420385370997
9381	0.03320014245128048
9421	0.022938008614945656
9443	0.005867276344247722
9469	0.02547024298602793
9482	0.08658288617358546
9503	0.010775203103161221
9525	0.025005361102394368
9549	0.014372356754579036
9580	0.007507296513268503
9612	0.05272423752487415
9629	0.016843166886809598
9656	0.07046039843557517
9662	0.016843166886809598
9670	0.014372356754579036
9701	0.029088031092138863
9704	0.012115558696506048
9713	0.039150472973789104
9715	0.024062967421696908
9716	0.1054484750497483
9722	0.015298085770526241
9728	0.015197220885943639
9735	0.056826072157730056
9747	0.021325453689737223
9765	0.06891419907180953
9809	0.022505163870179905
9826	0.01421874412505486
9891	0.005950330522508618
9921	0.02547024298602793
9936	0.023486799478525063
9938	0.013180612684697343
9972	0.028860962057861827
9986	0.008542192194513819
9991	0.026766119584277014
10027	0.02297139969060318
10061	0.057721924115723654
10120	0.024890932345552442
10121	0.009169852966732662
10128	0.005941961361202904
10157	0.04197591236620061
10167	0.020924045330546696
10179	0.3334062675633858
10181	0.014457433222260724
10209	0.11171790530629053
10211	0.008220085702954147
10217	0.014973224900716762
10224	0.03983204937482905
10235	0.02297139969060318
10236	0.020672248349863014
10325	0.019114444798346012
10442	0.015298085770526241
10452	0.00569255157109006
10460	0.014813355509963677
10477	0.009111961479363289
10486	0.022079523914194037
10572	0.038228889596692024
10618	0.01698496735412481
10624	0.0308444055653647
10665	0.010939647952052413
10690	0.014457433222260724
10696	0.02123221402582805
10715	0.01934201018223435
10723	0.019580680618769282
10746	0.014372356754579036
10750	0.01298621199455243
10817	0.0274536864935308
10821	0.014544015546069431
10854	0.019580680618769282
10873	0.0060832403258781614
10876	0.011469004307472828
10896	0.0717389384716133
10916	0.04134449669972603
10923	0.024062967421696908
10928	0.0274536864935308
10929	0.04197591236620061
10948	0.01056247199791228
10982	0.013594248282290916
10985	0.015401074281619293
11038	0.07641072895808378
11092	0.01829725403889205
11125	0.024062967421696908
11127	0.01185667429075325
11138	0.0308444055653647
11175	0.0272512405544925
11205	0.03341072266971453
11210	0.01829725403889205
11213	0.016571331756531235
11251	0.0365945080777841
11264	0.026362118762437076
11265	0.017281529278029117
11266	0.028860962057861827
11364	0.031902582220800904
11387	0.020375686425958706
11401	0.009083270642923956
11407	0.0308444055653647
11418	0.03858232508908544
11431	0.01829725403889205
11437	0.03161537454818015
11457	0.05489176211667615
11514	0.009169852966732662
11535	0.010203529210457021
11544	0.023116535579595067
11546	0.020375686425958706
11554	0.020096080406691162
11592	0.015574900813163808
11636	0.006706076298819453
11711	0.013247168454098292
11712	0.022079523914194037
11715	0.01889699684017384
11744	0.014544015546069431
11764	0.0308444055653647
11777	0.05047662741454986
11779	0.06751549161053973
11780	0.02297139969060318
11857	0.00875149785734997
11876	0.036699446520403696
11889	0.018564793177847972
11964	0.026362118762437076
12052	0.014125660436686735
12057	0.027480564438018485
12058	0.0274536864935308
12087	0.026362118762437076
12111	0.026362118762437076
12193	0.01856675158954287
12204	0.024716172761571117
12214	0.020672248349863014
12371	0.01137670395426965
12372	0.01698496735412481
12451	0.01279924247510149
12455	0.05272423752487415
12489	0.008366119639672475
12516	0.016017794425603478
12529	0.0308444055653647
12544	0.01776307582641293
12551	0.013050157657929704
12568	0.022505163870179905
12626	0.11748408371261568
12659	0.029771769573568422
12670	0.03144745145302424
12742	0.009992340720304612
12766	0.003893725203290952
12792	0.015951291110400452
12807	0.017597237111266407
12829	0.08416097584697176
12837	0.09253321669609409
12850	0.06057779348253024
12860	0.020672248349863014
