50
t_index	tf-idf
731	0.1650077562955713
1100	0.06749771848405263
1122	0.14767835482483865
1169	0.12144538577237617
2200	0.13026345921724933
2340	0.1542725949350033
2604	0.12144538577237617
3133	0.0756414173235651
3181	0.06061681776168801
3207	0.08407158036332935
4083	0.16349561492237555
4342	0.07269150106856037
4644	0.044514416791114696
4645	0.0944045515391683
4734	0.17315320663938968
5148	0.1542725949350033
5273	0.1286153276189491
5347	0.11252465562154276
5600	0.12018516457918482
5837	0.1320007213071934
5864	0.10477575177559553
6071	0.09496337469637024
6549	0.11063402082209185
6777	0.07658191924568095
6976	0.1673008058280725
7056	0.08174780746118777
7222	0.10799158558943946
7241	0.3085451898700066
7278	0.10972884767938354
8089	0.01895698248377938
8376	0.199645311743615
8719	0.05260628876728634
8917	0.13081802874531015
9331	0.15088720124675897
9443	0.03853909289154022
9692	0.0922616561966532
9854	0.3161142861866637
10155	0.10477575177559553
10224	0.06540901437265507
10351	0.09670063678631431
10727	0.14652043082609004
10873	0.03995764819061733
10976	0.05855519686298135
11086	0.42537381596455687
11197	0.11063402082209185
11465	0.15444914220132727
11544	0.03796013089216592
11876	0.04017660255326116
12270	0.2009703698892858
12768	0.07658191924568095
