142
t_index	tf-idf
15	0.027198974602457928
76	0.05564394934306014
185	0.048541951560946504
189	0.09426213249940721
277	0.06698820935327003
319	0.03676063712443328
393	0.24408933689762072
678	0.1440631595018799
717	0.05305155551500051
882	0.07061203584522208
902	0.03881856546682504
951	0.07374583920482242
1080	0.07907688493198027
1113	0.09646461675776465
1235	0.093093729204729
1446	0.04518918560316879
1465	0.04497297732460474
1555	0.04079713786755294
1561	0.038003708630689026
1588	0.10837866028247578
1796	0.08949534806384891
1884	0.05776866699749096
2139	0.06183179568011128
2263	0.10140939158856006
2269	0.05110362450234719
2472	0.12993119807942327
2558	0.07159449361089093
2616	0.07061203584522208
2801	0.026746623982647086
2971	0.06796244285785374
3091	0.07374583920482242
3095	0.0775813045391378
3169	0.10837866028247578
3347	0.07263652970834239
3489	0.064291460419973
3715	0.053398806345774256
3774	0.10837866028247578
3819	0.059182202692742956
3881	0.07777070955772822
3950	0.10140939158856006
3981	0.0471265729843883
4136	0.039499289023531496
4144	0.04540814820134616
4260	0.060757349471368585
4411	0.09646461675776465
4413	0.05776866699749096
4426	0.08767040539673471
4644	0.04762479421257607
4659	0.11645409933826141
4698	0.10140939158856006
4949	0.018742615677151696
4960	0.07263652970834239
4984	0.10837866028247578
4985	0.03597921476756871
5041	0.08296952564212626
5054	0.06796244285785374
5436	0.11292519207652736
5450	0.038147544880184604
6144	0.05237741689526188
6146	0.10837866028247578
6210	0.10837866028247578
6251	0.06183179568011128
6350	0.09646461675776465
6554	0.013201123219078868
6625	0.025388003131262864
6858	0.06796244285785374
6934	0.07374583920482242
7083	0.05646259603826368
7169	0.04608228682108479
7198	0.062414506789017526
7215	0.02774221765381584
7481	0.02854932984583961
7525	0.10837866028247578
7574	0.028141036740814356
7579	0.15815376986396054
7591	0.05036594180157917
7774	0.07620550394468414
7928	0.06880106437402701
7946	0.04434020655036994
7975	0.06926564215530673
8103	0.04737478101589421
8233	0.1498634231035389
8414	0.035231778247797454
8443	0.10140939158856006
8598	0.04935414981056325
8665	0.18182742831965573
8775	0.03903679480265315
8890	0.05564394934306014
9068	0.030470837591936386
9096	0.1214449723672625
9652	0.029052438880239444
9783	0.03888535477886411
9844	0.03662790803623537
9852	0.21675732056495156
9998	0.02102580950277713
10045	0.10837866028247578
10101	0.06796244285785374
10108	0.10140939158856006
10116	0.03151865030900531
10132	0.24677074905281624
10137	0.03610700964258216
10194	0.1214449723672625
10217	0.1315293669227097
10473	0.053753217489715524
10478	0.09646461675776465
10479	0.059182202692742956
10696	0.037302046655973996
10710	0.06796244285785374
10781	0.04991775215540016
10867	0.0659036820905798
10937	0.09262915142344928
10993	0.128582920839946
11234	0.17899069612769783
11251	0.064291460419973
11429	0.11377404169863176
11434	0.09262915142344928
11481	0.03829259495203938
11536	0.03997457271080045
11544	0.020306268759009198
11592	0.027362934269976387
11623	0.021306790984049726
11636	0.02356328649219415
11656	0.059182202692742956
11663	0.030563497285393065
11696	0.10475483379052376
11775	0.020878399177208868
12112	0.1524110078893683
12157	0.0696827105222021
12170	0.05646259603826368
12262	0.03560143403265824
12290	0.058227049669130705
12329	0.035231778247797454
12540	0.10837866028247578
12581	0.05091378866348616
12651	0.06796244285785374
12659	0.06973981054217733
12666	0.10114767802968842
12674	0.04353119457039066
12675	0.10837866028247578
12739	0.021037797520578768
12829	0.010952527987048804
12840	0.10837866028247578
