82
t_index	tf-idf
66	0.15894225217168775
632	0.07206221301763296
731	0.0887087790113717
1100	0.14514809066425216
1416	0.14006023324456224
1420	0.06069272190053775
2233	0.06961096894340543
2340	0.16587503325705633
2396	0.09864763344101363
2604	0.13057897556203116
2634	0.08632520988400892
3073	0.26999073837325765
3112	0.11611335025950331
3133	0.08133021045924216
3207	0.09039438400978395
3514	0.11611335025950331
3729	0.09704045764615295
3928	0.11895451613397699
4083	0.17579169245229714
4084	0.12545135390404805
4128	0.09810355842765456
4240	0.13499536918662883
4264	0.07907977463469437
4327	0.16587503325705633
4342	0.07815843871902742
4413	0.23222670051900662
4644	0.04786222963809939
4645	0.1015044709189891
4734	0.09308780319011134
4836	0.08067213247979872
4970	0.057549824419694764
5347	0.12098734063121186
5484	0.04239282372654611
5544	0.04614061833176169
5725	0.07130840749196841
5857	0.06644750102472502
5864	0.11265566199643062
5882	0.07497603517404271
5946	0.0760996480053674
6348	0.03213258977634472
6388	0.05130664805298617
6544	0.07755758793393017
6559	0.05979063280950637
6745	0.12545135390404805
6760	0.055602940387988464
6777	0.0823414450707752
6810	0.13057897556203116
6985	0.05688859755000375
7056	0.08789584622614857
7241	0.16587503325705633
7449	0.14192815027199737
7481	0.057383327474183246
7754	0.06199657661331735
8036	0.0379549115404759
8089	0.020382687549108422
8376	0.10733005670592277
8719	0.2262506805562016
8917	0.1406565104961972
9026	0.06517565006534778
9260	0.05623978882321904
9443	0.04143751725816448
9522	0.08268520959191332
9698	0.14192815027199737
9998	0.021130634565201138
10224	0.1406565104961972
10228	0.051167621509930816
10351	0.10397323873152149
10367	0.09126906488888412
10781	0.1003332384394259
10873	0.021481379195329036
10948	0.07459723899513838
10982	0.0960090960026919
11086	0.22868253398968574
11134	0.07362103604137156
11199	0.09920041402310402
11209	0.0703282552480986
11465	0.1660648581814719
11544	0.04081501304125385
11605	0.1003332384394259
11719	0.15061057353690652
11876	0.04319817973818012
12164	0.12314729700816295
