37
t_index	tf-idf
848	0.22393077899930638
983	0.08338143545668956
1240	0.08518507403690265
1416	0.23762379318046722
1894	0.1451696092823986
2120	0.17120878031695766
2396	0.1673638855477206
2640	0.13260226866143288
2822	0.12767385203664552
2907	0.20016499764075138
3317	0.2290308315559636
4128	0.166440817197382
4575	0.29615119142531
4644	0.08120223915963895
5139	0.17974947833670502
5484	0.0719229387540942
5864	0.19112966690627564
6348	0.05451560154147734
6554	0.04501691954937359
7449	0.24079286922099108
7481	0.09735557069880676
7501	0.08163164495454096
8036	0.06439365293879469
8089	0.034580918640726786
8167	0.10054030418001424
8464	0.13311869163956352
8720	0.25147939728239105
8917	0.11931771347714867
9891	0.047531562717109996
10224	0.11931771347714867
10318	0.25147939728239105
10696	0.12720305730591708
11405	0.2883244319381011
11465	0.14087139725861392
11876	0.03664464598582443
12063	0.1954734040809708
12609	0.22393077899930638
