252
t_index	tf-idf
1	0.035756440048149464
15	0.03569947817169059
16	0.019234885837673188
55	0.046984970926886915
67	0.031020445459783188
75	0.05267967220679044
82	0.029656087566091813
154	0.05297051220997608
176	0.06477881683397464
177	0.08271259843595394
182	0.027225004001703627
185	0.03185639101270882
189	0.1031015871849416
190	0.02062031743698832
222	0.03086044131722207
240	0.027937668514229925
277	0.08792405421605831
309	0.040960465518983386
319	0.16887307467425366
355	0.043962027108029156
375	0.043095134751281836
393	0.16018732474075664
433	0.0620537751047682
469	0.024212508298572195
509	0.05415898967007195
614	0.04135629921797697
882	0.04634021813615241
957	0.03551384783988503
972	0.04407663203874692
1023	0.019348827239983827
1110	0.04634021813615241
1235	0.09164125492524546
1301	0.03572556139370061
1351	0.04020817995090684
1422	0.046984970926886915
1460	0.048396824060927116
1471	0.02644675731073423
1488	0.08763574389534515
1497	0.043962027108029156
1555	0.026773739709998887
1561	0.04988101891833703
1665	0.0365171846364333
1894	0.027937668514229925
1905	0.03039361181962846
2071	0.04176652998710345
2114	0.5483267915015433
2139	0.04057805252700757
2233	0.022728313441162284
2260	0.04634021813615241
2269	0.03353752768405745
2472	0.042634658451782284
2506	0.03243769588973949
2532	0.0476688229003308
2558	0.046984970926886915
2664	0.02644675731073423
2702	0.02328253522494778
2709	0.031182751899100497
2716	0.02513009548352943
2754	0.04135629921797697
2794	0.04460138260284755
2853	0.03883921699370272
2892	0.033740778280553135
2918	0.039043853690493444
3016	0.02623391886587734
3077	0.025322922451144314
3157	0.03950294388969796
3162	0.07200872875591724
3167	0.009373688271377766
3231	0.033740778280553135
3359	0.02522609693888515
3385	0.05001101630482214
3640	0.0365171846364333
3671	0.03551384783988503
3710	0.03916619939296739
3721	0.043095134751281836
3741	0.036782611068928016
3809	0.01981646323691056
3881	0.07655730929656382
3917	0.03950294388969796
3987	0.04573033431574264
4062	0.033947758453183915
4078	0.0352763632173623
4130	0.028108595255531464
4135	0.035756440048149464
4182	0.03070267506831334
4260	0.019936465463544443
4288	0.031182751899100497
4330	0.029945336822473564
4334	0.04057805252700757
4358	0.05006980835338806
4365	0.06302908710288142
4426	0.057535031550071045
4457	0.020415629785850264
4467	0.04135629921797697
4472	0.017700331564935078
4532	0.0365171846364333
4564	0.01825811320071396
4644	0.01562724630499006
4645	0.0662833879701277
4682	0.024940509459168515
4695	0.03086044131722207
4798	0.0662833879701277
4895	0.01518324934066082
5012	0.12605817420576285
5071	0.0587326778191209
5083	0.09268043627230482
5089	0.05001101630482214
5152	0.04634021813615241
5239	0.022728313441162284
5240	0.03821238335354799
5252	0.05687817794181571
5436	0.07410886786161505
5450	0.02503490417669403
5484	0.013841459182908845
5544	0.015065132000474274
5740	0.0655185619861761
5769	0.014832544318735132
6117	0.03600436437795862
6251	0.04057805252700757
6315	0.03203127983249173
6341	0.051895403572666456
6353	0.025322922451144314
6364	0.05415898967007195
6431	0.04357521158206899
6450	0.046984970926886915
6554	0.034653748318785205
6560	0.03257282876591851
6601	0.020366821310119552
6625	0.016661261625749428
6708	0.012898095162271726
6724	0.036782611068928016
6763	0.028311628824717786
6824	0.029514197608217472
6826	0.06441784583975811
6827	0.06704542832755729
6828	0.0475605351310995
6841	0.034592511243918427
6909	0.01471802452376097
6934	0.048396824060927116
7001	0.012995477950568738
7025	0.04135629921797697
7083	0.037054433930807526
7109	0.15430220658611035
7134	0.037332969142137004
7187	0.02087964156859424
7215	0.018206250567203163
7245	0.03600436437795862
7278	0.03852144660223288
7318	0.05548759443425033
7377	0.025420586289955673
7416	0.022053554658793526
7486	0.03950294388969796
7551	0.03185639101270882
7574	0.018467981634253578
7579	0.051895403572666456
7591	0.01652670611872652
7821	0.012769545589642065
7832	0.017168836544479364
7862	0.019234885837673188
7928	0.04515174067605654
8060	0.01634975969952444
8062	0.05297051220997608
8089	0.006655044720984295
8103	0.07772604415630714
8109	0.03009279124790357
8309	0.04020817995090684
8539	0.0256184879084402
8558	0.03761855662185364
8596	0.04020817995090684
8665	0.09546160328743557
8709	0.039513874979419564
8784	0.06655144935304044
8792	0.034592511243918427
8894	0.03985005136641127
8933	0.026997115383943213
9099	0.04176652998710345
9145	0.04057805252700757
9186	0.0729029404426061
9261	0.02107812357363534
9307	0.022883903534393808
9370	0.03821238335354799
9423	0.05001101630482214
9451	0.04135629921797697
9553	0.02265131585265466
9652	0.019066103093933494
9680	0.051895403572666456
9783	0.02551910309885461
9886	0.04057805252700757
9891	0.03658950519239169
9934	0.04020817995090684
9991	0.03086044131722207
10109	0.046984970926886915
10116	0.10342295850794699
10132	0.12955763366794928
10152	0.32166543960725474
10161	0.08041635990181369
10162	0.05001101630482214
10194	0.03985005136641127
10217	0.12084539518186325
10224	0.022962510841479662
10228	0.016706472519610528
10367	0.05959957017586821
10452	0.02625328683177223
10503	0.13179546806979586
10570	0.03821238335354799
10682	0.033947758453183915
10909	0.0587326778191209
10976	0.02055640733448047
11047	0.04634021813615241
11086	0.037332969142137004
11291	0.0476688229003308
11305	0.02612174006934941
11429	0.07466593828427401
11430	0.04573033431574264
11516	0.017700331564935078
11519	0.04608333956660508
11546	0.046984970926886915
11547	0.0587326778191209
11592	0.03591468020254524
11608	0.08115610505401515
11612	0.034592511243918427
11640	0.029374070304134955
11660	0.01825811320071396
11663	0.04011551612286934
11688	0.06655144935304044
11693	0.03551384783988503
11696	0.06874694647396615
11833	0.04269663719516928
11867	0.03185639101270882
11876	0.007052205881340745
11907	0.05699384228581605
12112	0.05001101630482214
12262	0.02336398036518097
12290	0.03821238335354799
12295	0.05548759443425033
12329	0.04624277631383307
12488	0.015065132000474274
12504	0.0259220067466336
12520	0.026997115383943213
12555	0.035043775535623156
12564	0.04098571458159651
12572	0.048396824060927116
12584	0.021695426074297936
12659	0.045767807068787615
12666	0.04425313057710807
12674	0.028568005836014883
12718	0.02623391886587734
12719	0.04149846860419071
12739	0.013806373297956573
12780	0.05297051220997608
12829	0.021563287192625184
12841	0.04135629921797697
