269
t_index	tf-idf
1	0.03283918217578325
15	0.03278686764347555
16	0.017665570714063127
44	0.018309910617973563
55	0.043151611785574626
67	0.08546874842036935
75	0.048381699918386284
82	0.02723653867366116
154	0.04864881118102197
176	0.05949371258095038
177	0.07596433214864384
182	0.025003799733543216
185	0.0292573261353928
189	0.09468984607023047
190	0.018937969214046096
222	0.02834263290967002
240	0.025658320142329775
277	0.10093825161797719
307	0.037618627228310955
309	0.037618627228310955
319	0.17725170327262407
355	0.06056295097078632
375	0.03957913536922461
393	0.189151886609056
433	0.07598799815703056
469	0.02223708428128674
509	0.049740324423709015
614	0.03798216607432192
726	0.09719482000731341
872	0.008587221989205885
882	0.042559462390255536
950	0.032184661766996685
957	0.03261638231900518
972	0.040480555314406516
1023	0.01777021598811179
1110	0.042559462390255536
1235	0.08416452704058494
1301	0.0328108228156953
1351	0.03692771832392867
1422	0.043151611785574626
1460	0.044448276168599414
1465	0.02710622508066154
1471	0.048578095588734466
1488	0.0804858133252129
1497	0.04037530064719088
1555	0.024589352706245127
1561	0.045811380136477994
1665	0.033537859954954036
1894	0.025658320142329775
1905	0.02791389059371624
2071	0.03835892737783299
2114	0.5395612462818172
2139	0.03726741413514594
2233	0.02087398031340817
2260	0.042559462390255536
2269	0.0616026080817369
2472	0.03915622791348983
2506	0.029791204136971696
2532	0.043779670381647165
2558	0.043151611785574626
2634	0.025886017089269915
2664	0.024289047794367233
2702	0.02138298484794827
2709	0.028638647163360696
2716	0.023079808352486166
2754	0.03798216607432192
2794	0.040962493095352846
2853	0.03567044484024325
2892	0.030987972046874375
2918	0.03585838585888806
3016	0.024093574183033054
3077	0.023256903161404
3157	0.03628002030198397
3162	0.06613375824544679
3167	0.008608917900894564
3231	0.030987972046874375
3241	0.022734449904317312
3359	0.02316797734462636
3385	0.045930771436378415
3640	0.033537859954954036
3642	0.043151611785574626
3671	0.03261638231900518
3710	0.03597074975212115
3721	0.03957913536922461
3741	0.033781631061899374
3809	0.018199699003600796
3881	0.07031123410194628
3917	0.03628002030198397
3987	0.0419993371133116
4062	0.03117806534437951
4078	0.06479654667154228
4130	0.02581530149698241
4135	0.03283918217578325
4182	0.028197738323348584
4260	0.018309910617973563
4288	0.028638647163360696
4330	0.0275021889736278
4334	0.03726741413514594
4358	0.04598476682268489
4365	0.05788673791232064
4426	0.0528409254393882
4457	0.02812497209739345
4467	0.03798216607432192
4472	0.01625621600052862
4532	0.033537859954954036
4564	0.016768489949696472
4644	0.014352267385241655
4645	0.09131329558457243
4682	0.022905690068238997
4695	0.02834263290967002
4798	0.06087553038971495
4895	0.013944494766449949
5012	0.11577347582464129
5071	0.053940859436131555
5083	0.08511892478051107
5089	0.045930771436378415
5152	0.042559462390255536
5239	0.02087398031340817
5240	0.03509475262716971
5252	0.052237662494999136
5436	0.06806255346649302
5450	0.022992383411342444
5484	0.012712177137157025
5544	0.013836014256441638
5558	0.043151611785574626
5740	0.060173104203384946
5769	0.013622402687667186
6117	0.033066879122723394
6251	0.03726741413514594
6315	0.02941794631474021
6341	0.047661417347859995
6353	0.023256903161404
6364	0.049740324423709015
6431	0.04002004420923672
6450	0.043151611785574626
6554	0.031826455670136714
6560	0.029915311937770788
6601	0.01870515505581644
6625	0.015301920579050735
6708	0.011845779282950481
6724	0.033781631061899374
6763	0.02600177018226905
6824	0.02710622508066154
6826	0.05916219209895364
6827	0.061575398220215724
6828	0.04368021747815881
6841	0.031770214739698606
6909	0.013517226210231914
6934	0.044448276168599414
7001	0.011935216909329532
7025	0.03798216607432192
7082	0.08192498619070569
7083	0.03403127673324651
7109	0.1700557974580201
7134	0.03428708711411502
7187	0.019176135888047084
7215	0.033441717257604024
7245	0.033066879122723394
7278	0.03537860035680206
7318	0.05096053241510064
7377	0.023346598908251106
7416	0.020254273022943043
7486	0.03628002030198397
7551	0.0292573261353928
7574	0.016961235863793996
7579	0.047661417347859995
7591	0.015178343041635654
7821	0.01172771767422993
7832	0.03153616804531872
7862	0.03533114142812625
7928	0.041467949147568496
8060	0.015015833136071653
8062	0.04864881118102197
8089	0.006112080108816607
8103	0.07138461548226874
8109	0.027637613046404646
8309	0.03692771832392867
8419	0.0451630281077754
8539	0.02352835434289573
8558	0.03454937439050239
8596	0.03692771832392867
8665	0.10959148117538507
8709	0.036290059557745
8784	0.061121721469585034
8792	0.031770214739698606
8894	0.036598808348193686
8933	0.024794503846582872
9099	0.03835892737783299
9145	0.03726741413514594
9165	0.03798216607432192
9186	0.06695501395332339
9261	0.01935842435729577
9307	0.021016876289895108
9370	0.03509475262716971
9423	0.045930771436378415
9451	0.03798216607432192
9553	0.020803264721120658
9652	0.01751055843481126
9680	0.047661417347859995
9783	0.04687415606796419
9886	0.03726741413514594
9891	0.03360428009938041
9934	0.03692771832392867
9991	0.02834263290967002
10109	0.043151611785574626
10116	0.0949849976962882
10132	0.14873428145237594
10152	0.29542174659142934
10161	0.07385543664785733
10162	0.09186154287275683
10194	0.036598808348193686
10217	0.11098599139449596
10224	0.021089070268777352
10228	0.015343442855257074
10367	0.054737024714097825
10452	0.024111361976212133
10479	0.03567044484024325
10503	0.12104268154375858
10570	0.03509475262716971
10682	0.03117806534437951
10909	0.053940859436131555
10976	0.018879273340063615
11047	0.042559462390255536
11086	0.03428708711411502
11291	0.043779670381647165
11305	0.023990547709187224
11429	0.06857417422823003
11430	0.0419993371133116
11516	0.01625621600052862
11519	0.042323541752433094
11546	0.043151611785574626
11547	0.053940859436131555
11592	0.032984512003101894
11608	0.07453482827029188
11612	0.031770214739698606
11624	0.040480555314406516
11640	0.026977530331956958
11660	0.016768489949696472
11663	0.0368426146523682
11688	0.061121721469585034
11693	0.03261638231900518
11696	0.06313809473894294
11833	0.05881972500299505
11867	0.0292573261353928
11876	0.006476838112704243
11907	0.05234389014122887
12031	0.045930771436378415
12112	0.045930771436378415
12170	0.03403127673324651
12262	0.021457785129907224
12290	0.03509475262716971
12295	0.05096053241510064
12329	0.04246997054625831
12488	0.013836014256441638
12504	0.0238071100134209
12520	0.024794503846582872
12555	0.032184661766996685
12564	0.03764181629763115
12572	0.044448276168599414
12584	0.019925363047208072
12659	0.042033752579790216
12666	0.04064265388034866
12674	0.05247446036486984
12718	0.024093574183033054
12719	0.0381127362979629
12739	0.012679953801551059
12780	0.04864881118102197
12829	0.019804004970120068
12841	0.03798216607432192
