100
t_index	tf-idf
729	0.05647522431071223
731	0.06509085234917483
1020	0.043871906427304215
1075	0.044803505014709526
1100	0.05325184859652026
1118	0.14956202744551192
1122	0.058254897859796026
1206	0.05757279561785534
1240	0.07368375991100676
1301	0.026762188981172382
1416	0.10277043674498229
1908	0.20554087348996458
2120	0.14809292362727758
2121	0.06067100493309543
2396	0.0723835748216241
2430	0.040799150019983604
2464	0.04466830502912685
2604	0.3832539197557941
2634	0.06334188738919794
2710	0.11662528538270618
2819	0.20554087348996458
2891	0.052081334578336205
2907	0.086569799906255
3067	0.14226930497306264
3112	0.08519919924205575
3133	0.059676762317416414
3231	0.07582613536272258
3317	0.09905404787977963
3648	0.086569799906255
3808	0.045490537232785504
4084	0.09205104212882573
4128	0.07198435496135647
4200	0.04466830502912685
4342	0.057349446708651934
4590	0.22883910487931766
4644	0.07023866988579473
4734	0.13660800025620576
4878	0.05647522431071223
4896	0.24939613494027218
4949	0.05528449695625764
5273	0.10147015495307904
5314	0.04222769342302735
5347	0.08877553284930235
5788	0.09294060488257865
5882	0.05501432991896491
6061	0.07536936737965211
6205	0.09386252237870428
6388	0.037646707464205925
6549	0.08728392986844814
6556	0.04859849839935099
6779	0.07824224243602197
7000	0.09294060488257865
7066	0.1598405424759892
7165	0.06067100493309543
7215	0.04091516824174929
7639	0.09905404787977963
7813	0.09905404787977963
8036	0.02784975253340382
8167	0.04348289719963435
8212	0.046340335371000005
8376	0.07875437979794772
8386	0.03837252211764431
8428	0.10147015495307904
8431	0.07536936737965211
8719	0.12451008067727025
8777	0.03879679875291605
8917	0.051603980229986496
9026	0.047823210537270594
9260	0.04126644320030213
9390	0.04956126995300195
9443	0.03040514532639221
9678	0.09684831493673228
9891	0.010278515030477274
9998	0.031009580559136357
10226	0.08955559246428302
10349	0.09905404787977963
10403	0.049075313783393325
10794	0.18410208425765145
10873	0.03152430451738166
10920	0.05269057244582391
11134	0.0540200873032859
11199	0.07278918247005901
11306	0.05421584068688191
11396	0.1598405424759892
11465	0.060925780315898535
11553	0.13870622551832115
11592	0.02017789408933607
11623	0.03142398162550183
11719	0.11051184238550518
11825	0.09905404787977963
11876	0.03169704701640126
12063	0.08454072229279223
12238	0.19810809575955926
12270	0.07927707743380573
12612	0.0428475271678447
12624	0.047369169673476354
12670	0.0814828103768531
12728	0.1087628774255283
12739	0.03102726089642445
12838	0.140895049210132
