34
t_index	tf-idf
189	0.08117827475192602
277	0.08653507702130803
319	0.2849233853801979
355	0.08653507702130803
393	0.3603583338012691
433	0.0814313103284737
972	0.17352133189582625
1231	0.2085348495275023
2114	0.30837978173971264
2268	0.4170696990550046
3162	0.1417423467254472
3241	0.09745202348822855
3881	0.1004638638135394
4260	0.07848607936941004
6117	0.1417423467254472
6431	0.17154733475815742
6724	0.14480615618897008
6909	0.05794206816876027
7486	0.15551559001878207
7975	0.08947705479378117
8103	0.06119853573721307
9111	0.15043489821528688
9261	0.08298057059229878
10116	0.0814313103284737
10132	0.12751095144685437
10152	0.15829197049482108
10159	0.1905291076504581
10217	0.06796362528334972
10993	0.3322057139885713
11194	0.1344759528750579
11592	0.03534731928859669
12718	0.1032779577725534
12739	0.054353070379932415
12829	0.028296855882177247
