301
t_index	tf-idf
3	0.03149958646144531
56	0.04874755163674337
66	0.05147961522950027
67	0.0307719082342476
231	0.031430317320043824
272	0.03760781360962864
278	0.022318617658033033
309	0.08126457679766853
312	0.09072788157796699
316	0.031096270835598093
355	0.02180490066968293
356	0.026341944220429667
357	0.030302340335365104
434	0.039530770935158305
598	0.039186444499398676
721	0.031601156153230725
729	0.02492875201097942
731	0.028731779930054654
734	0.04961032575849422
738	0.018585817041074818
762	0.038212811013019675
764	0.02045510651208086
811	0.058262108922476116
848	0.04274985456376641
873	0.05372506537172938
901	0.02393143655551073
946	0.06030223722666907
998	0.04143189464162778
1006	0.02735477118371999
1023	0.019193803552595857
1100	0.04701184082015501
1122	0.051428636889763825
1126	0.05147961522950027
1164	0.04063228839883427
1233	0.045363940788983495
1240	0.13009911517674994
1413	0.06601823610183097
1465	0.029277728509249645
1497	0.02180490066968293
1511	0.02950366093028738
1561	0.024740684958502908
1706	0.031774643755803446
1804	0.04596893819237452
1813	0.06030223722666907
1846	0.04961032575849422
1894	0.05542766127670692
1975	0.03885239801495294
1978	0.05504302529386801
2069	0.017125310908200672
2120	0.09805463757100283
2121	0.026780813262695845
2169	0.042293067621405556
2261	0.033268823480801395
2336	0.06279915247322286
2396	0.031950863558662765
2533	0.05372506537172938
2604	0.12687920286421667
2609	0.038212811013019675
2621	0.024018516576448594
2640	0.025314642879527043
2709	0.03093291426696157
2736	0.042293067621405556
2781	0.03988603017708139
2790	0.06030223722666907
2794	0.04424403428876436
2813	0.020018683044344832
2816	0.0466085251943078
2822	0.1462426549102301
2892	0.03347044562423677
2907	0.038212811013019675
2909	0.010910677377267667
2928	0.03093291426696157
2992	0.052257600267514956
3073	0.04372348805014541
3112	0.03760781360962864
3167	0.009298585852909142
3202	0.03476300320579935
3207	0.029277728509249645
3252	0.03760781360962864
3317	0.13117046415043626
3318	0.040283296612307624
3369	0.027959768587111015
3586	0.04143189464162778
3597	0.03885239801495294
3648	0.038212811013019675
3715	0.03476300320579935
3729	0.031430317320043824
3737	0.04322608499706316
3808	0.020079996766072767
3889	0.059999793782607926
3912	0.04961032575849422
3946	0.025512696301446546
3992	0.03522930926929418
4083	0.1138739204250299
4128	0.031774643755803446
4200	0.019717054910584474
4304	0.020079996766072767
4342	0.025314642879527043
4353	0.06928798346866852
4443	0.09922065151698845
4564	0.09055914182007391
4575	0.05653720501886596
4640	0.017125310908200672
4644	0.031004080187989662
4669	0.05372506537172938
4737	0.028731779930054654
4810	0.04274985456376641
4878	0.02492875201097942
4895	0.03012320090723679
4970	0.037279487073719954
5139	0.0343153544642062
5141	0.07055527965257771
5201	0.1891475924580526
5219	0.04961032575849422
5273	0.044789982867959356
5314	0.018639743536859977
5347	0.039186444499398676
5448	0.02723760020505671
5484	0.0686528038994079
5548	0.014713705296342902
5561	0.06536975838066855
5594	0.04929564725413595
5747	0.06030223722666907
5769	0.014713705296342902
5806	0.038212811013019675
5829	0.05372506537172938
5842	0.021109663049648925
5864	0.18243953554704753
5882	0.07285169404842615
5941	0.06601823610183097
5998	0.042293067621405556
5999	0.04961032575849422
6106	0.050505981743121264
6168	0.023340143656243238
6187	0.03596736087079057
6205	0.04143189464162778
6246	0.05290011671655251
6306	0.044789982867959356
6325	0.06601823610183097
6343	0.05653720501886596
6348	0.062444315545250206
6349	0.04372348805014541
6388	0.01661764863901683
6463	0.07055527965257771
6547	0.028731779930054654
6549	0.03852803541360245
6559	0.03873103255183399
6580	0.023505920410077506
6601	0.10101820703878081
6625	0.0330555416735744
6760	0.018009169605263508
6779	0.0345369404420507
6805	0.017856926083739805
6827	0.022169419098082344
6894	0.06030223722666907
6926	0.06279915247322286
6962	0.14111055930515543
7046	0.07055527965257771
7056	0.028468480106257476
7132	0.0770560708272049
7133	0.0471243546737022
7215	0.0903019062814596
7241	0.05372506537172938
7268	0.035469957817708314
7296	0.02058299048937782
7321	0.02309599448955618
7416	0.06563058171545366
7455	0.042293067621405556
7481	0.05575745112322446
7483	0.050240068080249126
7549	0.05254611004731421
7557	0.22394991433979677
7591	0.03278858678926175
7632	0.03388492731311233
7639	0.04372348805014541
7754	0.020079996766072767
7755	0.06252409517886473
7757	0.025120034040124563
7803	0.05800284986950464
7813	0.04372348805014541
7821	0.012667235407271717
7944	0.06122637210436616
7975	0.02254621315601025
8035	0.02393143655551073
8036	0.049172682920406385
8060	0.016218764678219488
8089	0.019805172596355163
8116	0.04961032575849422
8167	0.019193803552595857
8278	0.04102495066015625
8376	0.17381501602899674
8403	0.10295923045900054
8431	0.033268823480801395
8433	0.04424403428876436
8464	0.025413231413479946
8634	0.05372506537172938
8709	0.019598644004365135
8719	0.054960045966244465
8720	0.04800906649656746
8775	0.025413231413479946
8873	0.03790622399319625
8917	0.1366712049363716
9065	0.03790622399319625
9170	0.10745013074345876
9204	0.037033855688604504
9210	0.044789982867959356
9219	0.05372506537172938
9260	0.054646313041046474
9275	0.039186444499398676
9307	0.022700556654309964
9522	0.026780813262695845
9527	0.039186444499398676
9531	0.042293067621405556
9606	0.03731715502839263
9629	0.03852803541360245
9657	0.04961032575849422
9678	0.04274985456376641
9698	0.04596893819237452
9700	0.044789982867959356
9701	0.06653764696160279
9724	0.0466085251943078
9854	0.11008605058773602
9891	0.054444522608960905
9938	0.030150096813841402
9986	0.019539905149177503
9997	0.026559227284851345
9998	0.006843975859840633
10069	0.06030223722666907
10128	0.02718397309593444
10178	0.02285705887282823
10204	0.058262108922476116
10209	0.019657692828561172
10224	0.022778534156061937
10226	0.039530770935158305
10236	0.04728689811451315
10268	0.04102495066015625
10318	0.04800906649656746
10366	0.03499372738441155
10367	0.02956102784903778
10368	0.045363940788983495
10375	0.019598644004365135
10477	0.02084322840968944
10488	0.06601823610183097
10503	0.032684879190334276
10697	0.038212811013019675
10700	0.044789982867959356
10781	0.06499362427571553
10873	0.034787890584940244
10967	0.0487810778395111
10982	0.09328881250679429
11038	0.058262108922476116
11127	0.027121643455271845
11134	0.047690057947751746
11153	0.01891334460531394
11197	0.03852803541360245
11199	0.06425980599545308
11209	0.022778534156061937
11227	0.13203647220366194
11279	0.02886579022900378
11368	0.04800906649656746
11372	0.024740684958502908
11445	0.05653720501886596
11465	0.21514619015437664
11536	0.026023731509983175
11544	0.03965857671403485
11553	0.03061318605218308
11592	0.008906732536190306
11605	0.09749043641357327
11621	0.06279915247322286
11636	0.015339867310201325
11663	0.01989705438793275
11707	0.0975621556790222
11714	0.04185419857913937
11718	0.035469957817708314
11719	0.0975621556790222
11803	0.17478632676742836
11814	0.031262047589432365
11833	0.12706364936481104
11857	0.040037366088689665
11867	0.06320231230646145
11876	0.01399140657157767
11877	0.04800906649656746
11921	0.06279915247322286
12055	0.01193120732539593
12188	0.01419315905772396
12193	0.014156887628174658
12238	0.08744697610029083
12476	0.0307719082342476
12488	0.01494442947495511
12551	0.11940674572109516
12566	0.023626217709632632
12589	0.06279915247322286
12728	0.04800906649656746
12737	0.055185718893959596
12742	0.02285705887282823
12762	0.032311853774446425
12766	0.017813465072380612
12768	0.026669471784668795
12792	0.03648790710940951
12795	0.06425980599545308
12839	0.021109663049648925
