229
t_index	tf-idf
3	0.02110025992214792
16	0.025562831667539136
34	0.037625666613660416
75	0.035005188080862164
189	0.02740404637809478
190	0.05480809275618956
250	0.037625666613660416
278	0.029900623251923768
304	0.04353651966760128
319	0.03206134355127021
433	0.05497893153531391
469	0.03217800610352713
534	0.04961487236699533
633	0.03649066597656381
721	0.0423365944495614
847	0.04059654929807948
915	0.057910704952984456
1010	0.09452408153811148
1075	0.02649521889504199
1100	0.0629825449891573
1119	0.04999441320399133
1122	0.10334970020739676
1164	0.05443575251354208
1206	0.03404652876585845
1240	0.021786993531096407
1273	0.028101430831049413
1323	0.06431854481246273
1471	0.03514728452208689
1490	0.029601788194283347
1497	0.029212388059129884
1511	0.01976327260822777
1623	0.09452408153811148
1680	0.07574383382016636
1908	0.06077482591157553
1957	0.08413306896568075
2079	0.09452408153811148
2109	0.028832847222133876
2121	0.07175740182634269
2137	0.17689145767743486
2157	0.026737667235692285
2167	0.027924019739081086
2169	0.056660726058032795
2294	0.051888608435996075
2336	0.1682661379313615
2521	0.05496180867530491
2533	0.07197636356689266
2549	0.07574383382016636
2604	0.283303630290164
2611	0.06896809666781767
2615	0.021212553048768953
2816	0.06244221633776651
2822	0.2285776697271258
2824	0.05496180867530491
2891	0.015399535812498345
2907	0.05119433842203121
2941	0.052498731395992905
3073	0.05857708409538695
3133	0.03529074075852393
3181	0.028280966657243965
3193	0.024614175508431438
3356	0.04961487236699533
3369	0.07491633393641445
3710	0.052051203765335785
3716	0.061585350994461927
3729	0.04210771882356218
3735	0.0453962006532929
3763	0.08844572883871743
3773	0.06646377847581611
3794	0.08844572883871743
3838	0.09452408153811148
3847	0.04626971348560207
3946	0.034179783530443465
4067	0.07574383382016636
4083	0.038139696250664254
4084	0.05443575251354208
4106	0.09452408153811148
4130	0.018677919250262107
4200	0.026415266373214886
4236	0.052051203765335785
4260	0.02649521889504199
4342	0.03391444806732002
4353	0.06188417584295754
4360	0.08844572883871743
4413	0.05038381333914479
4426	0.05097537668148124
4430	0.07300188173332711
4564	0.02426471767264643
4644	0.041536681849103994
4645	0.044044739941111355
4666	0.05443575251354208
4717	0.03849244340348013
4734	0.04039258612036951
4769	0.0453962006532929
4783	0.04039258612036951
4802	0.12317070198892385
4810	0.05727269112142526
4878	0.03339746365307037
4895	0.04035655322699208
4896	0.14748411278650006
4920	0.028012462841090012
4949	0.016346654663261562
4970	0.02497197440933491
5185	0.06000588493942605
5219	0.06646377847581611
5273	0.06000588493942605
5314	0.04994394881866982
5347	0.052498731395992905
5411	0.04457079610287419
5544	0.02002130070473903
5594	0.03302109922509315
5782	0.06000588493942605
5842	0.028280966657243965
5864	0.04888345597591086
5882	0.06506708406355619
5916	0.053927532240032
5925	0.03486442589822122
6106	0.13532740738771196
6187	0.04818607152295623
6230	0.06077482591157553
6349	0.05857708409538695
6490	0.09452408153811148
6544	0.03365372736868063
6549	0.051616649793911666
6559	0.025944304217998038
6560	0.08657745574428387
6625	0.02214252945934737
6696	0.03137981426881317
6708	0.01714134610662902
6769	0.04597285106594173
6777	0.035729534883365686
6805	0.023923220848544733
6828	0.06320713124239935
7001	0.017270766153389915
7206	0.02504457049458599
7268	0.047519692380553744
7296	0.08272612400785974
7321	0.06188417584295754
7416	0.02930879393676757
7473	0.09452408153811148
7481	0.02489972818609321
7501	0.020878166048043618
7531	0.061669249298100415
7632	0.0453962006532929
7751	0.041882285067009375
7798	0.06646377847581611
7944	0.041012994474499416
8036	0.016469365271824778
8060	0.021728548769708565
8089	0.0088444397007685
8376	0.09314514705958103
8407	0.03867197922967469
8433	0.059274468548341584
8492	0.06000588493942605
8505	0.024478148160463394
8539	0.0680930575317169
8719	0.24543629202674644
8917	0.03051678103309158
9036	0.032295583665538544
9260	0.024403524796840277
9269	0.0437884762255011
9305	0.07374205639325003
9306	0.03183070727434311
9443	0.017980534797307476
9495	0.015021907222753872
9544	0.07197636356689266
9595	0.04568175333095466
9648	0.059274468548341584
9652	0.02533852231093496
9657	0.06646377847581611
9678	0.05727269112142526
9724	0.06244221633776651
9783	0.03391444806732002
9826	0.021786993531096407
9854	0.14748411278650006
9997	0.035581838493511014
9998	0.02750696483973787
10099	0.030412313277169752
10131	0.026177935891723726
10217	0.022943063830562393
10224	0.06103356206618316
10308	0.08078791008428751
10318	0.06431854481246273
10368	0.06077482591157553
10419	0.03149127249457865
10475	0.039037633023243104
10572	0.05857708409538695
10592	0.09452408153811148
10660	0.03404652876585845
10739	0.04457079610287419
10794	0.10887150502708416
10867	0.02873944466260862
10873	0.009321183113104295
10948	0.01618458754633605
10982	0.041660191192905066
11071	0.04924470387310426
11134	0.03194558187713068
11153	0.05067704462186992
11197	0.051616649793911666
11199	0.04304496539059155
11200	0.12317070198892385
11209	0.09155034309927473
11305	0.017357671105802806
11346	0.059274468548341584
11372	0.03314550709517055
11405	0.07374205639325003
11465	0.10808809837250437
11537	0.02911659819769528
11544	0.03542083651723738
11592	0.011932497704418699
11605	0.08707303933520257
11623	0.018583038792346726
11643	0.09706141764618996
11658	0.10544185356626068
11710	0.046881678548994526
11746	0.04039258612036951
11803	0.0780547162662867
11876	0.03748904014318817
12193	0.018966217795191937
12238	0.17573125228616085
12310	0.07197636356689266
12451	0.0392238597945646
12467	0.035878700913171344
12520	0.035878700913171344
12537	0.019161543845887228
12551	0.11997840230014223
12590	0.03241409070408609
12591	0.0328977152997112
12838	0.08332038238581013
12874	0.08844572883871743
