371
t_index	tf-idf
3	0.024227380092919314
56	0.018746682016732793
91	0.014504381893958774
190	0.015732703059956093
278	0.017165991490445013
299	0.03252900560499349
304	0.024994379543227484
357	0.023306538259112292
410	0.033629189553826426
433	0.015781742456292054
525	0.03751915015159511
572	0.04638045720162341
639	0.019028884045270703
731	0.022098567991155962
742	0.022736370158783045
872	0.014267655854662522
875	0.022098567991155962
880	0.021130538512612696
901	0.018406464170874055
915	0.033246620314666665
918	0.015397035248975394
983	0.012243111895430496
989	0.03155365465363833
1005	0.025139028171198532
1036	0.09276091440324682
1040	0.05312702021407343
1075	0.030421887748477372
1116	0.01498384914803029
1119	0.02870186565673982
1126	0.0395946850517832
1164	0.03125164504266021
1170	0.022847421903081762
1171	0.019028884045270703
1173	0.02870186565673982
1207	0.07137460095655286
1208	0.02430550072259228
1211	0.025139028171198532
1229	0.04638045720162341
1240	0.06253972407299553
1265	0.024994379543227484
1273	0.03226614498639837
1340	0.044811326637814175
1446	0.02262673312489621
1511	0.011346123676346964
1539	0.054266413300296544
1583	0.09276091440324682
1735	0.03815695231922219
1774	0.026914840143943845
1806	0.02939074447737503
1905	0.02318944270082127
1955	0.0395946850517832
1960	0.054266413300296544
1979	0.04132173547328859
2018	0.02766369405586965
2120	0.025139028171198532
2121	0.020598014609079934
2157	0.01535013382079633
2169	0.06505801120998699
2179	0.05077682213577095
2294	0.044683988859966356
2336	0.04830091780233977
2349	0.01471901622886168
2385	0.03751915015159511
2393	0.06310730930727666
2396	0.02457447232458714
2413	0.05077682213577095
2449	0.05612812697822547
2464	0.01516504301465592
2533	0.16528694189315435
2560	0.06373329762161242
2596	0.04041496170366663
2604	0.13011602241997397
2615	0.02435631538900135
2645	0.022847421903081762
2664	0.0201781073904396
2667	0.05077682213577095
2709	0.047583067304368586
2724	0.054266413300296544
2787	0.02870186565673982
2790	0.04638045720162341
2816	0.07169633524141762
2817	0.04132173547328859
2819	0.03489091634115889
2891	0.03536358402792048
3073	0.033629189553826426
3164	0.024994379543227484
3167	0.014303703577874562
3193	0.01413103411798847
3202	0.026737382500850452
3317	0.06725837910765285
3369	0.021504788378701886
3432	0.018406464170874055
3522	0.02295992534524534
3635	0.05382968028788769
3639	0.03584816762070881
3648	0.02939074447737503
3659	0.025588159155681557
3715	0.026737382500850452
3716	0.035356239975331806
3735	0.026062025113902022
3737	0.033246620314666665
3808	0.01544419367256398
3890	0.03252900560499349
3981	0.011798402380744876
3992	0.027096034010569474
4083	0.021896055335399643
4087	0.02307391894251112
4128	0.024438935810512662
4130	0.010723020727957227
4134	0.021896055335399643
4138	0.021222586350163972
4148	0.018208607393387276
4203	0.04638045720162341
4236	0.02988267212275203
4248	0.023917176624795256
4254	0.03186664881080621
4314	0.04132173547328859
4329	0.02988267212275203
4342	0.01947033418071974
4353	0.017763897878701654
4369	0.022305960936678065
4413	0.02892542084320211
4457	0.015576532329547333
4467	0.06310730930727666
4564	0.013930409863944908
4572	0.019935657814892652
4640	0.07902987877448303
4644	0.011923134865042762
4645	0.025286149544703432
4700	0.03125164504266021
4709	0.02241156214832384
4734	0.09275777080328508
4769	0.026062025113902022
4810	0.03288033564190062
4836	0.04019305923189049
4878	0.019173532673241758
4895	0.0115843780820466
4913	0.054266413300296544
4949	0.009384638322839554
4968	0.02307391894251112
4970	0.014336446989701917
5086	0.0201781073904396
5091	0.01493914052400034
5134	0.054266413300296544
5139	0.05278616191645288
5201	0.03636992680642622
5219	0.07631390463844438
5273	0.10334839861712955
5333	0.022098567991155962
5369	0.010750386063481453
5411	0.025588159155681557
5412	0.04638045720162341
5421	0.03444946620570986
5471	0.04638045720162341
5484	0.06336378707262401
5544	0.011494257983504695
5599	0.0388458311398574
5656	0.020860158451278896
5769	0.022633600680822607
5782	0.03444946620570986
5842	0.016236144273299537
5882	0.037355108016727145
5887	0.03751915015159511
5894	0.05077682213577095
5946	0.01895746130531308
5970	0.04694683023620656
5998	0.03252900560499349
6106	0.0388458311398574
6144	0.02622596132330864
6168	0.017951681126838478
6187	0.02766369405586965
6205	0.03186664881080621
6212	0.18552182880649365
6315	0.024438935810512662
6339	0.036925370539141036
6342	0.030404431308469444
6348	0.0160093336379582
6379	0.025743233455153287
6388	0.012781186518776013
6391	0.03343176312287646
6544	0.03864130809349331
6549	0.029633194052921977
6554	0.013219901533521894
6559	0.01489466295332212
6580	0.018079185544416437
6601	0.031078585761490217
6614	0.014806391504936898
6620	0.018677554008363573
6625	0.012712058510406798
6760	0.041554354789889746
6769	0.02639308095822644
6777	0.04102475634690675
6798	0.01317164646241384
6810	0.03252900560499349
6828	0.036287306384914904
6832	0.03751915015159511
6842	0.025286149544703432
6909	0.011229425064336085
6959	0.011860542656270736
6985	0.01417172634874289
6986	0.021600950169855086
7050	0.04638045720162341
7056	0.043792110670799286
7074	0.03815695231922219
7148	0.054266413300296544
7215	0.23614428308546875
7241	0.2066086773664429
7268	0.027281124816709884
7296	0.01583106288222106
7321	0.03552779575740331
7361	0.04830091780233977
7472	0.019699851536295675
7481	0.042884910982185255
7531	0.017702203057008415
7549	0.12124488511099987
7557	0.2066967972342591
7574	0.014090533380793113
7591	0.05043758627278616
7639	0.033629189553826426
7640	0.25388411067885475
7648	0.07503830030319023
7667	0.035356239975331806
7754	0.03088838734512796
7755	0.024044681042373214
7779	0.06629570397346787
7808	0.017459753481461473
7813	0.033629189553826426
7821	0.01948558450531329
7832	0.013099323425288039
7862	0.014675659004814306
7947	0.03444946620570986
7949	0.03402955898706952
8026	0.0395946850517832
8035	0.018406464170874055
8036	0.03782034664992949
8041	0.04861100144518456
8063	0.04041496170366663
8089	0.025388028764814784
8167	0.014762592984093052
8212	0.031465406119912186
8286	0.03402955898706952
8309	0.030677673012646345
8376	0.34758597251105583
8417	0.05077682213577095
8431	0.025588159155681557
8505	0.007026470309399526
8517	0.036925370539141036
8593	0.03219145682126541
8605	0.026563510107036715
8665	0.03641721478677455
8719	0.014090533380793113
8775	0.019546161902706
8777	0.02634329292482768
8917	0.035039457145504146
8929	0.024438935810512662
8938	0.020512378173453374
8950	0.030404431308469444
8955	0.02622596132330864
8971	0.03751915015159511
9008	0.020684511726818455
9051	0.033246620314666665
9115	0.036925370539141036
9135	0.02590115331284943
9172	0.044811326637814175
9210	0.06889893241141971
9260	0.014010099236726508
9267	0.027096034010569474
9272	0.02307391894251112
9299	0.035356239975331806
9305	0.042335422304382996
9315	0.04830091780233977
9386	0.03013959838930083
9398	0.04638045720162341
9420	0.04591985069049068
9435	0.09466096396091499
9443	0.010322651294714137
9449	0.025743233455153287
9522	0.04119602921815987
9544	0.08264347094657717
9606	0.02870186565673982
9652	0.0145468826754966
9678	0.06576067128380124
9698	0.035356239975331806
9724	0.03584816762070881
9783	0.01947033418071974
9820	0.01471901622886168
9826	0.012507944814599107
9891	0.09421896144219105
9931	0.054266413300296544
9997	0.06128275638080896
10099	0.017459753481461473
10131	0.015028791238518168
10135	0.017888630362999536
10209	0.015119385662104771
10216	0.028483970707753076
10222	0.02988267212275203
10224	0.07007891429100829
10228	0.025493106217547884
10322	0.044811326637814175
10351	0.05180230662569886
10367	0.022736370158783045
10368	0.03489091634115889
10558	0.04276107778406629
10660	0.019546161902706
10665	0.038493557988514907
10697	0.02939074447737503
10699	0.023917176624795256
10727	0.01962266365772478
10781	0.024994379543227484
10794	0.03125164504266021
10880	0.018886626413500984
10890	0.034331982980890026
10948	0.018583190708500837
10982	0.11958588312397626
11025	0.1015536442715419
11109	0.03186664881080621
11153	0.0290937653509932
11197	0.029633194052921977
11199	0.02471217751468957
11209	0.017519728572752073
11212	0.03751915015159511
11306	0.03681292834174811
11316	0.033322475253878873
11388	0.04638045720162341
11401	0.015980743016194145
11430	0.03489091634115889
11465	0.16547609381454764
11516	0.027009677365525925
11537	0.050147644684314686
11544	0.08134061596193928
11567	0.013812242459239732
11592	0.020551393092512943
11627	0.020427585460269657
11636	0.011798402380744876
11643	0.027861550833356424
11702	0.019320654046746655
11710	0.026914840143943845
11719	0.11255745045478532
11751	0.02342524897941825
11775	0.010454049125962364
11833	0.11401702754869637
11876	0.037664397248731316
11889	0.016331077240063385
11997	0.04348464564955189
12150	0.0395946850517832
12164	0.030677673012646345
12193	0.021777066687547697
12202	0.05696794141550615
12214	0.03636992680642622
12238	0.10088756866147926
12270	0.05382968028788769
12310	0.08264347094657717
12387	0.03354174932165254
12476	0.023667698554965196
12488	0.011494257983504695
12520	0.020598014609079934
12551	0.068879776035736
12566	0.018171710200384255
12567	0.02417410289134405
12584	0.016552979711839524
12591	0.018886626413500984
12607	0.03815695231922219
12609	0.03288033564190062
12663	0.054266413300296544
12699	0.01758012454531871
12728	0.14770148215656415
12739	0.0210677233360169
12742	0.01758012454531871
12766	0.03425232182085491
12829	0.005484053861517969
12838	0.023917176624795256
