313
t_index	tf-idf
102	0.020008040816453132
167	0.03467982150692882
169	0.03038006903191745
175	0.03156447051129176
180	0.051247485183566664
182	0.018544212145414064
190	0.02809090797807515
192	0.027900071644118556
258	0.027639592429866904
267	0.027387655074134886
272	0.025823322668614423
356	0.01808763818029131
361	0.028739093587420383
554	0.01794128326101374
578	0.02469690939616665
604	0.015481307776263503
618	0.022843964620425428
634	0.01911361340884448
639	0.016988137022737833
645	0.04339772902071694
764	0.014045453989037575
790	0.01772684885196377
872	0.0063687626682583645
921	0.04000554921049335
1031	0.12801456608928774
1081	0.024355368681531528
1100	0.03228057731156123
1157	0.013179383080376179
1170	0.02039715692115528
1202	0.03246944479900134
1208	0.02169886451035847
1209	0.09066255382811579
1211	0.044886001110183524
1263	0.08281279766526606
1264	0.045331276914057896
1291	0.045331276914057896
1493	0.048446627909694936
1511	0.01012931200968754
1587	0.023562562823120345
1645	0.022707971672977376
1666	0.03689019821485631
2002	0.045964816045338544
2057	0.02488536290341269
2069	0.011759057146294317
2294	0.03989186773484281
2296	0.0800110984209867
2349	0.013140479701328008
2353	0.021129463246928052
2430	0.012365956780626451
2431	0.020702497799937332
2493	0.08560584566451032
2506	0.011047409103229398
2636	0.03467982150692882
2640	0.01738224396941284
2703	0.048446627909694936
2811	0.048446627909694936
2814	0.026455190950492587
2824	0.028169692323989966
2891	0.01578551347656998
2896	0.02904044205200658
2898	0.020008040816453132
2909	0.014983585345902637
2914	0.02523949247897723
2917	0.021938990332715864
2992	0.01794128326101374
3000	0.0168611357684717
3009	0.024028366099799744
3061	0.02326701096457828
3157	0.05381457220818827
3207	0.02010348801837488
3242	0.014972287184654261
3294	0.013497911633514275
3308	0.1648266006671572
3318	0.01383021859995591
3475	0.02523949247897723
3476	0.05448562354722282
3544	0.0431209002061304
3692	0.03463027920893923
3716	0.03156447051129176
3871	0.0408625460141063
3890	0.02904044205200658
3917	0.026907286104094135
3963	0.036080671129068494
3987	0.03114905037217896
3988	0.024190127883969164
3992	0.024190127883969164
4005	0.03075494342550396
4119	0.04712512564624069
4121	0.02904044205200658
4122	0.037795172502565866
4127	0.032965320133431446
4155	0.07208509829939924
4182	0.020913015104162696
4191	0.02469690939616665
4254	0.02844911951565472
4336	0.02371471434844204
4339	0.032965320133431446
4353	0.03171762784442492
4428	0.025054341328352915
4429	0.021817989391872263
4438	0.1724836008245216
4454	0.026907286104094135
4457	0.006953015871133588
4477	0.048446627909694936
4501	0.02080703547982804
4564	0.012436447191994446
4620	0.06471566940427924
4641	0.14756079285942525
4683	0.029681096385096063
4711	0.03882114773111904
4744	0.02080703547982804
4859	0.011956078221953693
4860	0.045331276914057896
4903	0.06229810074435792
4919	0.03406482129098492
4921	0.01724861623698948
4970	0.012798938986692888
4979	0.021466016359345152
5024	0.0716098195469358
5048	0.06229810074435792
5193	0.045331276914057896
5223	0.025623742591783332
5240	0.026028225503501867
5278	0.032003641522321935
5314	0.03839681696007868
5369	0.009597464100326122
5414	0.012725059562215204
5441	0.06935964301385764
5484	0.009428059421915576
5531	0.03856872535812542
5548	0.010103133446212473
5555	0.032965320133431446
5612	0.041198726705609985
5725	0.01585881392221246
5769	0.030309400338637424
5798	0.024028366099799744
5806	0.026238742807727235
5839	0.03689019821485631
5882	0.016674485271380126
5892	0.032003641522321935
5896	0.02080703547982804
5913	0.03517429360860057
5970	0.01047800783979898
5978	0.03182857996465988
5983	0.03114905037217896
6017	0.04805673219959949
6018	0.14491748459956133
6019	0.014682313112888595
6046	0.026677913818757396
6048	0.03038006903191745
6133	0.04000554921049335
6136	0.03406482129098492
6173	0.017117272851527223
6179	0.03406482129098492
6246	0.01816187451574094
6248	0.03406482129098492
6286	0.04140639883263303
6353	0.01724861623698948
6493	0.048446627909694936
6554	0.01770320567493193
6580	0.03228057731156123
6587	0.16645628383862432
6601	0.013872786027100781
6614	0.013218484441849525
6620	0.016674485271380126
6625	0.01134875756781559
6668	0.18268213399396918
6671	0.017869138121117165
6744	0.018544212145414064
6760	0.012365956780626451
6805	0.02452283820147149
6909	0.010025128705690957
6959	0.02117712455753081
6985	0.01265188376199196
6986	0.01928436267906271
6999	0.07069672960659144
7001	0.017703644784134262
7029	0.048446627909694936
7030	0.08806228141009287
7136	0.08216296522240467
7193	0.0862418004122608
7215	0.0372033634451977
7222	0.025823322668614423
7263	0.03406482129098492
7366	0.014222091675137622
7377	0.017315139604469613
7481	0.012761910476726777
7501	0.02140146141612758
7531	0.015803735543363517
7546	0.09689325581938987
7646	0.037795172502565866
7773	0.048446627909694936
7778	0.043635978783744526
7784	0.025623742591783332
7811	0.007699209956579028
7955	0.10249497036713333
8010	0.04412385474114071
8036	0.008441078699201587
8037	0.018207807380570245
8049	0.023869939848978595
8089	0.009066118861575049
8140	0.03384874798666392
8144	0.024190127883969164
8167	0.013179383080376179
8370	0.2283556917356039
8386	0.02326092332011836
8388	0.013336996831757344
8397	0.05010868265670583
8425	0.03156447051129176
8505	0.018818755758608672
8539	0.01744993956985688
8543	0.028169692323989966
8565	0.032003641522321935
8580	0.0431209002061304
8581	0.04140639883263303
8583	0.09689325581938987
8623	0.0431209002061304
8633	0.048446627909694936
8729	0.024873547082266693
8877	0.020995711853421854
8879	0.012261419100735745
8922	0.022443000555091762
8924	0.036080671129068494
8964	0.03038006903191745
8990	0.026677913818757396
8991	0.08824770948228142
9109	0.012507590301640245
9122	0.13871928602771527
9145	0.027639592429866904
9179	0.03246944479900134
9261	0.014357286968710364
9299	0.03156447051129176
9300	0.048446627909694936
9306	0.04894277964925034
9364	0.04462772945260474
9381	0.01738224396941284
9394	0.0334954200275545
9497	0.021020477008997188
9509	0.04541594334595475
9514	0.017315139604469613
9519	0.03075494342550396
9527	0.05381457220818827
9529	0.026238742807727235
9580	0.023583090295925375
9629	0.582014200910837
9704	0.01902964097796699
9783	0.01738224396941284
9802	0.09066255382811579
9808	0.048446627909694936
9809	0.03534836480329572
9891	0.02492280796509641
9941	0.02326701096457828
9986	0.04025109894600282
9998	0.009398802004252844
10120	0.039095638757404315
10133	0.0189465763749333
10178	0.015694749305432652
10228	0.011379552803217268
10240	0.045331276914057896
10242	0.048446627909694936
10287	0.09689325581938987
10341	0.048446627909694936
10342	0.02469690939616665
10448	0.024190127883969164
10452	0.017882330540422504
10558	0.012725059562215204
10620	0.026455190950492587
10710	0.03038006903191745
10727	0.017518236916860892
10773	0.027324537445750842
10831	0.021020477008997188
10873	0.009554811485295876
11008	0.03038006903191745
11071	0.02523949247897723
11116	0.021020477008997188
11127	0.018623016948512136
11153	0.012986806559812204
11175	0.04280292283225516
11194	0.02326701096457828
11251	0.028739093587420383
11364	0.025054341328352915
11372	0.016988137022737833
11395	0.08281279766526606
11481	0.017117272851527223
11535	0.016026458411628326
11544	0.009077158217659307
11592	0.00611578834633987
11711	0.04161407095965608
11712	0.03467982150692882
11833	0.014541329323467682
11876	0.009607168612246008
11889	0.029159311415538687
12032	0.03156447051129176
12055	0.016385074643687995
12066	0.032965320133431446
12091	0.045331276914057896
12202	0.025429215721939423
12323	0.01902964097796699
12370	0.0271437170954368
12380	0.028739093587420383
12516	0.012579398309795601
12537	0.009820906691409788
12624	0.014357286968710364
12649	0.016255830696965057
12713	0.04140639883263303
12737	0.0189465763749333
12739	0.018808321598782173
12787	0.03467982150692882
12792	0.17538038929847044
12809	0.048446627909694936
12829	0.009791836265111514
12886	0.045331276914057896
12907	0.048446627909694936
