282
t_index	tf-idf
1	0.059251715924914815
15	0.029578662423444767
33	0.0407438117281163
34	0.023457488864032285
44	0.03303656031199185
67	0.02570186824768244
82	0.02457143487360973
117	0.07371430462082919
184	0.021736010438190616
185	0.052788975304484204
189	0.08542441511324557
250	0.023457488864032285
272	0.03141147643883541
277	0.05463684733814456
319	0.07995378442510132
355	0.1639105420144337
371	0.029424859141121643
381	0.03651952035731242
393	0.18960368393039026
433	0.051414411636409044
469	0.040122357304160375
497	0.023669909029778627
614	0.03426559928322853
665	0.030701305695844287
698	0.033620786044120714
717	0.028846566360539085
726	0.029228092189891263
863	0.0207425715267998
882	0.03839500572770234
950	0.02903538257971356
983	0.01329537167068465
1012	0.02570186824768244
1020	0.016174815811975544
1054	0.05245224087651904
1157	0.01603139481391281
1235	0.0253096672772861
1351	0.03331432957392925
1465	0.048907745012619276
1466	0.033017603541855726
1471	0.021912356895717976
1488	0.03630512570017659
1497	0.018212282446048188
1536	0.0407438117281163
1555	0.0443665537567006
1561	0.02066436115434517
1587	0.02866148932323807
1591	0.030932084951197408
1645	0.02762196508687095
1796	0.04866272952455457
1840	0.021309174393452993
1894	0.0694429365527089
2105	0.03741029739608518
2114	0.03245100067520253
2198	0.029424859141121643
2233	0.01883145483239833
2268	0.04388850984097295
2269	0.027787386838340766
2271	0.02236835391565131
2278	0.04388850984097295
2506	0.02687612552493312
2558	0.27250449184063213
2616	0.03839500572770234
2634	0.07005918674180543
2664	0.021912356895717976
2696	0.029228092189891263
2754	0.06853119856645706
2762	0.01977358411557242
2784	0.03695430037615184
2794	0.03695430037615184
2809	0.029228092189891263
2909	0.00911301276179565
2918	0.016174815811975544
2976	0.04866272952455457
3077	0.020981207936855328
3162	0.02983127469215625
3167	0.015533065201023155
3238	0.056881105179117084
3241	0.041019753787692716
3250	0.042184517079666806
3268	0.032180080692570216
3359	0.020900983538971494
3385	0.04143643113267596
3432	0.01998844610627533
3489	0.034958218687788194
3507	0.05036672228586072
3642	0.0389292131200903
3671	0.05884971828224329
3710	0.03245100067520253
3715	0.02903538257971356
3809	0.016418852782447365
3827	0.05245224087651904
3847	0.028846566360539085
3871	0.016568393332189246
3881	0.021143752641983177
3973	0.03273000900534796
3981	0.01281244066966669
4076	0.044873218172590115
4078	0.17536855313934757
4087	0.02505705500857462
4134	0.023777957458239796
4144	0.024690494890935954
4207	0.029424859141121643
4225	0.03116870733582373
4301	0.04299773280220019
4324	0.042184517079666806
4334	0.06724157208824143
4358	0.0414851430535996
4365	0.02611125128087186
4426	0.09534084882458124
4457	0.05920351455635359
4569	0.026836117129041482
4572	0.021649069485962333
4636	0.0274594203817431
4638	0.02903538257971356
4644	0.025895787094718525
4798	0.1098376815269724
4949	0.030573661883382276
4985	0.01956355089530401
5012	0.05222250256174372
5041	0.06767151040447739
5070	0.05036672228586072
5089	0.04143643113267596
5187	0.04866272952455457
5195	0.04071580936830742
5230	0.035706304634779036
5304	0.028846566360539085
5329	0.02518250769712687
5436	0.3070130569584429
5450	0.06222771458039939
5469	0.01909108499891886
5474	0.019426105992247034
5544	0.024964311896302518
5558	0.0389292131200903
5762	0.03695430037615184
5811	0.04722202417300408
6117	0.02983127469215625
6251	0.033620786044120714
6298	0.01977358411557242
6391	0.018152562850088295
6554	0.007178056765275005
6556	0.017917428814054667
6560	0.02698808933873413
6601	0.016874849802380704
6665	0.020900983538971494
6708	0.021373332174520948
6724	0.030476087931264068
6805	0.01491478390027463
6824	0.048907745012619276
6826	0.0266865765792996
6827	0.07406696841145695
6858	0.03695430037615184
6909	0.01219456141164349
7001	0.010767352214016672
7026	0.04722202417300408
7083	0.030701305695844287
7109	0.07670789233141989
7110	0.04722202417300408
7187	0.017299745013352023
7215	0.030169434798685186
7377	0.021062126926911312
7410	0.05036672228586072
7426	0.03273000900534796
7486	0.03273000900534796
7574	0.015301573646954395
7583	0.0389292131200903
7591	0.013693137443250791
7769	0.030779489827597654
7862	0.03187397822510474
8037	0.007382655850516123
8041	0.026394487652242102
8089	0.0330840669885793
8103	0.03863976516215219
8232	0.044873218172590115
8244	0.0814876234562326
8316	0.03695430037615184
8431	0.027787386838340766
8598	0.026836117129041482
8605	0.028846566360539085
8665	0.0988679205778621
8666	0.055911578643532675
8709	0.08184766479200775
8713	0.04597402843163127
8743	0.04866272952455457
8792	0.02866148932323807
8890	0.06051233980625513
8933	0.02236835391565131
9099	0.03460549437573787
9113	0.02481109120890969
9165	0.06853119856645706
9167	0.04722202417300408
9186	0.020134481655050548
9261	0.03492839299811469
9276	0.043647535498656555
9307	0.018960368393039027
9394	0.0407438117281163
9433	0.026394487652242102
9443	0.011209853080026332
9465	0.03839500572770234
9573	0.0394958159867435
9680	0.04299773280220019
9752	0.06921098875147574
9785	0.026394487652242102
9887	0.04866272952455457
9891	0.03031609081571572
9940	0.042184517079666806
10116	0.08569068606068174
10128	0.011352544171808239
10132	0.1610167027742489
10152	0.03331432957392925
10161	0.133257318295717
10194	0.0990528106255672
10209	0.0985131166946842
10217	0.11442968861405996
10228	0.01384208218864044
10370	0.0389292131200903
10372	0.033620786044120714
10377	0.04143643113267596
10378	0.04597402843163127
10400	0.044873218172590115
10473	0.08768427656967379
10476	0.02410980598549268
10479	0.06436016138514043
10503	0.054599308710172316
10545	0.09732545904910914
10549	0.030701305695844287
10566	0.034958218687788194
10570	0.03166072014201464
10662	0.04388850984097295
10696	0.02028283532499299
10768	0.042184517079666806
10867	0.053752286442163996
10876	0.021912356895717976
10890	0.018641358415294573
11021	0.03331432957392925
11043	0.04299773280220019
11057	0.0253096672772861
11194	0.02830198019421605
11261	0.08599546560440038
11321	0.05036672228586072
11324	0.04597402843163127
11519	0.057273254996756576
11544	0.03312435178980227
11567	0.02999872886398159
11592	0.03719620902608398
11612	0.08598446796971422
11619	0.05245224087651904
11623	0.011585480464898682
11663	0.03323755332316155
11696	0.19936004370030297
11699	0.02236835391565131
11718	0.059251715924914815
11721	0.04009899848900848
11775	0.011352544171808239
11833	0.0176880655249141
11872	0.030256169903127565
11876	0.023372309937036977
11889	0.017734685719105473
12031	0.08287286226535193
12188	0.011854666319134151
12290	0.18996432085208784
12322	0.05245224087651904
12329	0.07662854137707761
12467	0.02236835391565131
12470	0.03273000900534796
12488	0.024964311896302518
12517	0.05557477367668153
12553	0.030701305695844287
12564	0.016979276419144512
12581	0.01384208218864044
12637	0.05036672228586072
12643	0.02518250769712687
12651	0.03695430037615184
12659	0.3602469994677415
12665	0.035706304634779036
12666	0.05499863629206576
12674	0.047339818059557254
12718	0.021736010438190616
12719	0.051575089754672586
12754	0.04388850984097295
12766	0.007439241805216796
12829	0.01191078460667307
12841	0.03426559928322853
