51
t_index	tf-idf
393	0.1466749196361275
469	0.15519064321978765
678	0.20199321046033472
697	0.11230695306656685
717	0.1115766243303493
882	0.14850936075711837
1235	0.09789613094426924
1273	0.06776490612929709
2139	0.13004299254373383
2530	0.1115766243303493
2558	0.15057563986950884
3212	0.08510149355428484
4457	0.032713615201837555
4638	0.11230695306656685
5083	0.14850936075711837
5235	0.22793912348800305
5320	0.13521609418032124
5436	0.11875063427869323
6249	0.17782452286196665
7083	0.11875063427869323
7215	0.05834669628820526
7579	0.16631240682047582
8062	0.1697578739091762
8103	0.049818691392077855
8182	0.22793912348800305
8665	0.07648292482899707
8709	0.06331627849688758
9036	0.07787885281157954
9186	0.07787885281157954
10109	0.15057563986950884
10132	0.10380033872899237
10159	0.3102005857135041
10161	0.12885763904201056
10194	0.12770992223593022
10217	0.16597744536324793
10403	0.0699833961735068
10473	0.11305234118350609
10696	0.07845267506454064
10710	0.1429368070683517
10768	0.16316694180954253
10781	0.10498569223071563
10993	0.13521609418032124
11519	0.14768612613091114
11544	0.04270760581627889
11663	0.06428033677296636
11689	0.12551833955649064
11876	0.022600639994580365
12290	0.24492317270358643
12329	0.07409854146374942
12659	0.293349839272255
12666	0.07091037114023041
