314
t_index	tf-idf
3	0.01491502770392213
15	0.01676823989821855
34	0.026596253410709474
56	0.02308192471194244
190	0.019370951468698456
278	0.021135693390149642
299	0.040051463915515326
304	0.030774426446426577
327	0.04241603845507496
356	0.0748373306367882
357	0.02869626533979012
422	0.05087754656050201
525	0.04619559868152673
604	0.02135122594399907
728	0.03430464218251943
734	0.14094268519890762
742	0.027994243661863108
743	0.032706424519724275
858	0.02226006709971318
865	0.023518062479502024
872	0.01756710643298256
901	0.022663030173871043
915	0.04093502980125841
918	0.018957659178662094
983	0.015074378855841116
989	0.038850559285735685
1005	0.030952525628859685
1036	0.11421223449331412
1116	0.018448922194404114
1119	0.03533928305765416
1164	0.1539148351383303
1175	0.036187467768919915
1206	0.02406628741251392
1207	0.05858683558522005
1211	0.030952525628859685
1229	0.05710611724665706
1240	0.06160182164588162
1465	0.027725959663492863
1840	0.02416048049415359
1955	0.048751109051862654
1979	0.05087754656050201
1981	0.026959602786728386
2035	0.05517411917335934
2057	0.011440312703294053
2109	0.02038092026770182
2120	0.09285757688657906
2121	0.025361385123933225
2169	0.040051463915515326
2277	0.04284811090688169
2294	0.03667822269471205
2351	0.033139000985986204
2385	0.04619559868152673
2393	0.038850559285735685
2407	0.03406103026028055
2429	0.03533928305765416
2533	0.10175509312100402
2596	0.04976107785086601
2603	0.04413819497998303
2604	0.24030878349309195
2615	0.014994403744818889
2640	0.023972924236651507
2661	0.03480934003887966
2696	0.033139000985986204
2709	0.029293417792610025
2736	0.040051463915515326
2816	0.04413819497998303
2817	0.05087754656050201
2822	0.02308192471194244
2891	0.010885387389463628
2907	0.036187467768919915
3073	0.0414060696560716
3164	0.030774426446426577
3167	0.017611490331555894
3182	0.06378179031212515
3202	0.03292050557683677
3252	0.035614536245299894
3317	0.0414060696560716
3343	0.027594322543205235
3369	0.02647785383356923
3372	0.04546450523800867
3635	0.033139000985986204
3648	0.036187467768919915
3659	0.03150551988994464
3685	0.059470691786216695
3735	0.032088969183074724
3737	0.04093502980125841
3808	0.01901572317003049
3889	0.02840985190686694
3890	0.040051463915515326
3931	0.04698089506630254
3981	0.0145268285465386
3992	0.033362096634804786
4083	0.10783841114691355
4084	0.07695741756916515
4203	0.05710611724665706
4236	0.07358631116838397
4260	0.018728533454046896
4353	0.02187186794232964
4457	0.009589332826545956
4472	0.049883654522581394
4562	0.052125652390425645
4572	0.024545855760271525
4587	0.023167413325711542
4640	0.016217640631360414
4644	0.014680405900073882
4645	0.031133669388791526
4700	0.03847870878458257
4710	0.04241603845507496
4734	0.08565627294278051
4810	0.08096808076355451
4836	0.024743929787283674
4878	0.023607486233068638
4895	0.014263310301300828
4920	0.019801019554806305
4949	0.011554872218094226
4968	0.05681970381373388
4970	0.017651805783961638
5024	0.03292050557683677
5091	0.01839387452821376
5130	0.059470691786216695
5185	0.04241603845507496
5201	0.0895612259892692
5219	0.04698089506630254
5273	0.1272481153652249
5369	0.026472908808087888
5412	0.05710611724665706
5477	0.039235934551853625
5484	0.07801690781165534
5544	0.028304699163093548
5769	0.013933854172397337
5829	0.05087754656050201
5857	0.02038092026770182
5858	0.030090534203052504
5864	0.06910797334575668
5865	0.05517411917335934
5882	0.022996810584373598
5916	0.03811946584221762
5946	0.04668289505185302
5970	0.028901733117605816
5998	0.12015439174654598
6061	0.03150551988994464
6073	0.03430464218251943
6187	0.03406103026028055
6205	0.039235934551853625
6218	0.040051463915515326
6306	0.04241603845507496
6341	0.048751109051862654
6342	0.03743557359884355
6348	0.029567330906068296
6370	0.05710611724665706
6391	0.020581493799834993
6549	0.03648598474617605
6554	0.024415582311340556
6559	0.03667822269471205
6580	0.02226006709971318
6696	0.06654384366213567
6702	0.033362096634804786
6708	0.012116611501763151
6760	0.05116395999342519
6769	0.03249658297133465
6777	0.025255944931478532
6959	0.014603339001027931
7000	0.038850559285735685
7050	0.05710611724665706
7132	0.03648598474617605
7187	0.019614563390937336
7215	0.1026189040712747
7268	0.03358999040546737
7321	0.02187186794232964
7377	0.023880376470116687
7449	0.04353250716471096
7481	0.017600737483138354
7483	0.04757725998600095
7531	0.02179590595459395
7549	0.09952215570173202
7557	0.2120801922753748
7591	0.015525368275322278
7632	0.06417793836614945
7639	0.1656242786242864
7640	0.12503831713830077
7648	0.04619559868152673
7667	0.04353250716471096
7726	0.012613906359421109
7729	0.04189902606866939
7778	0.030090534203052504
7781	0.05517411917335934
7808	0.02149738897733782
7813	0.1242182089682148
7821	0.011995850628884233
7832	0.01612859261228233
7894	0.03507099905928391
7935	0.04353250716471096
7949	0.04189902606866939
8036	0.058208060043241944
8037	0.016741006420806753
8089	0.012503643428976535
8212	0.019370951468698456
8376	0.16460252788418384
8386	0.016040286668654848
8403	0.048751109051862654
8407	0.02733585480483427
8431	0.03150551988994464
8464	0.02406628741251392
8491	0.05710611724665706
8505	0.008651368734344413
8605	0.032706424519724275
8635	0.04353250716471096
8665	0.022419418251632163
8719	0.08674511851117997
8818	0.03847870878458257
8914	0.03480934003887966
8917	0.06471370062109921
8955	0.032290816274720455
8971	0.04619559868152673
9026	0.039981630818086436
9051	0.04093502980125841
9063	0.04189902606866939
9135	0.031890895156062575
9210	0.04241603845507496
9260	0.034499977702755404
9276	0.024743929787283674
9280	0.025255944931478532
9305	0.052125652390425645
9306	0.04500000308848659
9307	0.02149738897733782
9400	0.05710611724665706
9416	0.03042696410773349
9435	0.07770111857147137
9495	0.010618455091064788
9522	0.025361385123933225
9541	0.02624495100967632
9606	0.03533928305765416
9678	0.08096808076355451
9691	0.06251915856915038
9701	0.09451655966983392
9724	0.08827638995996606
9783	0.023972924236651507
9826	0.015400455411470405
9891	0.06874516180571745
9990	0.05710611724665706
9997	0.050303087151087195
10099	0.02149738897733782
10128	0.012871588404019085
10131	0.03700851463414685
10179	0.10317584636078066
10181	0.031317963632442554
10209	0.018615802051372612
10224	0.08628493416146563
10228	0.015694242796185878
10236	0.0447806129946346
10368	0.042959575641090944
10452	0.012331312228003122
10518	0.04698089506630254
10558	0.017549914115154806
10665	0.047395342098011536
10722	0.022339443140609937
10781	0.030774426446426577
10794	0.1539148351383303
10835	0.032706424519724275
10873	0.013177629553212578
10876	0.04968874547505533
10948	0.011440312703294053
10982	0.08834434856520282
11025	0.06251915856915038
11054	0.06681573118200775
11109	0.039235934551853625
11153	0.017910905535687482
11197	0.10945795423852815
11209	0.021571233540366407
11279	0.1640151288290056
11306	0.022663030173871043
11316	0.020514213244217754
11387	0.04413819497998303
11401	0.039352703247588335
11437	0.022828606228695612
11465	0.30561462041479037
11514	0.019863907881296248
11537	0.041162987599669985
11544	0.050075473942020804
11592	0.008434660733803659
11605	0.030774426446426577
11627	0.025151543575543597
11636	0.0145268285465386
11643	0.03430464218251943
11710	0.033139000985986204
11751	0.05768485674625773
11775	0.02574317680803817
11833	0.04010968742414506
11836	0.15637695717127692
11876	0.013249838494695215
11889	0.010053850995701583
11997	0.05354063807731778
12055	0.01129883327308633
12188	0.013440897759799545
12214	0.0447806129946346
12270	0.033139000985986204
12310	0.05087754656050201
12327	0.04968874547505533
12476	0.05828189070077001
12488	0.014152349581546774
12520	0.025361385123933225
12551	0.11307798739803541
12564	0.019251214014918423
12566	0.02237398844009444
12607	0.04698089506630254
12609	0.040484040381777255
12612	0.017910905535687482
12698	0.02504816078566044
12728	0.09092901047601734
12739	0.051879431619945446
12766	0.016869321467607317
12790	0.03249658297133465
12829	0.047265837636957596
12839	0.019990815409043218
