399
t_index	tf-idf
59	0.04608554790803907
102	0.021383633439581155
184	0.01909767692741804
240	0.020337966665134728
263	0.03246875923571093
381	0.032086753146879525
557	0.02016136523390254
559	0.044253171153170706
632	0.034256618641755054
634	0.02042771236774436
758	0.01584524461296432
770	0.04149017889364928
804	0.06658121914685311
815	0.04149017889364928
854	0.06239051230273289
863	0.01822482238813548
864	0.02717752490822746
872	0.03403313887927881
873	0.03942647275545787
893	0.03942647275545787
1006	0.020074468655262686
1105	0.017068150443370705
1119	0.02738542588749129
1157	0.014085491894780207
1207	0.022700311170491868
1240	0.011934255418152585
1301	0.00866912327047172
1399	0.03856128907152295
1471	0.019252618317547064
1490	0.03242992665696662
1498	0.04608554790803907
1507	0.09785778718419175
1722	0.04844789241339622
1808	0.033290609573426555
1840	0.018722650567058293
1879	0.017690542928410078
1944	0.030495540515099687
1968	0.040393665826391326
1989	0.051360728173610454
2016	0.042756010331748466
2069	0.01256751572621093
2076	0.016001661724195794
2087	0.03320423234803756
2098	0.023447339577772574
2215	0.04608554790803907
2233	0.01654567849445448
2241	0.024866664270902675
2261	0.02441453264870604
2264	0.0209878146476569
2271	0.019653266071711334
2282	0.040393665826391326
2294	0.014211504342805052
2334	0.04844789241339622
2349	0.014043913831002815
2373	0.026776877154063183
2386	0.03523175149523235
2430	0.01321614091816387
2535	0.14021354296081184
2615	0.011619594314093517
2621	0.03525227499960067
2648	0.02900990166309583
2685	0.02534514815335908
2709	0.022700311170491868
2716	0.01829411942429449
2721	0.02717752490822746
2727	0.0295398694135846
2737	0.022700311170491868
2773	0.07555727045705454
2778	0.019174782189254926
2781	0.029270610863278132
2801	0.012778082392903633
2813	0.029381669661525504
2833	0.02223756057610223
2891	0.05061239682612452
2894	0.026394871065231782
2909	0.00800686832825695
2991	0.021084995072415433
3000	0.01802037240705336
3093	0.02061020099008964
3115	0.015949190938302445
3159	0.02441453264870604
3160	0.04149017889364928
3167	0.0068238249550259655
3187	0.019735795912650563
3212	0.019331199300486403
3238	0.01665894442886687
3242	0.016001661724195794
3275	0.042756010331748466
3294	0.01442591991983422
3351	0.03420395556582077
3359	0.018364006229552938
3369	0.020518449755646245
3440	0.032086753146879525
3550	0.044253171153170706
3678	0.04844789241339622
3684	0.032869406989875206
3697	0.04844789241339622
3801	0.033290609573426555
3808	0.01473583028609661
3819	0.028274037975485417
3854	0.03420395556582077
3900	0.06170101403974007
3946	0.018722650567058293
3981	0.011257256857545694
3992	0.02585324731555029
4062	0.02471317101587176
4087	0.022015610577068478
4098	0.0500461627642683
4119	0.07554760772364727
4130	0.04092479463843482
4136	0.018870612228715656
4158	0.027598727491778805
4209	0.01822482238813548
4236	0.02851207348417302
4248	0.022820191402525274
4260	0.04353983616904043
4298	0.013405794845770293
4352	0.034701783744743586
4353	0.11864397257435409
4429	0.023318019581448083
4436	0.023847987331936854
4442	0.017435897716234435
4457	0.007431049549121603
4510	0.02851207348417302
4516	0.07603544446007726
4540	0.026210331837293994
4598	0.042889799770529195
4605	0.051777429989686825
4620	0.011527500077204324
4682	0.0181561052502891
4708	0.05316591074237137
4737	0.021084995072415433
4753	0.04149017889364928
4765	0.02061020099008964
4828	0.04085542473548872
4856	0.02169354380584354
4859	0.012778082392903633
4878	0.01829411942429449
4895	0.011053048997324328
4920	0.015344379019524719
4931	0.04844789241339622
4949	0.01790840500367846
4950	0.032869406989875206
4985	0.01718891217935564
4990	0.06507150540466348
5021	0.035798296812001536
5047	0.09217109581607814
5122	0.03040505309751951
5178	0.02851207348417302
5195	0.017886846699982636
5230	0.03137224616845297
5239	0.01654567849445448
5240	0.0834531534129948
5242	0.04608554790803907
5294	0.044253171153170706
5333	0.021084995072415433
5369	0.010257308856654695
5501	0.042756010331748466
5544	0.010967062347219121
5650	0.04844789241339622
5664	0.03040505309751951
5725	0.01694913893919344
5753	0.06081010619503902
5769	0.010797743976377895
5792	0.01981916363431625
5797	0.021485642826579707
5842	0.015491457280605414
5890	0.03523175149523235
5899	0.04381369082026212
5900	0.044253171153170706
5925	0.05729303078225413
5930	0.031721730828430224
5931	0.04844789241339622
5934	0.013178730147067908
5944	0.033734590673810114
5946	0.036175916771439956
6036	0.03246875923571093
6173	0.01829411942429449
6298	0.05212035422188027
6421	0.051360728173610454
6428	0.30929918880778245
6433	0.044253171153170706
6544	0.01843449292888715
6545	0.02851207348417302
6554	0.01261355753022916
6580	0.03449993124168627
6587	0.02223756057610223
6603	0.042309135016833074
6604	0.028274037975485417
6613	0.044253171153170706
6625	0.012129007235195213
6630	0.04564038280505055
6634	0.05563543560866319
6635	0.06573881397975041
6665	0.036728012459105876
6671	0.01909767692741804
6701	0.02042771236774436
6708	0.018779020827769204
6778	0.09689578482679244
6798	0.02513503145242186
6799	0.023065333488941173
6810	0.031037030235006834
6909	0.021428752509424418
6947	0.01795333815681457
6952	0.025511045715963993
6958	0.014002545229392146
6959	0.02263309401439274
6995	0.03010641473035379
7001	0.009460402797088796
7059	0.14825651300040288
7060	0.03777863522852727
7133	0.023055000154408648
7187	0.060799555121893965
7206	0.027437314900168885
7215	0.026507445812399746
7233	0.04844789241339622
7247	0.02128287573310518
7323	0.04844789241339622
7327	0.022221755515630295
7343	0.429722804483891
7366	0.09119933268284096
7367	0.028042708592162367
7384	0.03856128907152295
7436	0.04844789241339622
7455	0.031037030235006834
7481	0.04091795165651597
7496	0.040393665826391326
7497	0.09411673850535893
7531	0.016890273812189917
7543	0.021485642826579707
7574	0.026888513954445328
7651	0.05366054009994791
7726	0.019549756976909777
7761	0.034701783744743586
7778	0.046636039162896166
7803	0.02128287573310518
7804	0.034701783744743586
7808	0.01665894442886687
7811	0.07405691366614302
7818	0.028274037975485417
7832	0.01249850985750351
7862	0.02800509045878429
7874	0.04844789241339622
7876	0.04844789241339622
7926	0.04516431178767533
7939	0.026210331837293994
7944	0.022465676635161018
7951	0.04149017889364928
8023	0.021799502050841985
8035	0.017562233285830633
8036	0.009021419657938354
8060	0.011902241147378607
8089	0.019378865150672036
8108	0.03137224616845297
8112	0.0721295995991711
8131	0.01731147639574127
8134	0.03420395556582077
8321	0.031037030235006834
8350	0.09689578482679244
8358	0.04844789241339622
8364	0.03777863522852727
8368	0.04844789241339622
8369	0.04844789241339622
8379	0.16790201054159568
8388	0.14253941905228038
8407	0.02118333936225316
8410	0.042756010331748466
8452	0.1156838672145689
8505	0.01340838844484896
8539	0.018649657641532633
8653	0.017755457496124824
8724	0.07688224697171164
8753	0.025511045715963993
8754	0.020074468655262686
8778	0.02016136523390254
8805	0.009824346409454114
8877	0.028049011032319982
8879	0.026208832129490992
8882	0.022015610577068478
8933	0.03930653214342267
8965	0.03866239860097281
8976	0.03856128907152295
9026	0.015491457280605414
9036	0.017690542928410078
9094	0.04844789241339622
9109	0.013367512025605119
9306	0.017435897716234435
9316	0.025680364086805227
9421	0.019252618317547064
9422	0.026776877154063183
9437	0.03942647275545787
9443	0.03939677028310921
9489	0.026210331837293994
9495	0.008228545962904779
9497	0.044931353270322036
9502	0.022941847702490886
9525	0.0419756292953138
9541	0.020337966665134728
9546	0.04608554790803907
9553	0.016489626058025644
9580	0.012602237342646741
9601	0.034701783744743586
9602	0.08781183258983441
9603	0.03706412825010072
9820	0.02808782766200563
9826	0.02386851083630517
9844	0.03499764509123606
9891	0.04994306364435911
9941	0.024866664270902675
9986	0.11471584560061439
9992	0.04844789241339622
9998	0.005022494173064461
10023	0.04014893731052537
10026	0.021383633439581155
10102	0.02169354380584354
10184	0.025680364086805227
10185	0.022941847702490886
10189	0.025182535907882414
10190	0.06239051230273289
10191	0.04447512115220446
10345	0.033734590673810114
10375	0.02876517314722987
10541	0.017690542928410078
10558	0.013599932730619255
10619	0.08279618247533642
10661	0.025182535907882414
10665	0.05509201868865882
10671	0.020074468655262686
10727	0.018722650567058293
10738	0.04689467915554515
10746	0.0241263750105349
10773	0.01460157688616773
10809	0.03137224616845297
10831	0.022465676635161018
10853	0.01749882254561803
10862	0.040393665826391326
10873	0.015317585684190442
10933	0.04608554790803907
10962	0.04608554790803907
11036	0.03523175149523235
11046	0.019903386424452798
11073	0.04844789241339622
11110	0.03706412825010072
11175	0.03430928171768934
11180	0.051360728173610454
11229	0.03706412825010072
11243	0.07412825650020144
11244	0.042756010331748466
11258	0.0295398694135846
11316	0.015897053302501536
11357	0.026394871065231782
11401	0.015247770257549843
11431	0.030714963463781896
11535	0.017128309320877527
11541	0.019174782189254926
11549	0.04149017889364928
11550	0.042756010331748466
11586	0.1843421916321563
11592	0.0065362609658738795
11699	0.019653266071711334
11762	0.028274037975485417
11775	0.039898254836407625
11876	0.015401520859622302
11933	0.03523175149523235
12009	0.03942647275545787
12055	0.017511581132555444
12056	0.03137224616845297
12068	0.02900990166309583
12195	0.04608554790803907
12262	0.017008429088844118
12308	0.04844789241339622
12329	0.01683182765761193
12407	0.044253171153170706
12420	0.019735795912650563
12434	0.014646084583486976
12476	0.04516431178767533
12488	0.03290118704165737
12489	0.014043913831002815
12537	0.010496113570537237
12566	0.00866912327047172
12568	0.03777863522852727
12576	0.02534514815335908
12590	0.017755457496124824
12638	0.08749411272809014
12649	0.08686725703646711
12666	0.01610761996919424
12679	0.03420395556582077
12690	0.021799502050841985
12719	0.03020991070519309
12739	0.020101431138194372
12748	0.012294904797800127
12766	0.026145043863495518
12767	0.025511045715963993
12771	0.09689578482679244
12829	0.010465044494579362
12863	0.04844789241339622
12867	0.1095342270506553
12868	0.052496467636854095
12869	0.17350891872371793
