285
t_index	tf-idf
15	0.04579098347552343
16	0.01644812724919002
44	0.017048061715095094
75	0.0225237092441128
82	0.02535950075902332
117	0.02535950075902332
127	0.05022346202661119
185	0.05448204657921407
189	0.07053134767412875
277	0.05638918437890837
319	0.1031476217834158
355	0.09398197396484728
371	0.030368586188056265
393	0.23482168418469637
433	0.053063397299545165
469	0.0414091792254859
554	0.0225237092441128
601	0.03349178346673283
628	0.05690944655532468
631	0.02124706875303491
678	0.026948702836540578
726	0.030165508440470723
882	0.0396264272681985
950	0.02996661816276776
983	0.013721786688832982
1004	0.0452961214658218
1027	0.04437677503338614
1077	0.037262016060863254
1110	0.0396264272681985
1156	0.03438280143028127
1187	0.05198210599453528
1234	0.03685149296918421
1235	0.05224282015522957
1301	0.010183208863509104
1309	0.08277014247224518
1351	0.10314840429084382
1372	0.05413451225631039
1395	0.030368586188056265
1465	0.050476335759362646
1475	0.021654126482103287
1555	0.06868424612496042
1627	0.06073717237611253
1645	0.028507868921344506
1758	0.047448527727596904
1828	0.05690944655532468
1840	0.043985223246797225
2069	0.014762466000610628
2139	0.0346990867074091
2219	0.024767545922412898
2233	0.019435425548901295
2269	0.0286785961521121
2271	0.023085761617906212
2294	0.01669358163130328
2352	0.05198210599453528
2472	0.14583092270133274
2506	0.027738108464360117
2549	0.04873654973825257
2558	0.040177767995446326
2661	0.03168597149908292
2853	0.06642434883810096
2892	0.02885239971418405
2898	0.02511834228008661
2918	0.01669358163130328
3010	0.05022346202661119
3016	0.04486627468365311
3167	0.01603124851200181
3238	0.03913694736411606
3241	0.021167678702214997
3250	0.0435374774978977
3252	0.03241891915104371
3254	0.04873654973825257
3341	0.0391049036797572
3385	0.042765398608809124
3489	0.036079414080095636
3629	0.03377974027497345
3640	0.031226559115095847
3651	0.02216641518547056
3671	0.030368586188056265
3692	0.021737640741661166
3710	0.03349178346673283
3715	0.02996661816276776
3755	0.06082049678502388
3821	0.05690944655532468
3826	0.04076254319888342
3917	0.03377974027497345
3980	0.03349178346673283
3981	0.026446733823943015
4078	0.030165508440470723
4079	0.0391049036797572
4087	0.051721391833841
4130	0.024036209804450186
4172	0.03685149296918421
4200	0.016996617130629287
4212	0.03294044273948501
4358	0.02140783641996152
4407	0.040177767995446326
4426	0.03279955417838545
4436	0.056026204357391224
4457	0.01745780450291667
4472	0.015135899863917529
4569	0.05539363380313558
4587	0.01054432513696109
4596	0.08152508639776684
4638	0.02996661816276776
4659	0.0326761567080878
4670	0.038139514979839875
4696	0.04631241179691199
4708	0.015612869854796471
4709	0.02511834228008661
4710	0.038610136937108304
4798	0.028340111010816776
4823	0.06082049678502388
4836	0.0450474184882256
4970	0.016067946544037873
5012	0.026948702836540578
5041	0.023280633634054276
5061	0.038610136937108304
5083	0.079252854536397
5089	0.08553079721761825
5119	0.0391049036797572
5167	0.05690944655532468
5216	0.018197081777099906
5314	0.016067946544037873
5329	0.025990172179374313
5369	0.012048775315102062
5436	0.5069755439853267
5450	0.04281567283992304
5544	0.012882489153344546
5769	0.012683598875641586
6085	0.037262016060863254
6251	0.0346990867074091
6364	0.04631241179691199
6388	0.014324847844140808
6517	0.029029392509785805
6554	0.01481654912898964
6559	0.01669358163130328
6577	0.0435374774978977
6601	0.01741606742028292
6612	0.0159291551319243
6708	0.02205882710108883
6726	0.018612659014413595
6755	0.036745997137654314
6773	0.13893723539073596
6786	0.05690944655532468
6805	0.03078627484192324
6824	0.07571450363904397
6826	0.02754248022142718
6827	0.038221238428087
6828	0.020334972104272396
6873	0.0452961214658218
6909	0.025171341516296127
7083	0.03168597149908292
7109	0.18472557052060107
7198	0.03502609553953027
7215	0.015568521102084204
7377	0.021737640741661166
7501	0.01343382988059237
7551	0.027241023289607036
7579	0.04437677503338614
7735	0.0297717461466197
7803	0.09999994788147776
7808	0.01956847368205803
7862	0.01644812724919002
7906	0.030576031532149772
8089	0.005690858960306755
8103	0.03987903673507076
8192	0.05198210599453528
8244	0.04205056520953908
8252	0.0396264272681985
8414	0.019771551429643573
8419	0.04205056520953908
8428	0.038610136937108304
8538	0.0435374774978977
8645	0.015568521102084204
8665	0.06122331365263941
8709	0.11826180682289134
8713	0.09489705545519381
8890	0.031226559115095847
8947	0.04076254319888342
9036	0.0207802436219218
9068	0.017099782143155096
9069	0.06082049678502388
9145	0.0346990867074091
9165	0.03536458068082559
9177	0.05690944655532468
9186	0.0415604872438436
9261	0.03604863180776176
9276	0.0225237092441128
9422	0.03145353045112639
9451	0.03536458068082559
9510	0.025482379321682944
9573	0.04076254319888342
9575	0.040177767995446326
9606	0.03216836385039643
9680	0.04437677503338614
9697	0.04076254319888342
9718	0.036079414080095636
9752	0.07143075407699859
9783	0.021821884392631018
9891	0.027377351607894423
9991	0.026389367217228725
9998	0.005899686229434577
10066	0.040177767995446326
10109	0.040177767995446326
10116	0.035375598199696774
10132	0.13848408450783894
10159	0.04138507123612259
10161	0.1375312057211251
10194	0.06815311734033985
10209	0.03389089092602898
10217	0.04428739800183189
10228	0.014286031547400702
10273	0.031924152408394815
10337	0.037690790504672646
10345	0.0396264272681985
10348	0.030368586188056265
10367	0.05096475864336589
10404	0.0435374774978977
10452	0.033674548902654984
10460	0.058419387545652575
10473	0.060331016880941446
10479	0.06642434883810096
10503	0.028175220897760162
10505	0.05413451225631039
10557	0.05198210599453528
10570	0.0653523134161756
10621	0.05413451225631039
10660	0.02190687028797221
10661	0.05916146647406726
10822	0.0452961214658218
10835	0.0297717461466197
10890	0.019239232275751913
10920	0.02004914862275131
10974	0.026948702836540578
11043	0.04437677503338614
11194	0.058419387545652575
11269	0.04631241179691199
11305	0.011168605528955385
11404	0.02225450563079769
11429	0.031924152408394815
11516	0.015135899863917529
11519	0.0591101480655457
11544	0.02279115372997185
11554	0.0396264272681985
11564	0.05413451225631039
11567	0.030960861313514148
11592	0.030711345784461865
11612	0.02958073323703363
11623	0.01195705509891886
11627	0.04578949741664028
11636	0.013223366911971507
11663	0.01715178138888571
11680	0.04138507123612259
11696	0.029393429551382147
11807	0.027241023289607036
11875	0.037690790504672646
11876	0.030152396198939595
11889	0.009151740186685823
11925	0.04873654973825257
12025	0.05413451225631039
12031	0.042765398608809124
12170	0.03168597149908292
12188	0.01223487440047436
12262	0.019978996773737073
12290	0.0980284701242634
12329	0.059314654288930714
12467	0.023085761617906212
12517	0.0573571923042242
12520	0.023085761617906212
12544	0.03502609553953027
12554	0.04076254319888342
12564	0.052571529760529485
12572	0.04138507123612259
12584	0.018552183350967835
12598	0.05690944655532468
12604	0.0452961214658218
12654	0.04873654973825257
12659	0.2935271052308705
12666	0.037841717858375694
12674	0.048858121562235145
12719	0.053229228757212255
12738	0.037262016060863254
12841	0.03536458068082559
12857	0.038139514979839875
12859	0.05413451225631039
