355
t_index	tf-idf
1	0.04252998859207424
15	0.02123111804951039
56	0.014612597128373156
102	0.017469284879246552
117	0.0176370055879866
177	0.024595330681444597
178	0.02126499429603712
189	0.036789814541623396
277	0.03921750548022684
315	0.03957933700837345
319	0.014347405330006953
331	0.031502510834033735
355	0.013072501826742277
385	0.023292839151978394
393	0.054437866574486675
514	0.032999464643466966
554	0.015664771541657997
614	0.049190661362889194
680	0.026213161255156575
721	0.018945565393684673
728	0.021717422706382584
736	0.04229939113765504
738	0.011142592708929838
872	0.005560650860359384
880	0.01647075712463576
888	0.03086312450225061
902	0.007575299785973658
918	0.012001626360537688
941	0.032209319631997815
958	0.02974244569730598
983	0.009543217384592873
1006	0.03279953453459108
1077	0.025914957543131157
1123	0.012075346650942802
1197	0.03615247408112777
1235	0.018166897679996942
1273	0.012575350057974933
1301	0.028328840277415904
1309	0.028782456704752137
1332	0.03615247408112777
1351	0.04782504724512246
1465	0.01755262109275162
1471	0.015728359495635735
1490	0.013246757829634737
1565	0.02254668432382281
1589	0.03561805458626842
1636	0.03086312450225061
1654	0.030832561903070533
1681	0.023098376872011366
1783	0.03492937376127941
1792	0.032999464643466966
1793	0.02834950139637293
1804	0.02755935638490378
1805	0.04229939113765504
1810	0.03615247408112777
1840	0.06118161674902611
1915	0.032999464643466966
2069	0.02053397642322194
2103	0.037649427890561006
2114	0.5590281396474814
2130	0.0617183550680904
2233	0.013516934432902906
2269	0.019945367434350565
2271	0.048167001849955156
2278	0.031502510834033735
2294	0.011610038987460955
2418	0.026852547586939696
2506	0.0096456388994966
2532	0.0850485041891188
2613	0.026525239799257045
2615	0.06644810980294485
2634	0.01676247608128247
2664	0.015728359495635735
2864	0.04229939113765504
2891	0.006891270225234163
2918	0.02322007797492191
2941	0.02349310712587498
3093	0.03367486386555433
3095	0.030279410514185374
3146	0.024132493457658097
3162	0.4496612258959066
3167	0.016724100108002318
3231	0.020066244198629304
3238	0.027218933287243337
3241	0.014721680489819281
3263	0.023699538149278894
3356	0.02220258433984566
3378	0.015728359495635735
3432	0.10043183731004868
3474	0.017896721076728773
3489	0.025092482450211943
3499	0.03492937376127941
3503	0.029245293928538637
3543	0.032209319631997815
3671	0.04224144074345959
3707	0.032209319631997815
3735	0.04062946957750407
3799	0.04229939113765504
3801	0.027196647570916846
3872	0.04229939113765504
3892	0.04229939113765504
3912	0.02974244569730598
3918	0.032999464643466966
3981	0.027589730373787612
3989	0.037649427890561006
3991	0.024132493457658097
4078	0.1048974200999865
4117	0.04229939113765504
4130	0.033433368477040405
4134	0.017067459459288545
4136	0.030832561903070533
4143	0.03941991611046104
4144	0.017722465073836312
4163	0.022036934468880005
4164	0.03957933700837345
4200	0.03546238163262517
4260	0.01185657251657397
4276	0.01505999480813648
4304	0.012038385241095545
4330	0.05342708187940263
4334	0.024132493457658097
4406	0.02070563053041242
4413	0.02254668432382281
4414	0.03957933700837345
4426	0.034217112108673044
4430	0.010889412514340073
4436	0.019482530210564064
4442	0.01424419592633411
4457	0.05463693048376076
4467	0.049190661362889194
4472	0.010526703700353142
4491	0.029245293928538637
4546	0.03615247408112777
4553	0.02126499429603712
4564	0.010858426413444826
4572	0.015539375761434108
4587	0.0073333589304181825
4596	0.1700970083782376
4636	0.01970995805523052
4638	0.02084115996651627
4644	0.018587605650388524
4702	0.04229939113765504
4739	0.02254668432382281
4749	0.037649427890561006
4798	0.09854979027615259
4836	0.015664771541657997
4895	0.03611899956367962
4917	0.024132493457658097
4920	0.01253553700986289
4927	0.03492937376127941
4949	0.02194531366426504
4960	0.05669900279274586
4970	0.03352476837113969
4985	0.028084843904001747
4994	0.05669900279274586
5012	0.03748452519105204
5031	0.037649427890561006
5041	0.09714718031653342
5086	0.06291343798254294
5172	0.032999464643466966
5216	0.02531138416623315
5239	0.013516934432902906
5240	0.045451175394248255
5271	0.028782456704752137
5314	0.011174922790379896
5342	0.024132493457658097
5345	0.03768628775756189
5362	0.012737007974691936
5405	0.04229939113765504
5419	0.030279410514185374
5436	0.06611080340664002
5450	0.029777410379912057
5536	0.02834950139637293
5588	0.037649427890561006
5732	0.027196647570916846
6117	0.04282487865675302
6298	0.014193180631686907
6315	0.038099149804369715
6339	0.028782456704752137
6353	0.01505999480813648
6388	0.019925267762558235
6554	0.015456902854624609
6577	0.030279410514185374
6601	0.02422502566837686
6625	0.009908750226791113
6662	0.03615247408112777
6665	0.01500241094455472
6671	0.015601780666485952
6708	0.02301218351318902
6724	0.04375055310432602
6726	0.012944717412376402
6755	0.025556077109378742
6760	0.01079688030362131
6763	0.03367486386555433
6798	0.01026698821161097
6799	0.018843143878780944
6805	0.010705607073654462
6807	0.032999464643466966
6827	0.026582076758592345
6952	0.02084115996651627
6958	0.02287866113473534
6959	0.01849002734513491
6974	0.04229939113765504
7083	0.022036934468880005
7109	0.11011953780077932
7134	0.04440516867969132
7175	0.03086312450225061
7377	0.015118077239509848
7426	0.02349310712587498
7465	0.04229939113765504
7486	0.02349310712587498
7574	0.010983238923754256
7591	0.009828727660632695
7644	0.04229939113765504
7803	0.12170879855250182
8041	0.018945565393684673
8073	0.02794280239907243
8089	0.0079157482031787
8103	0.01849002734513491
8109	0.017896721076728773
8392	0.02187527655216301
8414	0.027501405990708327
8425	0.02755935638490378
8509	0.01619119671942224
8536	0.037649427890561006
8665	0.07096590315843454
8666	0.12039746519177581
8709	0.070498824121209
8712	0.03389525717563267
8775	0.030471545741829028
8778	0.01647075712463576
8798	0.04229939113765504
8805	0.008025965590182626
8836	0.026852547586939696
8882	0.053956729203392485
8926	0.02974244569730598
8947	0.02834950139637293
8969	0.03615247408112777
9044	0.02974244569730598
9048	0.02084115996651627
9068	0.02378508599818312
9112	0.037649427890561006
9113	0.01780902729313421
9124	0.019049574902184858
9139	0.015857372681672213
9145	0.048264986915316194
9186	0.01445222744572961
9235	0.019049574902184858
9261	0.01253553700986289
9276	0.06265908616663199
9330	0.02084115996651627
9349	0.04229939113765504
9395	0.03492937376127941
9430	0.03086312450225061
9526	0.03492937376127941
9558	0.03957933700837345
9578	0.025092482450211943
9580	0.010295353915255252
9637	0.04229939113765504
9714	0.02794280239907243
9718	0.025092482450211943
9826	0.01949929681599357
9891	0.019040378904971164
10052	0.03957933700837345
10101	0.026525239799257045
10116	0.07380897941034034
10131	0.023429177653824018
10132	0.01926256037546719
10152	0.02391252362256123
10159	0.028782456704752137
10161	0.11956261811280612
10209	0.106066845418552
10217	0.05133494105805485
10226	0.023699538149278894
10268	0.024595330681444597
10345	0.02755935638490378
10357	0.01619119671942224
10367	0.08861232536918157
10379	0.026525239799257045
10460	0.020314734788752033
10473	0.0209794840199973
10476	0.017305655330210612
10503	0.03919056081888665
10523	0.04229939113765504
10530	0.03389525717563267
10554	0.03615247408112777
10557	0.07230494816225554
10570	0.022725587697124128
10647	0.08459878227531008
10660	0.015235772870914514
10739	0.019945367434350565
10766	0.025629447267091335
10784	0.028782456704752137
10853	0.014295602146590636
10867	0.02572172066802951
10894	0.03615247408112777
10909	0.03492937376127941
10943	0.04229939113765504
10946	0.03957933700837345
10948	0.007242579751997523
10963	0.03615247408112777
10974	0.01874226259552602
11043	0.06172624900450122
11046	0.03252000446910998
11057	0.018166897679996942
11071	0.022036934468880005
11176	0.026852547586939696
11194	0.020314734788752033
11202	0.015922821775602763
11273	0.04229939113765504
11300	0.03957933700837345
11305	0.007767532965100476
11306	0.014347405330006953
11372	0.014832566963470028
11387	0.02794280239907243
11429	0.02220258433984566
11514	0.012575350057974933
11516	0.021053407400706284
11519	0.013703293053035852
11535	0.027985825315580647
11544	0.015850773621761797
11567	0.04306527081776493
11592	0.021359102545518868
11663	0.02385741478700564
11689	0.023292839151978394
11696	0.04088503840623582
11775	0.01629737018012673
11786	0.029245293928538637
11857	0.012001626360537688
11876	0.01258221883715896
11889	0.006364845047469926
11960	0.04229939113765504
11968	0.03492937376127941
12016	0.031502510834033735
12025	0.037649427890561006
12031	0.08922733709191795
12193	0.008487355305296582
12262	0.027789953839322982
12290	0.022725587697124128
12329	0.013750702995354164
12467	0.016055667283318385
12488	0.03583801358611053
12517	0.059836102303051704
12520	0.016055667283318385
12537	0.017149526866584018
12551	0.017896721076728773
12581	0.02980691386150494
12616	0.03492937376127941
12651	0.026525239799257045
12659	0.040828399930865004
12666	0.013159064046040173
12674	0.03397980785189784
12719	0.012339940678854886
12801	0.04229939113765504
12829	0.01709876331974558
