260
t_index	tf-idf
176	0.03481859867780788
250	0.03043498755123596
549	0.05822088819407893
578	0.03897718283645489
585	0.043621387210143504
597	0.039541289443841714
600	0.05473242509530337
634	0.030165507454851095
680	0.047382358525005934
697	0.037672042070706596
738	0.020141116040659598
758	0.023398598721756585
854	0.03071059271671616
872	0.010051315449261225
957	0.03817736957471444
984	0.036951467417761695
1023	0.020799980100960975
1158	0.05473242509530337
1164	0.0440324809950427
1208	0.03424560522115288
1211	0.03542001640781205
1212	0.05124396199652781
1301	0.012801653848199044
1381	0.0653484511770211
1565	0.04075491199945781
1596	0.03352144349370063
1890	0.05694327548847005
1905	0.03267311828275606
1996	0.029021886226208073
2076	0.023629579139435156
2129	0.03085078046631745
2157	0.021627804706374012
2167	0.022587432187336887
2294	0.02098606209447384
2349	0.02073858196835286
2435	0.1306969023540422
2464	0.04273403639522466
2493	0.2702098991263144
2506	0.01743525384405078
2546	0.05822088819407893
2634	0.030299498931816965
2636	0.05473242509530337
2643	0.28767879079435665
2689	0.028315311311532067
2712	0.03481859867780788
2729	0.027539862344272543
2730	0.04013292411136794
2762	0.025655294558128344
2777	0.06313760078385441
2778	0.028315311311532067
2784	0.047946465132392764
2810	0.06313760078385441
2865	0.04535664310631274
2916	0.06805431337362991
2917	0.034624576854066225
3000	0.026610599777315398
3153	0.05473242509530337
3187	0.029143757656903906
3207	0.031727748422816886
3212	0.028546291729210645
3214	0.06670777878989242
3258	0.06805431337362991
3294	0.06390806572721906
3305	0.05903379605930044
3318	0.021827142432740667
3522	0.03234973631090677
3554	0.07645948906218096
3582	0.0612683534107193
3682	0.0653484511770211
3808	0.02176033176630004
3855	0.05050882144959885
3863	0.0612683534107193
3869	0.03219122287354428
4130	0.015108363280355308
4163	0.03983349889136814
4182	0.03300536112842578
4219	0.019242474967964048
4225	0.040439930516537256
4268	0.04632724940675231
4298	0.01979627464291252
4353	0.025028714318048848
4400	0.06805431337362991
4417	0.05954438777232676
4426	0.020616710537657023
4431	0.03897718283645489
4564	0.019627463026346225
4620	0.017022605529916246
4636	0.03562730530649165
4644	0.016799282361925762
4708	0.019627463026346225
4709	0.0631542232748517
4732	0.12627520156770883
4734	0.03267311828275606
4745	0.05286317772216825
4756	0.07154277647240548
4765	0.06086997510247192
4783	0.06534623656551213
4919	0.0537618187948638
4970	0.02019955521537409
4990	0.02745451089810763
5024	0.18836021035353298
5128	0.039541289443841714
5285	0.06805431337362991
5369	0.045440760259190985
5425	0.03521621152159246
5548	0.03188995620765802
5725	0.025028714318048848
5769	0.01594497810382901
5842	0.02287616262026947
5859	0.07154277647240548
5882	0.02631602402959926
5892	0.05050882144959885
5916	0.043621387210143504
5925	0.02820145033146357
5966	0.05964913768507885
6061	0.03605282634506615
6073	0.03925595615486851
6124	0.07645948906218096
6152	0.05694327548847005
6205	0.0448989999157524
6216	0.05694327548847005
6246	0.02866345307816784
6388	0.018008247300705774
6554	0.027939572248270452
6556	0.023247020432014463
6587	0.032838101852037456
6603	0.015619425523313097
6609	0.07043242304318492
6620	0.02631602402959926
6646	0.05694327548847005
6647	0.0653484511770211
6744	0.029266866382155553
6805	0.01935123000442952
6959	0.016711092116598526
6999	0.055787534213556984
7030	0.04632724940675231
7042	0.044458002033617196
7119	0.032034754827986206
7136	0.04322377436635893
7153	0.0537618187948638
7167	0.046843331772027166
7187	0.0224456047777664
7206	0.02025827738961679
7215	0.03914342143986725
7235	0.05286317772216825
7247	0.0314283232028171
7296	0.022305417028165107
7340	0.021048729444718
7377	0.0546542363966325
7453	0.0537618187948638
7565	0.04013292411136794
7584	0.07183368186706715
7671	0.03157711163742585
7681	0.15291897812436192
7769	0.03993493912183827
7811	0.04860422158254569
7976	0.047382358525005934
7994	0.08215658794261421
8036	0.02664377655665308
8041	0.03424560522115288
8111	0.07851191230973702
8207	0.047382358525005934
8279	0.07154277647240548
8306	0.04075491199945781
8370	0.45049470592387597
8392	0.039541289443841714
8505	0.009900052299279864
8519	0.0440324809950427
8528	0.0612683534107193
8671	0.04283878630797676
8724	0.094609712548826
8729	0.03925595615486851
8775	0.027539862344272543
8805	0.04352269938772663
8873	0.041078293971307106
8877	0.04970381232110979
8879	0.03870246000885904
8917	0.024684688257688776
8922	0.03542001640781205
8930	0.06313760078385441
8937	0.045832237603310184
8938	0.08670368240002554
8964	0.047946465132392764
8978	0.0537618187948638
8979	0.0653484511770211
8991	0.06963719735561576
9109	0.019739742581157592
9235	0.03443361061942571
9381	0.027433023721131277
9391	0.04283878630797676
9435	0.044458002033617196
9476	0.03983349889136814
9509	0.03583819940968233
9539	0.04433366291870557
9549	0.03562730530649165
9595	0.07390293483552339
9606	0.040439930516537256
9629	0.1252564195110252
9722	0.03792207371820126
9728	0.037672042070706596
9735	0.07043242304318492
9765	0.05694327548847005
9809	0.055787534213556984
9891	0.009833425179550978
9998	0.0074166936900263184
10038	0.036271320639846075
10123	0.07154277647240548
10135	0.025204458050476813
10166	0.07043242304318492
10167	0.05186813575308393
10179	0.08855069408895065
10209	0.06390806572721906
10228	0.01795945003049398
10420	0.041752139837008394
10443	0.06313760078385441
10687	0.037186933171272314
10727	0.027647650656515102
10809	0.04632724940675231
10945	0.06805431337362991
11116	0.033174959771134396
11132	0.029643874114297954
11175	0.01688811869539465
11184	0.028315311311532067
11205	0.08282107363395366
11567	0.01946096926274397
11592	0.01930413208717921
11643	0.03925595615486851
11660	0.019627463026346225
11711	0.032838101852037456
11712	0.05473242509530337
11713	0.038438156083476116
11807	0.03424560522115288
11823	0.0448989999157524
11889	0.01150495993442997
11971	0.0612683534107193
11977	0.052026562898694555
11996	0.07154277647240548
12046	0.07645948906218096
12074	0.0653484511770211
12075	0.0612683534107193
12193	0.0153415647998413
12272	0.07645948906218096
12329	0.024855481296387892
12343	0.055787534213556984
12551	0.03234973631090677
12555	0.037672042070706596
12564	0.022029811862684906
12571	0.05286317772216825
12581	0.03591890006098796
12584	0.02332257273426584
12624	0.13595383703397354
12626	0.04853809979991899
12638	0.025840429532601836
12649	0.025655294558128344
12659	0.024600185439874727
12699	0.02476978408258335
12766	0.009652066043589605
12807	0.043621387210143504
12829	0.007726841166391459
12850	0.0900989411847752
