312
t_index	tf-idf
34	0.020722211603527264
189	0.045278064067594416
277	0.016088626230102862
355	0.032177252460205724
393	0.08374740540191099
433	0.030279464938356277
434	0.029167562274101565
553	0.028913502904146144
614	0.03027003457976602
661	0.027534257932088208
678	0.023066530156377878
680	0.03226113557550949
703	0.04061319397608691
726	0.41311887364381145
735	0.031205707716491695
764	0.015092688022531471
863	0.018323869143500378
875	0.021199586057410007
902	0.009323094267096417
950	0.025649691034437812
1023	0.014162042559592435
1035	0.03438984439081393
1077	0.06378825892798887
1110	0.03391792863336022
1196	0.03798395142650216
1203	0.010499194185575605
1231	0.07754171754357128
1235	0.02235841542864264
1301	0.008716237503659394
1309	0.07084645220084458
1420	0.014504320714683315
1422	0.06877968878162787
1471	0.019357250853108736
1488	0.016035870280327883
1490	0.016303087068284067
1516	0.042988377155716226
1524	0.029167562274101565
1561	0.018254778547444273
1589	0.021917976179188604
1591	0.02732522706980029
1716	0.014504320714683315
1793	0.03489037812509423
1840	0.03764880575556136
1877	0.046336009827079576
2045	0.03798395142650216
2057	0.008913608130712137
2219	0.021199586057410007
2269	0.024547218728773353
2271	0.019760076014506345
2278	0.03877085877178564
2280	0.029167562274101565
2305	0.03189412946399443
2322	0.028427699375464757
2466	0.04449367462277832
2472	0.031205707716491695
2576	0.026171313613001762
2634	0.0206299617270736
2691	0.0396407444843529
2702	0.017041252715800058
2808	0.042988377155716226
2813	0.014770675363229941
2830	0.0396407444843529
2891	0.016962486962919587
2951	0.0792814889687058
2962	0.046336009827079576
2981	0.04171566628175137
3016	0.01920146740034464
3093	0.020722211603527264
3151	0.052058825678072254
3167	0.006860910513753458
3241	0.018118308034593286
3318	0.014861404606462956
3388	0.02411635864044511
3432	0.017657679056816873
3439	0.021101877484527323
3442	0.02548289186549902
3489	0.03088189060345155
3522	0.02202590291927674
3543	0.0396407444843529
3686	0.052058825678072254
3808	0.014815915356137997
3812	0.06308549090746178
3871	0.01463642398170481
3886	0.02384112388558596
3973	0.028913502904146144
3981	0.03395531059442216
4063	0.03726556130472356
4078	0.025819929602738215
4079	0.03347153462126209
4087	0.022135259194135674
4130	0.020573604661505433
4135	0.026171313613001762
4138	0.020359239832697485
4173	0.03877085877178564
4193	0.03088189060345155
4268	0.03154274545373089
4288	0.022823680941638412
4301	0.03798395142650216
4358	0.05497160743050115
4413	0.02774871877026941
4415	0.02181144208109553
4426	0.014037260163513674
4430	0.013401848409018851
4431	0.05307663944903364
4436	0.023977594398436948
4497	0.03489037812509423
4543	0.048711193006708904
4587	0.009025332136601968
4645	0.09702998014134011
4695	0.022587771233967
4708	0.013363713107739943
4709	0.021499847439640854
4726	0.05424271598903797
4798	0.09702998014134011
4828	0.02053873120713067
4920	0.04628331413947058
4949	0.07202292848018993
5041	0.07970750073378058
5083	0.03391792863336022
5086	0.03871450170621747
5155	0.05733405707964252
5195	0.017984056653068157
5223	0.027534257932088208
5239	0.016635599577649963
5240	0.027968899233236443
5252	0.04163100774704829
5259	0.03489037812509423
5327	0.03489037812509423
5330	0.03877085877178564
5337	0.02653831972451682
5369	0.010313054429335208
5372	0.052058825678072254
5484	0.010131018877988618
5515	0.013064810671779658
5536	0.03489037812509423
5544	0.033079995688168586
5588	0.046336009827079576
5629	0.046336009827079576
5643	0.046336009827079576
5685	0.052058825678072254
5695	0.048711193006708904
5882	0.03583548162041015
5896	0.02235841542864264
5916	0.029700410249429616
6315	0.046889492846217774
6388	0.02452248160415096
6554	0.012682108648060134
6559	0.014288739849633657
6569	0.02515907475245888
6577	0.03726556130472356
6607	0.0359928504307587
6614	0.014204059332452468
6625	0.012194924959212405
6628	0.10930090827920116
6665	0.03692761881946438
6708	0.009440539747458005
6718	0.042988377155716226
6726	0.015931359036109476
6755	0.01572622356339519
6798	0.025271633239717064
6805	0.013175634859887753
6827	0.03271516830190976
6828	0.017405559373948526
6830	0.052058825678072254
6841	0.050638791736915836
6842	0.024257495035335027
6958	0.014078645102536829
6959	0.03413414771895921
7109	0.180702169871736
7133	0.02318029755987022
7243	0.052058825678072254
7247	0.021398542143526315
7254	0.03489037812509423
7296	0.015187046512979007
7472	0.018898450710880425
7591	0.01209643936143167
7643	0.04449367462277832
7700	0.01572622356339519
7757	0.037069358368684704
7803	0.08559416857410526
7808	0.016749481080382198
7862	0.056314580410147315
8034	0.03438984439081393
8083	0.048711193006708904
8089	0.01948418380206682
8103	0.01137804923965307
8109	0.04405180583855348
8227	0.052058825678072254
8298	0.028427699375464757
8311	0.05833512454820313
8386	0.012497633008537214
8407	0.02129846482064943
8414	0.016923303880580935
8431	0.024547218728773353
8509	0.019926875183445145
8521	0.024401086098906066
8596	0.058859376710107
8665	0.1572108408194472
8666	0.0493919690404311
8709	0.10122526304787957
8724	0.012883346706715143
8776	0.03304804292079296
8777	0.012635816619858532
8805	0.019755477907367657
8843	0.052058825678072254
8933	0.019760076014506345
9026	0.015575648969656757
9067	0.02294421268882859
9124	0.023444746423108887
9165	0.5751306570155545
9186	0.017786686026015415
9246	0.04449367462277832
9261	0.015427771379823525
9276	0.01927899170747282
9371	0.052058825678072254
9423	0.07320941290888845
9443	0.009902720146866856
9570	0.02018356771497547
9580	0.03801218081537929
9648	0.032645217759395356
9652	0.013955107465318854
9713	0.02202590291927674
9718	0.03088189060345155
9783	0.018678270247913395
9785	0.02331673954815761
9826	0.023998229442247082
9891	0.02343342869954342
10023	0.02018356771497547
10101	0.032645217759395356
10109	0.03438984439081393
10116	0.015139732469178139
10131	0.01441741172221311
10132	0.02370687250406083
10148	0.05733405707964252
10161	0.08828906506516052
10209	0.04351296214404995
10217	0.1137223495787268
10337	0.03226113557550949
10357	0.03985375036689029
10367	0.02181144208109553
10448	0.025993752402936957
10476	0.02129846482064943
10479	0.028427699375464757
10492	0.0396407444843529
10527	0.03726556130472356
10589	0.03877085877178564
10596	0.048711193006708904
10661	0.025319395868457918
10682	0.024847480111004197
10690	0.024401086098906066
10814	0.04061319397608691
10816	0.052058825678072254
10836	0.03877085877178564
10853	0.035187847394329876
10861	0.05465045413960058
10867	0.015828154216680875
10987	0.052058825678072254
11043	0.07596790285300432
11057	0.02235841542864264
11062	0.03877085877178564
11142	0.052058825678072254
11175	0.011498580986843246
11180	0.025819929602738215
11199	0.02370687250406083
11230	0.042988377155716226
11291	0.06978075625018847
11305	0.038238720104779494
11512	0.048711193006708904
11514	0.030953540412834667
11516	0.01295545439692072
11519	0.06745982153189731
11535	0.03444279367567184
11544	0.019507908710849325
11555	0.048711193006708904
11567	0.0265007056364604
11578	0.03798395142650216
11592	0.006571783695648711
11658	0.019357250853108736
11663	0.014680932326949829
11686	0.02774871877026941
11689	0.05733405707964252
11699	0.019760076014506345
11721	0.03542322610042229
11775	0.010028772641870994
11846	0.042988377155716226
11857	0.014770675363229941
11876	0.02580870628276879
11955	0.052058825678072254
11984	0.03726556130472356
12057	0.023190687053153473
12094	0.042988377155716226
12193	0.010445581802073924
12329	0.016923303880580935
12387	0.016088626230102862
12427	0.10316953317244182
12476	0.045409767048944165
12488	0.05513332614694763
12517	0.024547218728773353
12520	0.03952015202901269
12534	0.02384112388558596
12537	0.03165947093789803
12566	0.008716237503659394
12581	0.024456032596586824
12600	0.03027003457976602
12612	0.013955107465318854
12621	0.042988377155716226
12643	0.022246083382243775
12666	0.04858548098458781
12670	0.02653831972451682
12674	0.06272958709191505
12719	0.030374093025958015
12766	0.013143567391297422
