116
t_index	tf-idf
3	0.02891240291078272
56	0.04474372562194715
190	0.03755009811218465
279	0.06467157815605624
393	0.041672143289359545
433	0.03766714310672628
447	0.12119180319853248
847	0.055626982531220164
872	0.034053390261784965
1006	0.0502160348653474
1075	0.07260957416915625
1116	0.035762767749605136
1157	0.07046936725754104
1645	0.060709078176791505
1675	0.05274385418986007
1947	0.07389361770237911
1981	0.05226050621948085
2109	0.03950789701298225
2139	0.07389361770237911
2157	0.036636999300721215
2199	0.17321777571059832
2453	0.06423911289924758
2464	0.0361952330064138
2581	0.23543185642220638
2584	0.10404606284940872
2664	0.04816018641817039
2729	0.09330377550077582
2781	0.21966021231476876
2801	0.03196421494255156
2891	0.021101047365896925
2918	0.07109980441552026
3257	0.1890055768229391
3305	0.050000940324426354
3365	0.03223273302714905
3388	0.060000685875534046
3432	0.043931709184414046
3817	0.23417239325052824
3865	0.12119180319853248
3889	0.11014355471173641
4046	0.11528242765877805
4099	0.08327604778667952
4148	0.043459473651939064
4640	0.03143748503215123
4826	0.12119180319853248
4875	0.09271545804889002
4876	0.12119180319853248
5113	0.0784772854740688
5272	0.1295206002335993
5429	0.08327604778667952
5556	0.0445787340444241
6071	0.060709078176791505
6073	0.06649867879430207
6348	0.03821034735894304
6473	0.21396779672012353
6523	0.3989920727658124
6554	0.01577632901750555
6909	0.02680187958180545
6933	0.0596554451275579
6959	0.028308202265654413
7001	0.023665080498870346
7012	0.0802646158366483
7206	0.034317051805931524
7281	0.04315057548560394
7366	0.03802233364465963
7567	0.10378716894939054
7628	0.08438666101382321
7754	0.036861497064953654
7769	0.03382443009229546
7780	0.18432832647041222
7946	0.05298986121361283
8037	0.06490403268149268
8167	0.03523468362877052
8505	0.05031137659462841
8565	0.08556077148152907
8733	0.1295206002335993
8745	0.09646058731226714
8777	0.03143748503215123
8892	0.060000685875534046
8909	0.10378716894939054
9026	0.03875168863879161
9085	0.05132664809249109
9176	0.09862483358864445
9294	0.07935151702518489
9307	0.041672143289359545
9319	0.0669820267646813
9426	0.040293011977618365
9465	0.08438666101382321
9495	0.020583605875715914
9522	0.04916240181611378
9538	0.06299380187164105
9580	0.03152434072589159
9891	0.024986391105200415
9923	0.12847822579849516
9998	0.02512741401396846
10101	0.08122019933950252
10228	0.030422891603724803
10477	0.03826258598537573
11065	0.13700860777783358
11110	0.09271545804889002
11180	0.12847822579849516
11201	0.07605786397875641
11245	0.10695363062371124
11516	0.03223273302714905
11682	0.05479970263703708
11765	0.08954899637456933
11876	0.012842237931636191
11889	0.019489135157037575
12156	0.09450278841146954
12188	0.026054839402797146
12233	0.1295206002335993
12444	0.1295206002335993
12445	0.070148488439002
12467	0.04916240181611378
12564	0.07463598018992114
12739	0.025141740591333714
12829	0.01308908963499369
