525
t_index	tf-idf
1	0.025414391089207015
3	0.022569601396023986
16	0.013671464792820595
17	0.019770413172156755
56	0.017463924658503487
189	0.014656179726547968
191	0.021495066787219106
240	0.019857089597990076
277	0.015623313569433436
355	0.015623313569433436
375	0.030630471242000374
394	0.024431428038214048
464	0.03688538569141572
604	0.03230893488355943
612	0.016962668240201234
645	0.04528475311286375
721	0.022642376556431875
854	0.06091533206137557
864	0.02653493124656494
872	0.013291379598634072
918	0.014343480265596991
960	0.029394569507271987
982	0.02276668123713017
983	0.045621466995937186
991	0.020397799480170977
1012	0.04409643306854577
1023	0.013752450242034102
1100	0.016842102189228932
1105	0.033329171810179185
1156	0.02857852764093736
1165	0.032092232737781876
1203	0.010195538179680321
1206	0.018208699466235486
1207	0.022163578111643344
1243	0.058789139014543974
1273	0.030058307094548882
1317	0.02653493124656494
1320	0.02653493124656494
1350	0.029988729529430984
1358	0.021711768932996655
1382	0.03764953422899882
1412	0.04730237571565119
1441	0.04320683572021576
1462	0.030630471242000374
1465	0.020977629755348
1466	0.02832398272834711
1475	0.017998622173471923
1489	0.050553188693214866
1497	0.031246627138866872
1504	0.044995887201997924
1507	0.03821760316499502
1517	0.03849426124687058
1555	0.03805962176291983
1556	0.04174507422443425
1627	0.025241965275906685
1676	0.03388128421956405
1682	0.04730237571565119
1737	0.011527773573998
1840	0.018279966524838112
1878	0.050553188693214866
1881	0.050553188693214866
1888	0.023284118269001272
1894	0.019857089597990076
1900	0.04730237571565119
1944	0.04466174202548725
1950	0.044995887201997924
2027	0.11548278374061176
2057	0.03462324075889151
2069	0.01227036556350195
2109	0.015420328264131063
2149	0.050553188693214866
2157	0.028599576213546272
2167	0.029868541772048972
2219	0.020586455038491377
2244	0.02715998722719694
2277	0.016209570691689754
2294	0.02775096642685303
2314	0.03618777273321731
2349	0.0411355657879127
2375	0.03943858571078098
2402	0.04730237571565119
2436	0.023021226149720426
2464	0.014127362293472808
2490	0.03849426124687058
2502	0.050553188693214866
2506	0.023055547147996
2509	0.028077271222635113
2601	0.03170105802092526
2631	0.019599821815174258
2642	0.022519969731418173
2645	0.021284067996689787
2685	0.04949175952956555
2702	0.016548388345099942
2712	0.023021226149720426
2809	0.025073169750783435
2813	0.014343480265596991
2842	0.03688538569141572
2872	0.02107848003228256
2898	0.041756064618618735
2909	0.015635102998380692
2928	0.022163578111643344
2942	0.03688538569141572
2990	0.026737916551867313
2992	0.01872140780949879
2996	0.02398173122719968
3005	0.0325034762793903
3016	0.11187675388748969
3071	0.050553188693214866
3103	0.05768283952043641
3134	0.04730237571565119
3167	0.013324960726309025
3184	0.034951870998488926
3193	0.013164106318281852
3227	0.12523522267330275
3238	0.032530110564005656
3285	0.021388873296956424
3300	0.02012288713179886
3346	0.02737965826443671
3355	0.04050917248970586
3432	0.01714698650260731
3433	0.01391691736922136
3493	0.04730237571565119
3546	0.028077271222635113
3547	0.034398721251435144
3553	0.04730237571565119
3587	0.026737916551867313
3591	0.04174507422443425
3621	0.02427870930071573
3659	0.07151180404816515
3688	0.028841419760218204
3717	0.050553188693214866
3729	0.022519969731418173
3737	0.0619433851608479
3780	0.050553188693214866
3808	0.014387411834705049
3854	0.03339522684145746
3869	0.021284067996689787
3900	0.04016142433662655
3901	0.020878032309309368
3981	0.021982173707766006
3988	0.025241965275906685
4011	0.033329171810179185
4035	0.03943858571078098
4087	0.021495066787219106
4130	0.029967867263785808
4135	0.025414391089207015
4144	0.021180615060650373
4158	0.026946174788173363
4174	0.050553188693214866
4187	0.029686146778089978
4209	0.01779390914673153
4222	0.021284067996689787
4248	0.022280623859023588
4298	0.01308882415669801
4344	0.03670374551683266
4353	0.033096776690199885
4357	0.034398721251435144
4358	0.01779390914673153
4419	0.026336958439895426
4426	0.013631276782348897
4428	0.02614375652970832
4436	0.023284118269001272
4442	0.034047276099256424
4501	0.04342353786599331
4555	0.03339522684145746
4587	0.01752860586376065
4608	0.08641367144043152
4620	0.033764821082083445
4622	0.04320683572021576
4636	0.02355592366468886
4644	0.022214568827745314
4708	0.025954419892422857
4717	0.1029322751924569
4726	0.026336958439895426
4751	0.04174507422443425
4765	0.02012288713179886
4769	0.04855741860143146
4783	0.021602685735980003
4803	0.04730237571565119
4828	0.019944713325921987
4856	0.021180615060650373
4920	0.029963143713728085
4949	0.026227459846668598
4968	0.021495066787219106
4970	0.013355463642862735
4994	0.03388128421956405
5021	0.034951870998488926
5023	0.050553188693214866
5058	0.03618777273321731
5091	0.01391691736922136
5230	0.030630471242000374
5240	0.02715998722719694
5278	0.03339522684145746
5324	0.04796346245439936
5342	0.05768283952043641
5347	0.028077271222635113
5369	0.04005912771014961
5411	0.0476745360321101
5448	0.039031736519133005
5450	0.01779390914673153
5525	0.04050917248970586
5548	0.010542438834982383
5578	0.021180615060650373
5605	0.03849426124687058
5625	0.04730237571565119
5633	0.04730237571565119
5669	0.14190712714695358
5769	0.04216975533992953
5816	0.029113225155905798
5836	0.032092232737781876
5856	0.03849426124687058
5882	0.03479905358356734
5915	0.024745879764782774
5945	0.034398721251435144
6034	0.04320683572021576
6084	0.050553188693214866
6211	0.034951870998488926
6248	0.03554603102064792
6271	0.050553188693214866
6379	0.02398173122719968
6387	0.050553188693214866
6388	0.011906623167286549
6391	0.03114416683750869
6428	0.07549650618798842
6484	0.025241965275906685
6553	0.04174507422443425
6554	0.01231531874110797
6556	0.015370374885698016
6559	0.013875483213426515
6569	0.048862856076428096
6580	0.016842102189228932
6603	0.03098157372399554
6625	0.01184222530056673
6665	0.017929802083086702
6692	0.025414391089207015
6696	0.01678249231387393
6708	0.03667000789993326
6726	0.01547059483193512
6745	0.029113225155905798
6749	0.03554603102064792
6763	0.060368661395396574
6769	0.024587112372676856
6770	0.0834901484488685
6777	0.01910880158249751
6797	0.03849426124687058
6805	0.03838371380159818
6813	0.03618777273321731
6834	0.03764953422899882
6947	0.01752884397111482
6959	0.02209795025841893
6985	0.026404028298390936
7001	0.018473436314251496
7033	0.023284118269001272
7059	0.03618777273321731
7060	0.1475415427656629
7089	0.03618777273321731
7103	0.022519969731418173
7112	0.025955100971387916
7119	0.021180615060650373
7136	0.02857852764093736
7187	0.02968099597790808
7206	0.013394289342476717
7215	0.012940347852300941
7229	0.050553188693214866
7231	0.044995887201997924
7246	0.050553188693214866
7321	0.016548388345099942
7343	0.5034747694162179
7377	0.018068038116207906
7378	0.044995887201997924
7384	0.03764953422899882
7387	0.04730237571565119
7406	0.04730237571565119
7448	0.029394569507271987
7450	0.04174507422443425
7472	0.03670374551683266
7497	0.06126094248400075
7531	0.016490915043055943
7652	0.04730237571565119
7658	0.03943858571078098
7700	0.015271392254375534
7726	0.009543758289635721
7731	0.025073169750783435
7761	0.03388128421956405
7779	0.020586455038491377
7793	0.03943858571078098
7811	0.008033987720448324
7821	0.009076133563900968
7826	0.04683773838783257
7862	0.013671464792820595
7873	0.044995887201997924
7944	0.021934491346601356
7946	0.020682474046040754
7962	0.044995887201997924
7975	0.016154467441779716
8011	0.03554603102064792
8021	0.03641739893247097
8036	0.026424343406341828
8037	0.006333173651875425
8089	0.02838099805699379
8097	0.050553188693214866
8098	0.024587112372676856
8109	0.06416661989086928
8112	0.07042414541682018
8131	0.016902158584664366
8210	0.03132808420019878
8278	0.029394569507271987
8292	0.021180615060650373
8298	0.02760551802548982
8306	0.026946174788173363
8321	0.030303181255999716
8343	0.03339522684145746
8373	0.04174507422443425
8379	0.1405132151634977
8380	0.04050917248970586
8386	0.012136178476366426
8388	0.05566766947688544
8397	0.02614375652970832
8414	0.016433850807126074
8452	0.03764953422899882
8455	0.050553188693214866
8505	0.019637034647897296
8508	0.03688538569141572
8524	0.025770782708981844
8592	0.030303181255999716
8604	0.05475931652887342
8617	0.03339522684145746
8651	0.047113362278843086
8671	0.02832398272834711
8684	0.04730237571565119
8719	0.0787582612669245
8721	0.06879744250287029
8730	0.0834901484488685
8731	0.06792712966929564
8734	0.04320683572021576
8749	0.04050917248970586
8777	0.01227036556350195
8805	0.019184113152142405
8844	0.02383726801605505
8865	0.01714698650260731
8877	0.01643148701266987
8879	0.02558914253439878
8922	0.023418869193916284
8948	0.027837925350240524
8974	0.06418446547556375
8993	0.02857852764093736
8997	0.019857089597990076
9000	0.034047276099256424
9026	0.04537551766447144
9067	0.022280623859023588
9068	0.014213111680939817
9151	0.04730237571565119
9154	0.030303181255999716
9168	0.03554603102064792
9186	0.06908904941195146
9199	0.04050917248970586
9232	0.044995887201997924
9263	0.03764953422899882
9267	0.025241965275906685
9269	0.023418869193916284
9274	0.0325034762793903
9339	0.020586455038491377
9353	0.029394569507271987
9374	0.04730237571565119
9381	0.03627612063878551
9395	0.04174507422443425
9495	0.008033987720448324
9501	0.04050917248970586
9502	0.02239940368044587
9522	0.019188578273565834
9541	0.019857089597990076
9553	0.032199480652398645
9580	0.012304266211482404
9587	0.02760551802548982
9593	0.030303181255999716
9641	0.032936959755653646
9662	0.02760551802548982
9665	0.025073169750783435
9692	0.04604245229944085
9693	0.032936959755653646
9741	0.04050917248970586
9783	0.018138060319392756
9820	0.02742371052527513
9826	0.011652078254696293
9840	0.023695361810609692
9891	0.026006503820509366
9895	0.09460475143130238
9943	0.03688538569141572
9997	0.019029810881459917
9998	0.019614963175427824
10116	0.014701863561273776
10120	0.020397799480170977
10155	0.02614375652970832
10180	0.03097169258042395
10184	0.025073169750783435
10185	0.04479880736089174
10189	0.024587112372676856
10190	0.020305110687125188
10191	0.021711768932996655
10211	0.013472509390242979
10217	0.01227036556350195
10228	0.03562307873178043
10245	0.032936959755653646
10286	0.050553188693214866
10324	0.03849426124687058
10364	0.04730237571565119
10372	0.028841419760218204
10403	0.015521178541065621
10444	0.04174507422443425
10541	0.017272262352987865
10559	0.029988729529430984
10619	0.053892349576346726
10660	0.018208699466235486
10671	0.019599821815174258
10695	0.11810798270813849
10696	0.01739952679178367
10746	0.02355592366468886
10771	0.021284067996689787
10773	0.014256332762980896
10792	0.024128845286873035
10831	0.021934491346601356
10851	0.04320683572021576
10853	0.01708507506521494
10860	0.050553188693214866
10873	0.00997027468753089
10884	0.0325034762793903
10896	0.029394569507271987
10916	0.03388128421956405
10920	0.08332292952544798
10945	0.044995887201997924
10948	0.017311620379445756
10952	0.034398721251435144
10960	0.050553188693214866
10974	0.02239940368044587
10976	0.014610754725135672
11013	0.03388128421956405
11021	0.02857852764093736
11032	0.020305110687125188
11046	0.019432784704643453
11049	0.029394569507271987
11064	0.02398173122719968
11071	0.026336958439895426
11072	0.044995887201997924
11135	0.05431997445439388
11148	0.04050917248970586
11175	0.011166020876589711
11187	0.06879744250287029
11194	0.02427870930071573
11197	0.02760551802548982
11199	0.023021226149720426
11239	0.034398721251435144
11250	0.03170105802092526
11265	0.02832398272834711
11308	0.03388128421956405
11374	0.04342353786599331
11401	0.029774494683658163
11404	0.03699529868703576
11546	0.03339522684145746
11553	0.021934491346601356
11567	0.012867128244765803
11576	0.03943858571078098
11592	0.019145146873168456
11636	0.010991086853883003
11660	0.025954419892422857
11663	0.014256332762980896
11671	0.03688538569141572
11680	0.034398721251435144
11699	0.019188578273565834
11710	0.05014633950156687
11718	0.025414391089207015
11727	0.04730237571565119
11730	0.04050917248970586
11747	0.034951870998488926
11775	0.01947744418443167
11786	0.034951870998488926
11791	0.029113225155905798
11814	0.02239940368044587
11857	0.028686960531193982
11867	0.04528475311286375
11876	0.005012454205973876
12068	0.02832398272834711
12080	0.050553188693214866
12113	0.04730237571565119
12166	0.05118121356530908
12183	0.019770413172156755
12188	0.01016946501425591
12193	0.030430429094739146
12202	0.02653493124656494
12263	0.04730237571565119
12275	0.04730237571565119
12283	0.04730237571565119
12293	0.044995887201997924
12304	0.0325034762793903
12329	0.03286770161425215
12380	0.029988729529430984
12420	0.019269156753854502
12434	0.04289936432031941
12489	0.02742371052527513
12506	0.050553188693214866
12520	0.03837715654713167
12534	0.023151594734377598
12537	0.010247940270161555
12555	0.02490785479497993
12581	0.023748719154520287
12584	0.030840656528262126
12588	0.06060636251199943
12590	0.01733564206092771
12591	0.03518858648632132
12624	0.014981571856864042
12643	0.021602685735980003
12646	0.0325034762793903
12649	0.06785067296080494
12666	0.015726766505472847
12667	0.030303181255999716
12670	0.025770782708981844
12674	0.020305110687125188
12677	0.04320683572021576
12698	0.03790318166738732
12719	0.029495618391816497
12758	0.029113225155905798
12766	0.01276343124877897
12783	0.050553188693214866
12829	0.020435211601763
12867	0.06416661989086928
12868	0.05125522519564482
