30
t_index	tf-idf
2109	0.1429436606750949
2120	0.21708869189486338
2294	0.1286232257958213
2396	0.21221345608988992
2918	0.1286232257958213
3193	0.12202889033357353
4083	0.18908392074858912
4128	0.21104302721157198
4182	0.20228930981825385
4200	0.13095809942059633
4260	0.13135447741483752
4442	0.15780605309693857
4878	0.16557350979089303
6348	0.06912449586166887
6603	0.09573119944285023
7632	0.22505925454151424
7826	0.21708869189486338
8036	0.16329926370522924
8719	0.12167914522812866
8917	0.15129204408025773
8940	0.30130136041588185
9656	0.3568348561301649
9678	0.2839389416708684
9891	0.03013444974864425
10155	0.2423479058385342
10367	0.19634047993400605
11465	0.17862160631983157
11544	0.08780235952662312
11623	0.09212852171623807
11636	0.1018853919826382
