264
t_index	tf-idf
16	0.014048031041409219
34	0.020677151084698264
91	0.0138840788693676
185	0.02326603721958657
278	0.01643186048648514
355	0.016053641458252985
364	0.06595235968061569
498	0.029104137311834293
569	0.024947441043838482
578	0.02648061205901682
618	0.07348152215725641
632	0.017183948852489563
634	0.020494069667040753
637	0.0486052703536805
738	0.013683623122436457
862	0.10389124717308106
872	0.006828738398346941
880	0.02022685733223277
1022	0.020053412510297703
1031	0.034315063558519245
1035	0.034315063558519245
1129	0.03718452721632738
1157	0.042393741451241876
1171	0.0182150834700947
1263	0.08879384595532194
1264	0.0486052703536805
1271	0.03339875065664993
1291	0.097210540707361
1301	0.008697284015891475
1589	0.021870315466267994
1627	0.025937228900909333
1756	0.030503820750607317
1867	0.02339376574315773
1994	0.04289489878500393
1999	0.040988139334081505
2016	0.04289489878500393
2057	0.026682676379555566
2233	0.016599425410416153
2261	0.02449384071908547
2279	0.03339875065664993
2296	0.04289489878500393
2297	0.08578979757000786
2430	0.013259072177556125
2431	0.022197709199106564
2493	0.057367886419065026
2506	0.011845294082233454
2588	0.028850630394833345
2626	0.02125215123726163
2635	0.021453095949070727
2648	0.029104137311834293
2662	0.06438196725538675
2716	0.018353545968791896
2737	0.045548101541331217
2762	0.017429887257480226
2853	0.028365883247559027
2891	0.025388402966950583
2894	0.02648061205901682
2896	0.031137850800104845
2909	0.008032877807366511
2991	0.02115348748622544
3000	0.036157819425665816
3123	0.03339875065664993
3157	0.028850630394833345
3202	0.025593915695013205
3308	0.07069239635224875
3318	0.014829088432161325
3343	0.021453095949070727
3432	0.017619282374317955
3475	0.027062382510339874
3552	0.029104137311834293
3624	0.026295473374587784
3650	0.032976179840307845
3656	0.03718452721632738
3871	0.014604597028528416
4027	0.04052488044918741
4130	0.010264433644485843
4136	0.018931911450137253
4143	0.02420474703079298
4158	0.027688379087973364
4182	0.02242343084611423
4222	0.021870315466267994
4254	0.030503820750607317
4260	0.014560423599672091
4280	0.025937228900909333
4292	0.029365693398741562
4356	0.04289489878500393
4358	0.0182840238284173
4417	0.04045371466446554
4419	0.027062382510339874
4429	0.02339376574315773
4438	0.04623525201786397
4457	0.007455188540808016
4620	0.03469483788729243
4636	0.02420474703079298
4641	0.3164363644171513
4673	0.022774050770665608
4709	0.021453095949070727
4726	0.027062382510339874
4734	0.022197709199106564
4752	0.036525109397142694
4895	0.011088953677557212
4903	0.06679750131329985
4907	0.05194562358654053
4923	0.03718452721632738
4949	0.017966578594991924
4985	0.03448949714610239
4990	0.018652252406576492
5024	0.025593915695013205
5193	0.29163162212208293
5314	0.04116997790738705
5332	0.020959635607177986
5369	0.020581257315583343
5484	0.020217977886727485
5508	0.024063917537468452
5548	0.032498457974400166
5595	0.036525109397142694
5725	0.017004196454452964
5787	0.03955454555214391
5788	0.030204212287762024
5885	0.02040403243484908
6017	0.05152756815794852
6018	0.022197709199106564
6048	0.03257423062357856
6127	0.15160542078547973
6179	0.036525109397142694
6246	0.019473592650849213
6379	0.12321141509406908
6388	0.012234578692711887
6402	0.2077824943461621
6546	0.05194562358654053
6554	0.00632726568007495
6587	0.04461959395818543
6630	0.04578864084233225
6668	0.2829321693500841
6755	0.015692026837362975
6760	0.013259072177556125
6777	0.019635133605875446
6797	0.03955454555214391
6798	0.01260833999411932
6828	0.017367710926547986
6909	0.021498361583520326
6985	0.013565649869091931
7001	0.02847340179529073
7030	0.06294831129530164
7136	0.029365693398741562
7179	0.020314968597204972
7247	0.02135201094166332
7293	0.05194562358654053
7296	0.015154022229256391
7340	0.028600488706406357
7407	0.0486052703536805
7501	0.011473577283813005
7591	0.024140271226710093
7754	0.014783698098364195
7765	0.03955454555214391
7808	0.050139177832313
7862	0.028096062082818438
7908	0.03868655140898441
7926	0.045311023357764935
7944	0.045077308098893966
7946	0.08500860494904652
7955	0.027474384595606104
7958	0.02790808076778312
7995	0.07737310281796882
8010	0.023655321830065006
8036	0.00905072480153659
8041	0.02326603721958657
8089	0.029162723068284123
8309	0.029365693398741562
8370	0.24484838921818894
8386	0.02494091372705117
8396	0.07580271039273986
8505	0.006725972100169666
8539	0.018710239114955406
8543	0.030204212287762024
8565	0.10294519067555771
8589	0.023523505822041962
8672	0.030204212287762024
8775	0.018710239114955406
8777	0.01260833999411932
8800	0.027265808271631286
8865	0.017619282374317955
8877	0.022512100262215878
8880	0.018078909712832908
8929	0.02339376574315773
8933	0.019717107662751723
8964	0.03257423062357856
8991	0.023655321830065006
9008	0.01979990559329675
9063	0.03257423062357856
9068	0.014604597028528416
9115	0.035346198176124374
9122	0.11155358164898213
9135	0.024793449181930757
9212	0.025937228900909333
9233	0.03384417398346734
9235	0.02339376574315773
9261	0.030788447278136604
9280	0.019635133605875446
9364	0.02392545503877126
9372	0.025593915695013205
9381	0.018637654286436774
9391	0.029104137311834293
9449	0.04928456603762763
9476	0.027062382510339874
9484	0.06040842457552405
9495	0.00825527553875767
9500	0.05194562358654053
9509	0.048696051710226666
9541	0.02040403243484908
9629	0.5105858984560625
9704	0.02040403243484908
9891	0.0534456517257605
9896	0.04439692297766097
9928	0.05194562358654053
9998	0.0050388092230836045
10133	0.020314968597204972
10178	0.03365656496154085
10179	0.020053412510297703
10228	0.012201426435725037
10240	0.0486052703536805
10367	0.021764013026929544
10420	0.028365883247559027
10477	0.015345619812286562
10558	0.013644110697802773
10658	0.050854958462856564
10695	0.02022685733223277
10773	0.014649008590226999
10873	0.010244895512246997
11175	0.02294715456762601
11176	0.032976179840307845
11364	0.026863859054901996
11385	0.05194562358654053
11395	0.08879384595532194
11404	0.019007147815448572
11459	0.06595235968061569
11481	0.018353545968791896
11516	0.02585456543552043
11536	0.019159713744900334
11567	0.07932923928876418
11636	0.022587649771552816
11682	0.021978007519296808
11777	0.02125215123726163
11876	0.0051505170328303715
12013	0.0486052703536805
12055	0.008784232841395147
12193	0.03126860354793786
12581	0.024402852871450074
12624	0.030788447278136604
12638	0.017555665650910015
12643	0.04439541839821313
12649	0.017429887257480226
12666	0.016159943897591435
12698	0.019473592650849213
12709	0.05194562358654053
12739	0.0201667285468474
12748	0.02466968703491417
12766	0.02622997331959589
12786	0.029635826607447815
12787	0.03718452721632738
12792	0.080591577164706
12829	0.005249519551666588
12839	0.015541779668585068
12886	0.0486052703536805
