104
t_index	tf-idf
44	0.041547205864692495
355	0.09161600855609997
356	0.055339481331337925
435	0.10422198426889705
469	0.050458395878689895
510	0.1386919247005202
677	0.1081490106462203
817	0.0671227682599619
872	0.01948535343701404
1085	0.12239775705466713
1086	0.14822340175380813
1203	0.02989361088326122
1524	0.08304673117039597
1716	0.04129712356082091
1739	0.12239775705466713
1944	0.04364983694989777
2109	0.09042569106137024
2351	0.07351525411710802
2430	0.0756677712794217
2584	0.059535167945543546
3167	0.019534583852615684
3270	0.1931442247110523
3433	0.0408048015904784
3817	0.05359738707483173
3824	0.05027545709662058
3825	0.07722071886503809
4025	0.12239775705466713
4052	0.08304673117039597
4344	0.05380821821770873
4369	0.12185310243837014
4389	0.1128662800013792
4429	0.06675256352454294
4640	0.035977064387021564
4708	0.03804955242633355
4921	0.05277247735297846
5086	0.05511452731939205
5131	0.07780118082239121
5434	0.1128662800013792
5450	0.052172252876716056
5484	0.028845331445116223
5548	0.03091073357183256
5623	0.1319292341079551
5654	0.08304673117039597
5690	0.05101591248052863
5794	0.25993699132849724
5795	0.07255563047438643
6266	0.2638584682159102
6391	0.045657796004302954
6455	0.1319292341079551
6612	0.03882035967353901
6779	0.07255563047438643
6933	0.06826970376910327
6939	0.14822340175380813
7103	0.06602919830122629
7196	0.1319292341079551
7252	0.1319292341079551
7321	0.09704070019951094
7340	0.0816096031809568
7377	0.052976006891554454
7454	0.08456387141495629
7811	0.047111765661302506
7936	0.1319292341079551
8319	0.33517225667100337
8343	0.09791576461813335
8355	0.09185484300036727
8505	0.05757634980322012
8616	0.1386919247005202
8719	0.03848691415570907
8777	0.035977064387021564
8814	0.12668368375995034
8855	0.08884979812023948
9068	0.04167325182275682
9085	0.17621468014744593
9182	0.12668368375995034
9245	0.1128662800013792
9495	0.023555882830651253
9502	0.06567569517564528
9515	0.07255563047438643
9522	0.0562614628285334
9580	0.03607646206094111
9800	0.0671227682599619
9840	0.06947548164903876
9891	0.009531477053287949
10099	0.04768960941796704
10169	0.06431255885485006
10255	0.16912774282991258
10415	0.1061035894088141
10454	0.1386919247005202
10520	0.07963386291684971
10636	0.05673637827097355
10696	0.05101591248052863
10699	0.06532742932642728
10873	0.014616565925979519
10976	0.042839152653506206
10984	0.0562614628285334
11016	0.04270671559978656
11228	0.09657211235552615
11432	0.07780118082239121
11454	0.03915860313298333
11537	0.045657796004302954
11876	0.02939331950169743
12207	0.12668368375995034
12327	0.1102290546387841
12591	0.051586973312038355
