90
t_index	tf-idf
1	0.067590844629306
15	0.06748316888372448
145	0.12580303483845523
185	0.060218533290532596
189	0.07795768651541575
222	0.058335877158221874
277	0.04155098410030223
319	0.04560326849816728
336	0.10773617098291449
393	0.216288641461846
492	0.12580303483845523
519	0.11491074131338452
1235	0.057743535756038425
1257	0.10488889188098743
1465	0.05579105588278229
1840	0.0486164855523123
2130	0.13078131098491272
2664	0.04999263522687609
2767	0.10237741372297142
2848	0.11491074131338452
3162	0.2722379963296673
3238	0.08651545658473839
3671	0.2013968086561834
3809	0.03745930763646298
3883	0.08237076598695653
3917	0.07467290757282624
3987	0.08644462137224285
4426	0.07250612519975654
4457	0.019295959818799863
4695	0.058335877158221874
4708	0.03451353912503397
4798	0.12529631506268413
4960	0.09010897052333688
5012	0.11914466954095825
5436	0.14008891731232148
5769	0.05607628707751107
6230	0.08644462137224285
6554	0.049129809524186115
6560	0.061572824511877816
6601	0.03849965636711571
6724	0.0695306285097801
6815	0.11491074131338452
6826	0.12176985750389363
6827	0.04224560315186939
7083	0.07004445865616074
7109	0.058335877158221874
7175	0.09809852868831008
7441	0.07895179260748757
7486	0.07467290757282624
7501	0.029696591177337993
7521	0.22982148262676905
7846	0.09809852868831008
8073	0.08881627660794018
8103	0.08815590646851479
8665	0.045113064857525136
8666	0.06378061404775551
8926	0.09453644793108716
9099	0.07895179260748757
9306	0.04527521711612508
9783	0.048239078899108445
10116	0.03910034170180535
10152	0.07600602409605856
10161	0.1520120481921171
10194	0.225987147497059
10209	0.07491861527292595
10217	0.03263365112452611
10226	0.07532904916568633
10460	0.06457044209261702
10473	0.26673339763141213
10503	0.1245673086184829
10589	0.10013081995573396
11012	0.08881627660794018
11261	0.19619705737662016
11544	0.025190864436828466
11567	0.0684415426649088
11612	0.19617196647736904
11627	0.050610734134805796
11696	0.06497660521578608
11872	0.06902888961365113
11876	0.013330872742859911
11889	0.020230678019665358
12112	0.09453644793108716
12290	0.21670003468078564
12659	0.08651545658473839
12660	0.12580303483845523
12665	0.0814632707655036
12666	0.04182612235963495
12718	0.09918060811946536
12719	0.11766760924757463
12829	0.027174233832585038
