48
t_index	tf-idf
3	0.07240727330005037
15	0.08140397411074485
357	0.13931039005730794
433	0.09433235742379886
497	0.13028477314353049
817	0.1468892242567279
1105	0.10692587829881292
1167	0.15981760756978192
1944	0.1910436906794756
2025	0.18015370455723925
2057	0.11107748037606667
2891	0.05284477074612142
3115	0.09991599587147003
3181	0.09704845767284857
3193	0.1689311259359099
3442	0.15877831847703475
3817	0.11729073179935733
3946	0.11729073179935733
4587	0.05623486800124762
5131	0.17025750566481399
5369	0.06425838359691652
5484	0.0631241599421443
5794	0.2844187151518745
5795	0.15877831847703475
6612	0.0849531785657099
6933	0.14939913961894583
7001	0.05926605120428603
7187	0.09522188495401118
7366	0.19044376990802236
7779	0.13208997802804262
7794	0.24699279758451737
8319	0.18336994305756205
8505	0.0419993869808542
8905	0.11460613694706562
9085	0.25708154714615516
9220	0.241572730213921
9495	0.10309781450836433
9668	0.1452814977736414
9800	0.1468892242567279
9998	0.03146413564184235
10348	0.1619613786076822
10873	0.031986404700253226
10948	0.055538740188033335
11536	0.119640138262566
11640	0.13396084094367391
11667	0.1904768192640956
11746	0.13861047367684234
12591	0.22578241893154422
